Timestep,0
0,87.74214989756695
0,87.74214989756695
0,87.74214989756695
0,87.74214989756695
0,87.74214989756695
1,87.80770573519557
1,87.80770573519557
1,87.80770573519557
1,87.80770573519557
1,87.80770573519557
2,91.35199455477431
2,91.35199455477431
2,91.35199455477431
2,91.35199455477431
2,91.35199455477431
3,91.26154384280518
3,91.26154384280518
3,91.26154384280518
3,91.26154384280518
3,91.26154384280518
4,87.5615186223246
4,87.5615186223246
4,87.5615186223246
4,87.5615186223246
4,87.5615186223246
5,87.54020576119021
5,87.54020576119021
5,87.54020576119021
5,87.54020576119021
5,87.54020576119021
6,87.55667707899138
6,87.55667707899138
6,87.55667707899138
6,87.55667707899138
6,87.55667707899138
7,87.4909714405397
7,87.4909714405397
7,87.4909714405397
7,87.4909714405397
7,87.4909714405397
8,71.49395130291448
8,71.49395130291448
8,71.49395130291448
8,71.49395130291448
8,71.49395130291448
9,71.5357134334713
9,71.5357134334713
9,71.5357134334713
9,71.5357134334713
9,71.5357134334713
10,71.5322335240679
10,71.5322335240679
10,71.5322335240679
10,71.5322335240679
10,71.5322335240679
11,67.89478719717592
11,67.89478719717592
11,67.89478719717592
11,67.89478719717592
11,67.89478719717592
12,48.3858885250962
12,48.3858885250962
12,48.3858885250962
12,48.3858885250962
12,48.3858885250962
13,48.41984130895757
13,48.41984130895757
13,48.41984130895757
13,48.41984130895757
13,48.41984130895757
14,64.291222638758
14,64.291222638758
14,64.291222638758
14,64.291222638758
14,64.291222638758
15,64.31719297465148
15,64.31719297465148
15,64.31719297465148
15,64.31719297465148
15,64.31719297465148
16,64.3723034864549
16,64.3723034864549
16,64.3723034864549
16,64.3723034864549
16,64.3723034864549
17,64.38102446009032
17,64.38102446009032
17,64.38102446009032
17,64.38102446009032
17,64.38102446009032
18,48.4450515410854
18,48.4450515410854
18,48.4450515410854
18,48.4450515410854
18,48.4450515410854
19,48.39647127681911
19,48.39647127681911
19,48.39647127681911
19,48.39647127681911
19,48.39647127681911
20,32.460777657226615
20,32.460777657226615
20,32.460777657226615
20,32.460777657226615
20,32.460777657226615
21,64.35623965695511
21,64.35623965695511
21,64.35623965695511
21,64.35623965695511
21,64.35623965695511
22,64.33574256800986
22,64.33574256800986
22,64.33574256800986
22,64.33574256800986
22,64.33574256800986
23,64.31715627613778
23,64.31715627613778
23,64.31715627613778
23,64.31715627613778
23,64.31715627613778
24,48.41771170295596
24,48.41771170295596
24,48.41771170295596
24,48.41771170295596
24,48.41771170295596
25,32.47310708280429
25,32.47310708280429
25,32.47310708280429
25,32.47310708280429
25,32.47310708280429
26,32.455549605766436
26,32.455549605766436
26,32.455549605766436
26,32.455549605766436
26,32.455549605766436
27,32.467497080059175
27,32.467497080059175
27,32.467497080059175
27,32.467497080059175
27,32.467497080059175
28,32.46416162941658
28,32.46416162941658
28,32.46416162941658
28,32.46416162941658
28,32.46416162941658
29,32.45146984900599
29,32.45146984900599
29,32.45146984900599
29,32.45146984900599
29,32.45146984900599
30,32.47565230544531
30,32.47565230544531
30,32.47565230544531
30,32.47565230544531
30,32.47565230544531
31,32.48294488885547
31,32.48294488885547
31,32.48294488885547
31,32.48294488885547
31,32.48294488885547
32,32.483723321781085
32,32.483723321781085
32,32.483723321781085
32,32.483723321781085
32,32.483723321781085
33,32.492138269923984
33,32.492138269923984
33,32.492138269923984
33,32.492138269923984
33,32.492138269923984
34,32.502893417715015
34,32.502893417715015
34,32.502893417715015
34,32.502893417715015
34,32.502893417715015
35,32.506987732802564
35,32.506987732802564
35,32.506987732802564
35,32.506987732802564
35,32.506987732802564
36,32.51577177650555
36,32.51577177650555
36,32.51577177650555
36,32.51577177650555
36,32.51577177650555
37,32.522386144940164
37,32.522386144940164
37,32.522386144940164
37,32.522386144940164
37,32.522386144940164
38,32.51543075436143
38,32.51543075436143
38,32.51543075436143
38,32.51543075436143
38,32.51543075436143
39,32.491987634414436
39,32.491987634414436
39,32.491987634414436
39,32.491987634414436
39,32.491987634414436
40,32.48044557788156
40,32.48044557788156
40,32.48044557788156
40,32.48044557788156
40,32.48044557788156
41,32.47638091977534
41,32.47638091977534
41,32.47638091977534
41,32.47638091977534
41,32.47638091977534
42,36.01928903801341
42,36.01928903801341
42,36.01928903801341
42,36.01928903801341
42,36.01928903801341
43,35.98305829269636
43,35.98305829269636
43,35.98305829269636
43,35.98305829269636
43,35.98305829269636
44,35.9726131607391
44,35.9726131607391
44,35.9726131607391
44,35.9726131607391
44,35.9726131607391
45,35.99138005587627
45,35.99138005587627
45,35.99138005587627
45,35.99138005587627
45,35.99138005587627
46,36.05195656421206
46,36.05195656421206
46,36.05195656421206
46,36.05195656421206
46,36.05195656421206
47,36.09240310794969
47,36.09240310794969
47,36.09240310794969
47,36.09240310794969
47,36.09240310794969
48,36.07637236908481
48,36.07637236908481
48,36.07637236908481
48,36.07637236908481
48,36.07637236908481
49,36.07777374541193
49,36.07777374541193
49,36.07777374541193
49,36.07777374541193
49,36.07777374541193
50,36.06517049971773
50,36.06517049971773
50,36.06517049971773
50,36.06517049971773
50,36.06517049971773
51,36.09254070323903
51,36.09254070323903
51,36.09254070323903
51,36.09254070323903
51,36.09254070323903
52,52.023546514410455
52,52.023546514410455
52,52.023546514410455
52,52.023546514410455
52,52.023546514410455
53,52.062571169892465
53,52.062571169892465
53,52.062571169892465
53,52.062571169892465
53,52.062571169892465
54,36.187973813727126
54,36.187973813727126
54,36.187973813727126
54,36.187973813727126
54,36.187973813727126
55,36.13591732234422
55,36.13591732234422
55,36.13591732234422
55,36.13591732234422
55,36.13591732234422
56,36.15068303185272
56,36.15068303185272
56,36.15068303185272
56,36.15068303185272
56,36.15068303185272
57,55.68203819826307
57,55.68203819826307
57,55.68203819826307
57,55.68203819826307
57,55.68203819826307
58,55.71114586213347
58,55.71114586213347
58,55.71114586213347
58,55.71114586213347
58,55.71114586213347
59,55.70739134343218
59,55.70739134343218
59,55.70739134343218
59,55.70739134343218
59,55.70739134343218
60,55.800783219112894
60,55.800783219112894
60,55.800783219112894
60,55.800783219112894
60,55.800783219112894
61,55.81868385654464
61,55.81868385654464
61,55.81868385654464
61,55.81868385654464
61,55.81868385654464
62,55.8179359238321
62,55.8179359238321
62,55.8179359238321
62,55.8179359238321
62,55.8179359238321
63,55.73052355573634
63,55.73052355573634
63,55.73052355573634
63,55.73052355573634
63,55.73052355573634
64,55.7568819793443
64,55.7568819793443
64,55.7568819793443
64,55.7568819793443
64,55.7568819793443
65,55.76127652646477
65,55.76127652646477
65,55.76127652646477
65,55.76127652646477
65,55.76127652646477
66,55.73774216094607
66,55.73774216094607
66,55.73774216094607
66,55.73774216094607
66,55.73774216094607
67,52.08474748452146
67,52.08474748452146
67,52.08474748452146
67,52.08474748452146
67,52.08474748452146
68,52.09476228900318
68,52.09476228900318
68,52.09476228900318
68,52.09476228900318
68,52.09476228900318
69,36.024212815492
69,36.024212815492
69,36.024212815492
69,36.024212815492
69,36.024212815492
70,52.06552755080539
70,52.06552755080539
70,52.06552755080539
70,52.06552755080539
70,52.06552755080539
71,48.49253776344424
71,48.49253776344424
71,48.49253776344424
71,48.49253776344424
71,48.49253776344424
72,48.50784519181394
72,48.50784519181394
72,48.50784519181394
72,48.50784519181394
72,48.50784519181394
73,48.542594075278636
73,48.542594075278636
73,48.542594075278636
73,48.542594075278636
73,48.542594075278636
74,48.58454410358757
74,48.58454410358757
74,48.58454410358757
74,48.58454410358757
74,48.58454410358757
75,48.49906063600222
75,48.49906063600222
75,48.49906063600222
75,48.49906063600222
75,48.49906063600222
76,32.58381544337402
76,32.58381544337402
76,32.58381544337402
76,32.58381544337402
76,32.58381544337402
77,52.12625068280413
77,52.12625068280413
77,52.12625068280413
77,52.12625068280413
77,52.12625068280413
78,52.126573330122575
78,52.126573330122575
78,52.126573330122575
78,52.126573330122575
78,52.126573330122575
79,48.50729573777358
79,48.50729573777358
79,48.50729573777358
79,48.50729573777358
79,48.50729573777358
80,64.43613020817982
80,64.43613020817982
80,64.43613020817982
80,64.43613020817982
80,64.43613020817982
81,64.41357924778536
81,64.41357924778536
81,64.41357924778536
81,64.41357924778536
81,64.41357924778536
82,48.48351468257325
82,48.48351468257325
82,48.48351468257325
82,48.48351468257325
82,48.48351468257325
83,48.39864089820659
83,48.39864089820659
83,48.39864089820659
83,48.39864089820659
83,48.39864089820659
84,48.409409161476745
84,48.409409161476745
84,48.409409161476745
84,48.409409161476745
84,48.409409161476745
85,52.02703512651145
85,52.02703512651145
85,52.02703512651145
85,52.02703512651145
85,52.02703512651145
86,55.65372286395461
86,55.65372286395461
86,55.65372286395461
86,55.65372286395461
86,55.65372286395461
87,55.653083115107776
87,55.653083115107776
87,55.653083115107776
87,55.653083115107776
87,55.653083115107776
88,55.62145988867735
88,55.62145988867735
88,55.62145988867735
88,55.62145988867735
88,55.62145988867735
89,55.50070583198747
89,55.50070583198747
89,55.50070583198747
89,55.50070583198747
89,55.50070583198747
90,51.85452637821883
90,51.85452637821883
90,51.85452637821883
90,51.85452637821883
90,51.85452637821883
91,51.86351709327156
91,51.86351709327156
91,51.86351709327156
91,51.86351709327156
91,51.86351709327156
92,32.33122997768106
92,32.33122997768106
92,32.33122997768106
92,32.33122997768106
92,32.33122997768106
93,32.3865798000398
93,32.3865798000398
93,32.3865798000398
93,32.3865798000398
93,32.3865798000398
94,32.383474891497215
94,32.383474891497215
94,32.383474891497215
94,32.383474891497215
94,32.383474891497215
95,32.38198510207648
95,32.38198510207648
95,32.38198510207648
95,32.38198510207648
95,32.38198510207648
96,20.05897881918816
96,20.05897881918816
96,20.05897881918816
96,20.05897881918816
96,20.05897881918816
97,20.049697085795007
97,20.049697085795007
97,20.049697085795007
97,20.049697085795007
97,20.049697085795007
98,16.37501960516355
98,16.37501960516355
98,16.37501960516355
98,16.37501960516355
98,16.37501960516355
99,16.367602831073647
99,16.367602831073647
99,16.367602831073647
99,16.367602831073647
99,16.367602831073647
100,16.393084698810124
100,16.393084698810124
100,16.393084698810124
100,16.393084698810124
100,16.393084698810124
101,32.37551563678166
101,32.37551563678166
101,32.37551563678166
101,32.37551563678166
101,32.37551563678166
102,32.379052323342464
102,32.379052323342464
102,32.379052323342464
102,32.379052323342464
102,32.379052323342464
103,32.39835753070279
103,32.39835753070279
103,32.39835753070279
103,32.39835753070279
103,32.39835753070279
104,32.39851805716755
104,32.39851805716755
104,32.39851805716755
104,32.39851805716755
104,32.39851805716755
105,32.35924254943516
105,32.35924254943516
105,32.35924254943516
105,32.35924254943516
105,32.35924254943516
106,32.375149771413035
106,32.375149771413035
106,32.375149771413035
106,32.375149771413035
106,32.375149771413035
107,36.01776599349539
107,36.01776599349539
107,36.01776599349539
107,36.01776599349539
107,36.01776599349539
108,36.035748413979924
108,36.035748413979924
108,36.035748413979924
108,36.035748413979924
108,36.035748413979924
109,36.05026024930116
109,36.05026024930116
109,36.05026024930116
109,36.05026024930116
109,36.05026024930116
110,36.031386140189525
110,36.031386140189525
110,36.031386140189525
110,36.031386140189525
110,36.031386140189525
111,36.06255507210551
111,36.06255507210551
111,36.06255507210551
111,36.06255507210551
111,36.06255507210551
112,20.093428715094348
112,20.093428715094348
112,20.093428715094348
112,20.093428715094348
112,20.093428715094348
113,20.095057474199514
113,20.095057474199514
113,20.095057474199514
113,20.095057474199514
113,20.095057474199514
114,20.09439882093888
114,20.09439882093888
114,20.09439882093888
114,20.09439882093888
114,20.09439882093888
115,20.059262368238315
115,20.059262368238315
115,20.059262368238315
115,20.059262368238315
115,20.059262368238315
116,20.090010806808618
116,20.090010806808618
116,20.090010806808618
116,20.090010806808618
116,20.090010806808618
117,36.16098836113993
117,36.16098836113993
117,36.16098836113993
117,36.16098836113993
117,36.16098836113993
118,20.114319045341745
118,20.114319045341745
118,20.114319045341745
118,20.114319045341745
118,20.114319045341745
119,20.053316653111633
119,20.053316653111633
119,20.053316653111633
119,20.053316653111633
119,20.053316653111633
120,20.020393164629887
120,20.020393164629887
120,20.020393164629887
120,20.020393164629887
120,20.020393164629887
121,20.043469528462353
121,20.043469528462353
121,20.043469528462353
121,20.043469528462353
121,20.043469528462353
122,20.074067696107853
122,20.074067696107853
122,20.074067696107853
122,20.074067696107853
122,20.074067696107853
123,20.1114137662111
123,20.1114137662111
123,20.1114137662111
123,20.1114137662111
123,20.1114137662111
124,20.089291767055915
124,20.089291767055915
124,20.089291767055915
124,20.089291767055915
124,20.089291767055915
125,20.123529193068027
125,20.123529193068027
125,20.123529193068027
125,20.123529193068027
125,20.123529193068027
126,20.14553709048716
126,20.14553709048716
126,20.14553709048716
126,20.14553709048716
126,20.14553709048716
127,20.097663226836424
127,20.097663226836424
127,20.097663226836424
127,20.097663226836424
127,20.097663226836424
128,20.059151707841938
128,20.059151707841938
128,20.059151707841938
128,20.059151707841938
128,20.059151707841938
129,20.039968448579007
129,20.039968448579007
129,20.039968448579007
129,20.039968448579007
129,20.039968448579007
130,20.034529294195288
130,20.034529294195288
130,20.034529294195288
130,20.034529294195288
130,20.034529294195288
131,20.03298602837051
131,20.03298602837051
131,20.03298602837051
131,20.03298602837051
131,20.03298602837051
132,20.04375966642079
132,20.04375966642079
132,20.04375966642079
132,20.04375966642079
132,20.04375966642079
133,20.024694302848257
133,20.024694302848257
133,20.024694302848257
133,20.024694302848257
133,20.024694302848257
134,20.019252660463017
134,20.019252660463017
134,20.019252660463017
134,20.019252660463017
134,20.019252660463017
135,20.01429482313168
135,20.01429482313168
135,20.01429482313168
135,20.01429482313168
135,20.01429482313168
136,20.046319134339097
136,20.046319134339097
136,20.046319134339097
136,20.046319134339097
136,20.046319134339097
137,20.067518944618136
137,20.067518944618136
137,20.067518944618136
137,20.067518944618136
137,20.067518944618136
138,20.105822482170336
138,20.105822482170336
138,20.105822482170336
138,20.105822482170336
138,20.105822482170336
139,0.43711943159916905
139,0.43711943159916905
139,0.43711943159916905
139,0.43711943159916905
139,0.43711943159916905
140,0.4366415070014574
140,0.4366415070014574
140,0.4366415070014574
140,0.4366415070014574
140,0.4366415070014574
141,0.4349101796835666
141,0.4349101796835666
141,0.4349101796835666
141,0.4349101796835666
141,0.4349101796835666
142,0.4459916158700927
142,0.4459916158700927
142,0.4459916158700927
142,0.4459916158700927
142,0.4459916158700927
143,0.44089523662812463
143,0.44089523662812463
143,0.44089523662812463
143,0.44089523662812463
143,0.44089523662812463
144,0.4321761565017601
144,0.4321761565017601
144,0.4321761565017601
144,0.4321761565017601
144,0.4321761565017601
145,0.43337659857922917
145,0.43337659857922917
145,0.43337659857922917
145,0.43337659857922917
145,0.43337659857922917
146,0.4464293128553921
146,0.4464293128553921
146,0.4464293128553921
146,0.4464293128553921
146,0.4464293128553921
147,16.38062987396389
147,16.38062987396389
147,16.38062987396389
147,16.38062987396389
147,16.38062987396389
148,16.32809031327043
148,16.32809031327043
148,16.32809031327043
148,16.32809031327043
148,16.32809031327043
149,0.41142058077775195
149,0.41142058077775195
149,0.41142058077775195
149,0.41142058077775195
149,0.41142058077775195
150,0.43160880327198664
150,0.43160880327198664
150,0.43160880327198664
150,0.43160880327198664
150,0.43160880327198664
151,0.4627842699610107
151,0.4627842699610107
151,0.4627842699610107
151,0.4627842699610107
151,0.4627842699610107
152,0.45728057011138235
152,0.45728057011138235
152,0.45728057011138235
152,0.45728057011138235
152,0.45728057011138235
153,0.44205747882183954
153,0.44205747882183954
153,0.44205747882183954
153,0.44205747882183954
153,0.44205747882183954
154,0.4399443569049817
154,0.4399443569049817
154,0.4399443569049817
154,0.4399443569049817
154,0.4399443569049817
155,0.4266403054926876
155,0.4266403054926876
155,0.4266403054926876
155,0.4266403054926876
155,0.4266403054926876
156,0.4456413279646957
156,0.4456413279646957
156,0.4456413279646957
156,0.4456413279646957
156,0.4456413279646957
157,0.4160705079449345
157,0.4160705079449345
157,0.4160705079449345
157,0.4160705079449345
157,0.4160705079449345
158,0.4156262933596243
158,0.4156262933596243
158,0.4156262933596243
158,0.4156262933596243
158,0.4156262933596243
159,0.402203077232193
159,0.402203077232193
159,0.402203077232193
159,0.402203077232193
159,0.402203077232193
160,0.37879200737906504
160,0.37879200737906504
160,0.37879200737906504
160,0.37879200737906504
160,0.37879200737906504
161,0.3619822062820805
161,0.3619822062820805
161,0.3619822062820805
161,0.3619822062820805
161,0.3619822062820805
162,0.3851821342617926
162,0.3851821342617926
162,0.3851821342617926
162,0.3851821342617926
162,0.3851821342617926
163,0.37221968581189885
163,0.37221968581189885
163,0.37221968581189885
163,0.37221968581189885
163,0.37221968581189885
164,0.38069431215206384
164,0.38069431215206384
164,0.38069431215206384
164,0.38069431215206384
164,0.38069431215206384
165,0.383392617814716
165,0.383392617814716
165,0.383392617814716
165,0.383392617814716
165,0.383392617814716
166,0.40384598010274886
166,0.40384598010274886
166,0.40384598010274886
166,0.40384598010274886
166,0.40384598010274886
167,0.40356229475349237
167,0.40356229475349237
167,0.40356229475349237
167,0.40356229475349237
167,0.40356229475349237
168,0.41341732687495975
168,0.41341732687495975
168,0.41341732687495975
168,0.41341732687495975
168,0.41341732687495975
169,0.3772489208037938
169,0.3772489208037938
169,0.3772489208037938
169,0.3772489208037938
169,0.3772489208037938
170,0.4308467799086412
170,0.4308467799086412
170,0.4308467799086412
170,0.4308467799086412
170,0.4308467799086412
171,0.4034498936173878
171,0.4034498936173878
171,0.4034498936173878
171,0.4034498936173878
171,0.4034498936173878
172,0.44747694504360647
172,0.44747694504360647
172,0.44747694504360647
172,0.44747694504360647
172,0.44747694504360647
173,0.4125453732232901
173,0.4125453732232901
173,0.4125453732232901
173,0.4125453732232901
173,0.4125453732232901
174,0.39653208230611003
174,0.39653208230611003
174,0.39653208230611003
174,0.39653208230611003
174,0.39653208230611003
175,0.41878125865261956
175,0.41878125865261956
175,0.41878125865261956
175,0.41878125865261956
175,0.41878125865261956
176,0.39957654660697134
176,0.39957654660697134
176,0.39957654660697134
176,0.39957654660697134
176,0.39957654660697134
177,0.36031463267055797
177,0.36031463267055797
177,0.36031463267055797
177,0.36031463267055797
177,0.36031463267055797
178,0.36998485075995
178,0.36998485075995
178,0.36998485075995
178,0.36998485075995
178,0.36998485075995
179,0.3358741722859888
179,0.3358741722859888
179,0.3358741722859888
179,0.3358741722859888
179,0.3358741722859888
180,0.2873135684546137
180,0.2873135684546137
180,0.2873135684546137
180,0.2873135684546137
180,0.2873135684546137
181,0.2923355729137236
181,0.2923355729137236
181,0.2923355729137236
181,0.2923355729137236
181,0.2923355729137236
182,0.28737708852008004
182,0.28737708852008004
182,0.28737708852008004
182,0.28737708852008004
182,0.28737708852008004
183,16.24300601566451
183,16.24300601566451
183,16.24300601566451
183,16.24300601566451
183,16.24300601566451
184,16.28539181954344
184,16.28539181954344
184,16.28539181954344
184,16.28539181954344
184,16.28539181954344
185,16.307606747697008
185,16.307606747697008
185,16.307606747697008
185,16.307606747697008
185,16.307606747697008
186,16.302013651561484
186,16.302013651561484
186,16.302013651561484
186,16.302013651561484
186,16.302013651561484
187,16.329243711190973
187,16.329243711190973
187,16.329243711190973
187,16.329243711190973
187,16.329243711190973
188,16.335845371597497
188,16.335845371597497
188,16.335845371597497
188,16.335845371597497
188,16.335845371597497
189,0.38882688061949666
189,0.38882688061949666
189,0.38882688061949666
189,0.38882688061949666
189,0.38882688061949666
190,0.3968143529700515
190,0.3968143529700515
190,0.3968143529700515
190,0.3968143529700515
190,0.3968143529700515
191,0.4181426925672076
191,0.4181426925672076
191,0.4181426925672076
191,0.4181426925672076
191,0.4181426925672076
192,0.4239865640233873
192,0.4239865640233873
192,0.4239865640233873
192,0.4239865640233873
192,0.4239865640233873
193,0.3916489573761054
193,0.3916489573761054
193,0.3916489573761054
193,0.3916489573761054
193,0.3916489573761054
194,0.3736635880578515
194,0.3736635880578515
194,0.3736635880578515
194,0.3736635880578515
194,0.3736635880578515
195,0.3602072364370696
195,0.3602072364370696
195,0.3602072364370696
195,0.3602072364370696
195,0.3602072364370696
196,0.31511421693776664
196,0.31511421693776664
196,0.31511421693776664
196,0.31511421693776664
196,0.31511421693776664
197,0.28971539375626065
197,0.28971539375626065
197,0.28971539375626065
197,0.28971539375626065
197,0.28971539375626065
198,0.30512696520622534
198,0.30512696520622534
198,0.30512696520622534
198,0.30512696520622534
198,0.30512696520622534
199,0.2955520610294883
199,0.2955520610294883
199,0.2955520610294883
199,0.2955520610294883
199,0.2955520610294883
200,0.2992063339797861
200,0.2992063339797861
200,0.2992063339797861
200,0.2992063339797861
200,0.2992063339797861
201,0.2979781200253353
201,0.2979781200253353
201,0.2979781200253353
201,0.2979781200253353
201,0.2979781200253353
202,0.3041933524952241
202,0.3041933524952241
202,0.3041933524952241
202,0.3041933524952241
202,0.3041933524952241
203,0.2937410069157117
203,0.2937410069157117
203,0.2937410069157117
203,0.2937410069157117
203,0.2937410069157117
204,0.3354458315542745
204,0.3354458315542745
204,0.3354458315542745
204,0.3354458315542745
204,0.3354458315542745
205,16.28856825312792
205,16.28856825312792
205,16.28856825312792
205,16.28856825312792
205,16.28856825312792
206,0.37670263119305514
206,0.37670263119305514
206,0.37670263119305514
206,0.37670263119305514
206,0.37670263119305514
207,0.4046138089367564
207,0.4046138089367564
207,0.4046138089367564
207,0.4046138089367564
207,0.4046138089367564
208,0.44153702713814535
208,0.44153702713814535
208,0.44153702713814535
208,0.44153702713814535
208,0.44153702713814535
209,0.4251562061140728
209,0.4251562061140728
209,0.4251562061140728
209,0.4251562061140728
209,0.4251562061140728
210,0.4205499654464976
210,0.4205499654464976
210,0.4205499654464976
210,0.4205499654464976
210,0.4205499654464976
211,0.38950505041325945
211,0.38950505041325945
211,0.38950505041325945
211,0.38950505041325945
211,0.38950505041325945
212,0.4175263297287965
212,0.4175263297287965
212,0.4175263297287965
212,0.4175263297287965
212,0.4175263297287965
213,0.41364661388002644
213,0.41364661388002644
213,0.41364661388002644
213,0.41364661388002644
213,0.41364661388002644
214,0.37703759457201286
214,0.37703759457201286
214,0.37703759457201286
214,0.37703759457201286
214,0.37703759457201286
215,0.36956181175218
215,0.36956181175218
215,0.36956181175218
215,0.36956181175218
215,0.36956181175218
216,16.32894351525279
216,16.32894351525279
216,16.32894351525279
216,16.32894351525279
216,16.32894351525279
217,16.35061408474703
217,16.35061408474703
217,16.35061408474703
217,16.35061408474703
217,16.35061408474703
218,16.37764456695526
218,16.37764456695526
218,16.37764456695526
218,16.37764456695526
218,16.37764456695526
219,16.381387812775063
219,16.381387812775063
219,16.381387812775063
219,16.381387812775063
219,16.381387812775063
220,16.36644282031822
220,16.36644282031822
220,16.36644282031822
220,16.36644282031822
220,16.36644282031822
221,16.39396202002504
221,16.39396202002504
221,16.39396202002504
221,16.39396202002504
221,16.39396202002504
222,0.41857812262056726
222,0.41857812262056726
222,0.41857812262056726
222,0.41857812262056726
222,0.41857812262056726
223,16.3654012288838
223,16.3654012288838
223,16.3654012288838
223,16.3654012288838
223,16.3654012288838
224,0.37026582304430405
224,0.37026582304430405
224,0.37026582304430405
224,0.37026582304430405
224,0.37026582304430405
225,0.3603838127091817
225,0.3603838127091817
225,0.3603838127091817
225,0.3603838127091817
225,0.3603838127091817
226,0.39953814463488524
226,0.39953814463488524
226,0.39953814463488524
226,0.39953814463488524
226,0.39953814463488524
227,16.337087575400194
227,16.337087575400194
227,16.337087575400194
227,16.337087575400194
227,16.337087575400194
228,16.36204723051231
228,16.36204723051231
228,16.36204723051231
228,16.36204723051231
228,16.36204723051231
229,16.393540725436445
229,16.393540725436445
229,16.393540725436445
229,16.393540725436445
229,16.393540725436445
230,16.35061451864709
230,16.35061451864709
230,16.35061451864709
230,16.35061451864709
230,16.35061451864709
231,16.356902393048877
231,16.356902393048877
231,16.356902393048877
231,16.356902393048877
231,16.356902393048877
232,32.309681030578915
232,32.309681030578915
232,32.309681030578915
232,32.309681030578915
232,32.309681030578915
233,32.35074890135264
233,32.35074890135264
233,32.35074890135264
233,32.35074890135264
233,32.35074890135264
234,32.32065023915841
234,32.32065023915841
234,32.32065023915841
234,32.32065023915841
234,32.32065023915841
235,32.34699465742944
235,32.34699465742944
235,32.34699465742944
235,32.34699465742944
235,32.34699465742944
236,32.35886719029187
236,32.35886719029187
236,32.35886719029187
236,32.35886719029187
236,32.35886719029187
237,32.3601723676302
237,32.3601723676302
237,32.3601723676302
237,32.3601723676302
237,32.3601723676302
238,16.455971491924934
238,16.455971491924934
238,16.455971491924934
238,16.455971491924934
238,16.455971491924934
239,16.382260234732993
239,16.382260234732993
239,16.382260234732993
239,16.382260234732993
239,16.382260234732993
240,16.40115640862975
240,16.40115640862975
240,16.40115640862975
240,16.40115640862975
240,16.40115640862975
241,0.4291026595194169
241,0.4291026595194169
241,0.4291026595194169
241,0.4291026595194169
241,0.4291026595194169
242,0.4045871790189919
242,0.4045871790189919
242,0.4045871790189919
242,0.4045871790189919
242,0.4045871790189919
243,0.40933939426383203
243,0.40933939426383203
243,0.40933939426383203
243,0.40933939426383203
243,0.40933939426383203
244,0.398761651122295
244,0.398761651122295
244,0.398761651122295
244,0.398761651122295
244,0.398761651122295
245,0.4504207055108296
245,0.4504207055108296
245,0.4504207055108296
245,0.4504207055108296
245,0.4504207055108296
246,0.4521450643966852
246,0.4521450643966852
246,0.4521450643966852
246,0.4521450643966852
246,0.4521450643966852
247,0.37222386310116656
247,0.37222386310116656
247,0.37222386310116656
247,0.37222386310116656
247,0.37222386310116656
248,0.34156294227136863
248,0.34156294227136863
248,0.34156294227136863
248,0.34156294227136863
248,0.34156294227136863
249,0.34039331318179894
249,0.34039331318179894
249,0.34039331318179894
249,0.34039331318179894
249,0.34039331318179894
250,0.39675929600533977
250,0.39675929600533977
250,0.39675929600533977
250,0.39675929600533977
250,0.39675929600533977
251,0.36497545095299505
251,0.36497545095299505
251,0.36497545095299505
251,0.36497545095299505
251,0.36497545095299505
252,0.364603505586197
252,0.364603505586197
252,0.364603505586197
252,0.364603505586197
252,0.364603505586197
253,0.3555895169172659
253,0.3555895169172659
253,0.3555895169172659
253,0.3555895169172659
253,0.3555895169172659
254,16.287176213361363
254,16.287176213361363
254,16.287176213361363
254,16.287176213361363
254,16.287176213361363
255,16.287423195510918
255,16.287423195510918
255,16.287423195510918
255,16.287423195510918
255,16.287423195510918
256,0.3391467657574708
256,0.3391467657574708
256,0.3391467657574708
256,0.3391467657574708
256,0.3391467657574708
257,0.3422343218660679
257,0.3422343218660679
257,0.3422343218660679
257,0.3422343218660679
257,0.3422343218660679
258,0.34841954829915
258,0.34841954829915
258,0.34841954829915
258,0.34841954829915
258,0.34841954829915
259,0.3214345830257554
259,0.3214345830257554
259,0.3214345830257554
259,0.3214345830257554
259,0.3214345830257554
260,0.32991675796716213
260,0.32991675796716213
260,0.32991675796716213
260,0.32991675796716213
260,0.32991675796716213
261,0.32626374779753764
261,0.32626374779753764
261,0.32626374779753764
261,0.32626374779753764
261,0.32626374779753764
262,0.4004751252851685
262,0.4004751252851685
262,0.4004751252851685
262,0.4004751252851685
262,0.4004751252851685
263,0.4263887368995928
263,0.4263887368995928
263,0.4263887368995928
263,0.4263887368995928
263,0.4263887368995928
264,16.38165654161137
264,16.38165654161137
264,16.38165654161137
264,16.38165654161137
264,16.38165654161137
265,16.39206944822632
265,16.39206944822632
265,16.39206944822632
265,16.39206944822632
265,16.39206944822632
266,20.03036376266269
266,20.03036376266269
266,20.03036376266269
266,20.03036376266269
266,20.03036376266269
267,20.024034608275844
267,20.024034608275844
267,20.024034608275844
267,20.024034608275844
267,20.024034608275844
268,19.990857182577244
268,19.990857182577244
268,19.990857182577244
268,19.990857182577244
268,19.990857182577244
269,20.008523857291554
269,20.008523857291554
269,20.008523857291554
269,20.008523857291554
269,20.008523857291554
270,20.011494465841388
270,20.011494465841388
270,20.011494465841388
270,20.011494465841388
270,20.011494465841388
271,20.035198232754475
271,20.035198232754475
271,20.035198232754475
271,20.035198232754475
271,20.035198232754475
272,20.01366814543502
272,20.01366814543502
272,20.01366814543502
272,20.01366814543502
272,20.01366814543502
273,20.010535824413918
273,20.010535824413918
273,20.010535824413918
273,20.010535824413918
273,20.010535824413918
274,16.396289236876246
274,16.396289236876246
274,16.396289236876246
274,16.396289236876246
274,16.396289236876246
275,16.390378252085185
275,16.390378252085185
275,16.390378252085185
275,16.390378252085185
275,16.390378252085185
276,16.426331856563422
276,16.426331856563422
276,16.426331856563422
276,16.426331856563422
276,16.426331856563422
277,16.441254853216734
277,16.441254853216734
277,16.441254853216734
277,16.441254853216734
277,16.441254853216734
278,16.467485355981722
278,16.467485355981722
278,16.467485355981722
278,16.467485355981722
278,16.467485355981722
279,16.433160019530288
279,16.433160019530288
279,16.433160019530288
279,16.433160019530288
279,16.433160019530288
280,16.401393062900684
280,16.401393062900684
280,16.401393062900684
280,16.401393062900684
280,16.401393062900684
281,16.399333565974384
281,16.399333565974384
281,16.399333565974384
281,16.399333565974384
281,16.399333565974384
282,16.35253088589446
282,16.35253088589446
282,16.35253088589446
282,16.35253088589446
282,16.35253088589446
283,16.295388864140744
283,16.295388864140744
283,16.295388864140744
283,16.295388864140744
283,16.295388864140744
284,16.28027160800592
284,16.28027160800592
284,16.28027160800592
284,16.28027160800592
284,16.28027160800592
285,16.254586015131448
285,16.254586015131448
285,16.254586015131448
285,16.254586015131448
285,16.254586015131448
286,19.86789526408344
286,19.86789526408344
286,19.86789526408344
286,19.86789526408344
286,19.86789526408344
287,19.89988694493897
287,19.89988694493897
287,19.89988694493897
287,19.89988694493897
287,19.89988694493897
288,19.921886924456395
288,19.921886924456395
288,19.921886924456395
288,19.921886924456395
288,19.921886924456395
289,16.330931727717683
289,16.330931727717683
289,16.330931727717683
289,16.330931727717683
289,16.330931727717683
290,16.361925721494096
290,16.361925721494096
290,16.361925721494096
290,16.361925721494096
290,16.361925721494096
291,16.410730928120554
291,16.410730928120554
291,16.410730928120554
291,16.410730928120554
291,16.410730928120554
292,16.413000578889
292,16.413000578889
292,16.413000578889
292,16.413000578889
292,16.413000578889
293,16.415425672879962
293,16.415425672879962
293,16.415425672879962
293,16.415425672879962
293,16.415425672879962
294,16.407356048896947
294,16.407356048896947
294,16.407356048896947
294,16.407356048896947
294,16.407356048896947
295,16.412125990054314
295,16.412125990054314
295,16.412125990054314
295,16.412125990054314
295,16.412125990054314
296,32.38418143861797
296,32.38418143861797
296,32.38418143861797
296,32.38418143861797
296,32.38418143861797
297,36.02739347302793
297,36.02739347302793
297,36.02739347302793
297,36.02739347302793
297,36.02739347302793
298,36.029497672401476
298,36.029497672401476
298,36.029497672401476
298,36.029497672401476
298,36.029497672401476
299,20.055894180602213
299,20.055894180602213
299,20.055894180602213
299,20.055894180602213
299,20.055894180602213
300,20.0373618391858
300,20.0373618391858
300,20.0373618391858
300,20.0373618391858
300,20.0373618391858
301,20.035750016813218
301,20.035750016813218
301,20.035750016813218
301,20.035750016813218
301,20.035750016813218
302,20.03374271066419
302,20.03374271066419
302,20.03374271066419
302,20.03374271066419
302,20.03374271066419
303,16.40653153980519
303,16.40653153980519
303,16.40653153980519
303,16.40653153980519
303,16.40653153980519
304,16.373066186321395
304,16.373066186321395
304,16.373066186321395
304,16.373066186321395
304,16.373066186321395
305,19.993525742225863
305,19.993525742225863
305,19.993525742225863
305,19.993525742225863
305,19.993525742225863
306,16.36489026757787
306,16.36489026757787
306,16.36489026757787
306,16.36489026757787
306,16.36489026757787
307,16.36886898976349
307,16.36886898976349
307,16.36886898976349
307,16.36886898976349
307,16.36886898976349
308,16.367816575982083
308,16.367816575982083
308,16.367816575982083
308,16.367816575982083
308,16.367816575982083
309,0.434356903065216
309,0.434356903065216
309,0.434356903065216
309,0.434356903065216
309,0.434356903065216
310,0.445735903716987
310,0.445735903716987
310,0.445735903716987
310,0.445735903716987
310,0.445735903716987
311,16.36967695391373
311,16.36967695391373
311,16.36967695391373
311,16.36967695391373
311,16.36967695391373
312,32.33290295153981
312,32.33290295153981
312,32.33290295153981
312,32.33290295153981
312,32.33290295153981
313,32.367063513990004
313,32.367063513990004
313,32.367063513990004
313,32.367063513990004
313,32.367063513990004
314,32.33535751564824
314,32.33535751564824
314,32.33535751564824
314,32.33535751564824
314,32.33535751564824
315,16.414317323888636
315,16.414317323888636
315,16.414317323888636
315,16.414317323888636
315,16.414317323888636
316,16.421959465501203
316,16.421959465501203
316,16.421959465501203
316,16.421959465501203
316,16.421959465501203
317,16.44114386931609
317,16.44114386931609
317,16.44114386931609
317,16.44114386931609
317,16.44114386931609
318,16.43624932285068
318,16.43624932285068
318,16.43624932285068
318,16.43624932285068
318,16.43624932285068
319,16.403806229227637
319,16.403806229227637
319,16.403806229227637
319,16.403806229227637
319,16.403806229227637
320,16.410982053310462
320,16.410982053310462
320,16.410982053310462
320,16.410982053310462
320,16.410982053310462
321,16.39789367400709
321,16.39789367400709
321,16.39789367400709
321,16.39789367400709
321,16.39789367400709
322,16.34318850199083
322,16.34318850199083
322,16.34318850199083
322,16.34318850199083
322,16.34318850199083
323,16.36193946319477
323,16.36193946319477
323,16.36193946319477
323,16.36193946319477
323,16.36193946319477
324,16.32473709998013
324,16.32473709998013
324,16.32473709998013
324,16.32473709998013
324,16.32473709998013
325,19.94987815030351
325,19.94987815030351
325,19.94987815030351
325,19.94987815030351
325,19.94987815030351
326,19.9728434081483
326,19.9728434081483
326,19.9728434081483
326,19.9728434081483
326,19.9728434081483
327,19.979463642476727
327,19.979463642476727
327,19.979463642476727
327,19.979463642476727
327,19.979463642476727
328,20.0374097285811
328,20.0374097285811
328,20.0374097285811
328,20.0374097285811
328,20.0374097285811
329,20.04051843338463
329,20.04051843338463
329,20.04051843338463
329,20.04051843338463
329,20.04051843338463
330,20.047591373138864
330,20.047591373138864
330,20.047591373138864
330,20.047591373138864
330,20.047591373138864
331,19.994501373663763
331,19.994501373663763
331,19.994501373663763
331,19.994501373663763
331,19.994501373663763
332,19.95231729535836
332,19.95231729535836
332,19.95231729535836
332,19.95231729535836
332,19.95231729535836
333,19.974628061182454
333,19.974628061182454
333,19.974628061182454
333,19.974628061182454
333,19.974628061182454
334,35.97770475790865
334,35.97770475790865
334,35.97770475790865
334,35.97770475790865
334,35.97770475790865
335,35.94073718479636
335,35.94073718479636
335,35.94073718479636
335,35.94073718479636
335,35.94073718479636
336,35.93935060814201
336,35.93935060814201
336,35.93935060814201
336,35.93935060814201
336,35.93935060814201
337,35.95577485480158
337,35.95577485480158
337,35.95577485480158
337,35.95577485480158
337,35.95577485480158
338,48.38904267682445
338,48.38904267682445
338,48.38904267682445
338,48.38904267682445
338,48.38904267682445
339,51.94361886020355
339,51.94361886020355
339,51.94361886020355
339,51.94361886020355
339,51.94361886020355
340,55.53890480416752
340,55.53890480416752
340,55.53890480416752
340,55.53890480416752
340,55.53890480416752
341,51.95822237055374
341,51.95822237055374
341,51.95822237055374
341,51.95822237055374
341,51.95822237055374
342,51.96918898216427
342,51.96918898216427
342,51.96918898216427
342,51.96918898216427
342,51.96918898216427
343,51.923411983208155
343,51.923411983208155
343,51.923411983208155
343,51.923411983208155
343,51.923411983208155
344,51.925628662065925
344,51.925628662065925
344,51.925628662065925
344,51.925628662065925
344,51.925628662065925
345,55.55189561950058
345,55.55189561950058
345,55.55189561950058
345,55.55189561950058
345,55.55189561950058
346,51.92123012024414
346,51.92123012024414
346,51.92123012024414
346,51.92123012024414
346,51.92123012024414
347,51.968918387822406
347,51.968918387822406
347,51.968918387822406
347,51.968918387822406
347,51.968918387822406
348,36.07711944964767
348,36.07711944964767
348,36.07711944964767
348,36.07711944964767
348,36.07711944964767
349,36.05868648284108
349,36.05868648284108
349,36.05868648284108
349,36.05868648284108
349,36.05868648284108
350,36.090651603532166
350,36.090651603532166
350,36.090651603532166
350,36.090651603532166
350,36.090651603532166
351,32.522307097188346
351,32.522307097188346
351,32.522307097188346
351,32.522307097188346
351,32.522307097188346
352,32.53391709324461
352,32.53391709324461
352,32.53391709324461
352,32.53391709324461
352,32.53391709324461
353,32.40658391907661
353,32.40658391907661
353,32.40658391907661
353,32.40658391907661
353,32.40658391907661
354,51.902166260186576
354,51.902166260186576
354,51.902166260186576
354,51.902166260186576
354,51.902166260186576
355,51.85698268315573
355,51.85698268315573
355,51.85698268315573
355,51.85698268315573
355,51.85698268315573
356,35.865031160067794
356,35.865031160067794
356,35.865031160067794
356,35.865031160067794
356,35.865031160067794
357,51.77278965385606
357,51.77278965385606
357,51.77278965385606
357,51.77278965385606
357,51.77278965385606
358,67.79195669317042
358,67.79195669317042
358,67.79195669317042
358,67.79195669317042
358,67.79195669317042
359,67.84623318525831
359,67.84623318525831
359,67.84623318525831
359,67.84623318525831
359,67.84623318525831
360,67.82070388495478
360,67.82070388495478
360,67.82070388495478
360,67.82070388495478
360,67.82070388495478
361,67.8627910449822
361,67.8627910449822
361,67.8627910449822
361,67.8627910449822
361,67.8627910449822
362,71.51299402498586
362,71.51299402498586
362,71.51299402498586
362,71.51299402498586
362,71.51299402498586
363,71.46458001900794
363,71.46458001900794
363,71.46458001900794
363,71.46458001900794
363,71.46458001900794
364,71.48897606883415
364,71.48897606883415
364,71.48897606883415
364,71.48897606883415
364,71.48897606883415
365,71.46503339580454
365,71.46503339580454
365,71.46503339580454
365,71.46503339580454
365,71.46503339580454
366,75.2004577911026
366,75.2004577911026
366,75.2004577911026
366,75.2004577911026
366,75.2004577911026
367,59.28587799801623
367,59.28587799801623
367,59.28587799801623
367,59.28587799801623
367,59.28587799801623
368,59.337091113647965
368,59.337091113647965
368,59.337091113647965
368,59.337091113647965
368,59.337091113647965
369,75.34362008482829
369,75.34362008482829
369,75.34362008482829
369,75.34362008482829
369,75.34362008482829
370,75.29314269348198
370,75.29314269348198
370,75.29314269348198
370,75.29314269348198
370,75.29314269348198
371,75.24483614615355
371,75.24483614615355
371,75.24483614615355
371,75.24483614615355
371,75.24483614615355
372,71.57594563024863
372,71.57594563024863
372,71.57594563024863
372,71.57594563024863
372,71.57594563024863
373,52.08272562375497
373,52.08272562375497
373,52.08272562375497
373,52.08272562375497
373,52.08272562375497
374,67.94640544163249
374,67.94640544163249
374,67.94640544163249
374,67.94640544163249
374,67.94640544163249
375,87.52707773094643
375,87.52707773094643
375,87.52707773094643
375,87.52707773094643
375,87.52707773094643
376,87.44730262430826
376,87.44730262430826
376,87.44730262430826
376,87.44730262430826
376,87.44730262430826
377,71.50318921793217
377,71.50318921793217
377,71.50318921793217
377,71.50318921793217
377,71.50318921793217
378,71.57882748657643
378,71.57882748657643
378,71.57882748657643
378,71.57882748657643
378,71.57882748657643
379,71.59250724919627
379,71.59250724919627
379,71.59250724919627
379,71.59250724919627
379,71.59250724919627
380,71.52393760548419
380,71.52393760548419
380,71.52393760548419
380,71.52393760548419
380,71.52393760548419
381,71.57217574116125
381,71.57217574116125
381,71.57217574116125
381,71.57217574116125
381,71.57217574116125
382,71.59062580503641
382,71.59062580503641
382,71.59062580503641
382,71.59062580503641
382,71.59062580503641
383,71.62462612538224
383,71.62462612538224
383,71.62462612538224
383,71.62462612538224
383,71.62462612538224
384,68.00826892847851
384,68.00826892847851
384,68.00826892847851
384,68.00826892847851
384,68.00826892847851
385,52.019739789656626
385,52.019739789656626
385,52.019739789656626
385,52.019739789656626
385,52.019739789656626
386,36.03369722927108
386,36.03369722927108
386,36.03369722927108
386,36.03369722927108
386,36.03369722927108
387,36.025715342184114
387,36.025715342184114
387,36.025715342184114
387,36.025715342184114
387,36.025715342184114
388,39.55993888363561
388,39.55993888363561
388,39.55993888363561
388,39.55993888363561
388,39.55993888363561
389,39.57272840196846
389,39.57272840196846
389,39.57272840196846
389,39.57272840196846
389,39.57272840196846
390,35.89612865311234
390,35.89612865311234
390,35.89612865311234
390,35.89612865311234
390,35.89612865311234
391,51.866012696630506
391,51.866012696630506
391,51.866012696630506
391,51.866012696630506
391,51.866012696630506
392,35.89627122544984
392,35.89627122544984
392,35.89627122544984
392,35.89627122544984
392,35.89627122544984
393,20.01119183746529
393,20.01119183746529
393,20.01119183746529
393,20.01119183746529
393,20.01119183746529
394,36.03094754165472
394,36.03094754165472
394,36.03094754165472
394,36.03094754165472
394,36.03094754165472
395,36.046477413693125
395,36.046477413693125
395,36.046477413693125
395,36.046477413693125
395,36.046477413693125
396,36.04193421011823
396,36.04193421011823
396,36.04193421011823
396,36.04193421011823
396,36.04193421011823
397,36.02080541027139
397,36.02080541027139
397,36.02080541027139
397,36.02080541027139
397,36.02080541027139
398,36.002297982290926
398,36.002297982290926
398,36.002297982290926
398,36.002297982290926
398,36.002297982290926
399,35.9803696929005
399,35.9803696929005
399,35.9803696929005
399,35.9803696929005
399,35.9803696929005
400,51.9297830457847
400,51.9297830457847
400,51.9297830457847
400,51.9297830457847
400,51.9297830457847
401,36.02763228469986
401,36.02763228469986
401,36.02763228469986
401,36.02763228469986
401,36.02763228469986
402,51.945510693264666
402,51.945510693264666
402,51.945510693264666
402,51.945510693264666
402,51.945510693264666
403,51.83563173542857
403,51.83563173542857
403,51.83563173542857
403,51.83563173542857
403,51.83563173542857
404,64.19991515760317
404,64.19991515760317
404,64.19991515760317
404,64.19991515760317
404,64.19991515760317
405,48.25759626661018
405,48.25759626661018
405,48.25759626661018
405,48.25759626661018
405,48.25759626661018
406,48.243981548913005
406,48.243981548913005
406,48.243981548913005
406,48.243981548913005
406,48.243981548913005
407,51.903295164725975
407,51.903295164725975
407,51.903295164725975
407,51.903295164725975
407,51.903295164725975
408,64.38591673217914
408,64.38591673217914
408,64.38591673217914
408,64.38591673217914
408,64.38591673217914
409,48.42605481914393
409,48.42605481914393
409,48.42605481914393
409,48.42605481914393
409,48.42605481914393
410,52.004158460681595
410,52.004158460681595
410,52.004158460681595
410,52.004158460681595
410,52.004158460681595
411,52.01560389738594
411,52.01560389738594
411,52.01560389738594
411,52.01560389738594
411,52.01560389738594
412,51.99271992866589
412,51.99271992866589
412,51.99271992866589
412,51.99271992866589
412,51.99271992866589
413,51.955127366778186
413,51.955127366778186
413,51.955127366778186
413,51.955127366778186
413,51.955127366778186
414,51.919671186349184
414,51.919671186349184
414,51.919671186349184
414,51.919671186349184
414,51.919671186349184
415,51.9277347062303
415,51.9277347062303
415,51.9277347062303
415,51.9277347062303
415,51.9277347062303
416,51.91308135617116
416,51.91308135617116
416,51.91308135617116
416,51.91308135617116
416,51.91308135617116
417,51.87304178050822
417,51.87304178050822
417,51.87304178050822
417,51.87304178050822
417,51.87304178050822
418,51.96383760589
418,51.96383760589
418,51.96383760589
418,51.96383760589
418,51.96383760589
419,52.00836987300048
419,52.00836987300048
419,52.00836987300048
419,52.00836987300048
419,52.00836987300048
420,52.00979192639877
420,52.00979192639877
420,52.00979192639877
420,52.00979192639877
420,52.00979192639877
421,67.93372867336589
421,67.93372867336589
421,67.93372867336589
421,67.93372867336589
421,67.93372867336589
422,51.932226430330594
422,51.932226430330594
422,51.932226430330594
422,51.932226430330594
422,51.932226430330594
423,51.9726976899971
423,51.9726976899971
423,51.9726976899971
423,51.9726976899971
423,51.9726976899971
424,51.96895604104365
424,51.96895604104365
424,51.96895604104365
424,51.96895604104365
424,51.96895604104365
425,51.99920175525101
425,51.99920175525101
425,51.99920175525101
425,51.99920175525101
425,51.99920175525101
426,51.970119057504164
426,51.970119057504164
426,51.970119057504164
426,51.970119057504164
426,51.970119057504164
427,51.97162520491222
427,51.97162520491222
427,51.97162520491222
427,51.97162520491222
427,51.97162520491222
428,51.98901958980936
428,51.98901958980936
428,51.98901958980936
428,51.98901958980936
428,51.98901958980936
429,52.00957508149446
429,52.00957508149446
429,52.00957508149446
429,52.00957508149446
429,52.00957508149446
430,55.61455153988008
430,55.61455153988008
430,55.61455153988008
430,55.61455153988008
430,55.61455153988008
431,39.704915545538974
431,39.704915545538974
431,39.704915545538974
431,39.704915545538974
431,39.704915545538974
432,55.569480143890004
432,55.569480143890004
432,55.569480143890004
432,55.569480143890004
432,55.569480143890004
433,39.69500931490807
433,39.69500931490807
433,39.69500931490807
433,39.69500931490807
433,39.69500931490807
434,48.407587755764965
434,48.407587755764965
434,48.407587755764965
434,48.407587755764965
434,48.407587755764965
435,48.39790747593257
435,48.39790747593257
435,48.39790747593257
435,48.39790747593257
435,48.39790747593257
436,32.5134233680527
436,32.5134233680527
436,32.5134233680527
436,32.5134233680527
436,32.5134233680527
437,16.584683598744057
437,16.584683598744057
437,16.584683598744057
437,16.584683598744057
437,16.584683598744057
438,16.565081417582622
438,16.565081417582622
438,16.565081417582622
438,16.565081417582622
438,16.565081417582622
439,48.46242407609267
439,48.46242407609267
439,48.46242407609267
439,48.46242407609267
439,48.46242407609267
440,48.328495122574694
440,48.328495122574694
440,48.328495122574694
440,48.328495122574694
440,48.328495122574694
441,51.942262219385
441,51.942262219385
441,51.942262219385
441,51.942262219385
441,51.942262219385
442,35.99751230504708
442,35.99751230504708
442,35.99751230504708
442,35.99751230504708
442,35.99751230504708
443,67.82214260050084
443,67.82214260050084
443,67.82214260050084
443,67.82214260050084
443,67.82214260050084
444,67.82200713811685
444,67.82200713811685
444,67.82200713811685
444,67.82200713811685
444,67.82200713811685
445,67.94457616424367
445,67.94457616424367
445,67.94457616424367
445,67.94457616424367
445,67.94457616424367
446,64.25780603566177
446,64.25780603566177
446,64.25780603566177
446,64.25780603566177
446,64.25780603566177
447,64.26373871184629
447,64.26373871184629
447,64.26373871184629
447,64.26373871184629
447,64.26373871184629
448,83.7955749861902
448,83.7955749861902
448,83.7955749861902
448,83.7955749861902
448,83.7955749861902
449,67.81424283977779
449,67.81424283977779
449,67.81424283977779
449,67.81424283977779
449,67.81424283977779
450,67.81113078904318
450,67.81113078904318
450,67.81113078904318
450,67.81113078904318
450,67.81113078904318
451,67.82122378920533
451,67.82122378920533
451,67.82122378920533
451,67.82122378920533
451,67.82122378920533
452,59.228460660885716
452,59.228460660885716
452,59.228460660885716
452,59.228460660885716
452,59.228460660885716
453,75.06433331491895
453,75.06433331491895
453,75.06433331491895
453,75.06433331491895
453,75.06433331491895
454,75.15691183212715
454,75.15691183212715
454,75.15691183212715
454,75.15691183212715
454,75.15691183212715
455,75.19783587073637
455,75.19783587073637
455,75.19783587073637
455,75.19783587073637
455,75.19783587073637
456,75.30444852306033
456,75.30444852306033
456,75.30444852306033
456,75.30444852306033
456,75.30444852306033
457,75.33547065507119
457,75.33547065507119
457,75.33547065507119
457,75.33547065507119
457,75.33547065507119
458,75.36044100999459
458,75.36044100999459
458,75.36044100999459
458,75.36044100999459
458,75.36044100999459
459,75.4129162266014
459,75.4129162266014
459,75.4129162266014
459,75.4129162266014
459,75.4129162266014
460,75.3942793327263
460,75.3942793327263
460,75.3942793327263
460,75.3942793327263
460,75.3942793327263
461,75.38102372469946
461,75.38102372469946
461,75.38102372469946
461,75.38102372469946
461,75.38102372469946
462,75.31088267720648
462,75.31088267720648
462,75.31088267720648
462,75.31088267720648
462,75.31088267720648
463,75.13409097333731
463,75.13409097333731
463,75.13409097333731
463,75.13409097333731
463,75.13409097333731
464,78.74685130558161
464,78.74685130558161
464,78.74685130558161
464,78.74685130558161
464,78.74685130558161
465,55.56087400044762
465,55.56087400044762
465,55.56087400044762
465,55.56087400044762
465,55.56087400044762
466,55.537326856309264
466,55.537326856309264
466,55.537326856309264
466,55.537326856309264
466,55.537326856309264
467,39.63990662563961
467,39.63990662563961
467,39.63990662563961
467,39.63990662563961
467,39.63990662563961
468,39.68050071694403
468,39.68050071694403
468,39.68050071694403
468,39.68050071694403
468,39.68050071694403
469,39.66104966607615
469,39.66104966607615
469,39.66104966607615
469,39.66104966607615
469,39.66104966607615
470,55.572175314939784
470,55.572175314939784
470,55.572175314939784
470,55.572175314939784
470,55.572175314939784
471,55.59359490447853
471,55.59359490447853
471,55.59359490447853
471,55.59359490447853
471,55.59359490447853
472,51.943169769788845
472,51.943169769788845
472,51.943169769788845
472,51.943169769788845
472,51.943169769788845
473,48.34149002943021
473,48.34149002943021
473,48.34149002943021
473,48.34149002943021
473,48.34149002943021
474,48.35775526050665
474,48.35775526050665
474,48.35775526050665
474,48.35775526050665
474,48.35775526050665
475,55.54623900185102
475,55.54623900185102
475,55.54623900185102
475,55.54623900185102
475,55.54623900185102
476,71.36574268234106
476,71.36574268234106
476,71.36574268234106
476,71.36574268234106
476,71.36574268234106
477,90.95236103239688
477,90.95236103239688
477,90.95236103239688
477,90.95236103239688
477,90.95236103239688
478,91.02103485672653
478,91.02103485672653
478,91.02103485672653
478,91.02103485672653
478,91.02103485672653
479,59.23766189575842
479,59.23766189575842
479,59.23766189575842
479,59.23766189575842
479,59.23766189575842
480,59.28601911102263
480,59.28601911102263
480,59.28601911102263
480,59.28601911102263
480,59.28601911102263
481,75.23926231845734
481,75.23926231845734
481,75.23926231845734
481,75.23926231845734
481,75.23926231845734
482,87.67120720215803
482,87.67120720215803
482,87.67120720215803
482,87.67120720215803
482,87.67120720215803
483,91.29690175311377
483,91.29690175311377
483,91.29690175311377
483,91.29690175311377
483,91.29690175311377
484,87.61268760093557
484,87.61268760093557
484,87.61268760093557
484,87.61268760093557
484,87.61268760093557
485,94.84907662517513
485,94.84907662517513
485,94.84907662517513
485,94.84907662517513
485,94.84907662517513
486,94.82184339072684
486,94.82184339072684
486,94.82184339072684
486,94.82184339072684
486,94.82184339072684
487,94.7380066999533
487,94.7380066999533
487,94.7380066999533
487,94.7380066999533
487,94.7380066999533
488,94.72740942635136
488,94.72740942635136
488,94.72740942635136
488,94.72740942635136
488,94.72740942635136
489,75.22218743028279
489,75.22218743028279
489,75.22218743028279
489,75.22218743028279
489,75.22218743028279
490,75.1839262241508
490,75.1839262241508
490,75.1839262241508
490,75.1839262241508
490,75.1839262241508
491,75.15708825516612
491,75.15708825516612
491,75.15708825516612
491,75.15708825516612
491,75.15708825516612
492,75.11379259564751
492,75.11379259564751
492,75.11379259564751
492,75.11379259564751
492,75.11379259564751
493,59.10657948754825
493,59.10657948754825
493,59.10657948754825
493,59.10657948754825
493,59.10657948754825
494,59.132988257698024
494,59.132988257698024
494,59.132988257698024
494,59.132988257698024
494,59.132988257698024
495,59.10938723296907
495,59.10938723296907
495,59.10938723296907
495,59.10938723296907
495,59.10938723296907
496,51.82281370130752
496,51.82281370130752
496,51.82281370130752
496,51.82281370130752
496,51.82281370130752
497,51.834488710240194
497,51.834488710240194
497,51.834488710240194
497,51.834488710240194
497,51.834488710240194
498,64.25682327781196
498,64.25682327781196
498,64.25682327781196
498,64.25682327781196
498,64.25682327781196
499,64.21721237438459
499,64.21721237438459
499,64.21721237438459
499,64.21721237438459
499,64.21721237438459
500,64.21764846796268
500,64.21764846796268
500,64.21764846796268
500,64.21764846796268
500,64.21764846796268
501,48.24735086831234
501,48.24735086831234
501,48.24735086831234
501,48.24735086831234
501,48.24735086831234
502,64.175595414604
502,64.175595414604
502,64.175595414604
502,64.175595414604
502,64.175595414604
503,67.80201554059293
503,67.80201554059293
503,67.80201554059293
503,67.80201554059293
503,67.80201554059293
504,67.9418355414843
504,67.9418355414843
504,67.9418355414843
504,67.9418355414843
504,67.9418355414843
505,68.01827295866252
505,68.01827295866252
505,68.01827295866252
505,68.01827295866252
505,68.01827295866252
506,67.81879551570387
506,67.81879551570387
506,67.81879551570387
506,67.81879551570387
506,67.81879551570387
507,67.90259391810955
507,67.90259391810955
507,67.90259391810955
507,67.90259391810955
507,67.90259391810955
508,71.51175061089684
508,71.51175061089684
508,71.51175061089684
508,71.51175061089684
508,71.51175061089684
509,67.9251291065813
509,67.9251291065813
509,67.9251291065813
509,67.9251291065813
509,67.9251291065813
510,71.52612035452196
510,71.52612035452196
510,71.52612035452196
510,71.52612035452196
510,71.52612035452196
511,71.47421497244866
511,71.47421497244866
511,71.47421497244866
511,71.47421497244866
511,71.47421497244866
512,71.48033600521583
512,71.48033600521583
512,71.48033600521583
512,71.48033600521583
512,71.48033600521583
513,87.35639213540102
513,87.35639213540102
513,87.35639213540102
513,87.35639213540102
513,87.35639213540102
514,83.74639718304783
514,83.74639718304783
514,83.74639718304783
514,83.74639718304783
514,83.74639718304783
515,83.77319909389772
515,83.77319909389772
515,83.77319909389772
515,83.77319909389772
515,83.77319909389772
516,80.141314570177
516,80.141314570177
516,80.141314570177
516,80.141314570177
516,80.141314570177
517,67.80182155804701
517,67.80182155804701
517,67.80182155804701
517,67.80182155804701
517,67.80182155804701
518,67.74661328473721
518,67.74661328473721
518,67.74661328473721
518,67.74661328473721
518,67.74661328473721
519,71.41810089193211
519,71.41810089193211
519,71.41810089193211
519,71.41810089193211
519,71.41810089193211
520,55.528049251291364
520,55.528049251291364
520,55.528049251291364
520,55.528049251291364
520,55.528049251291364
521,39.65537774993671
521,39.65537774993671
521,39.65537774993671
521,39.65537774993671
521,39.65537774993671
522,35.9451704710341
522,35.9451704710341
522,35.9451704710341
522,35.9451704710341
522,35.9451704710341
523,35.86842212810971
523,35.86842212810971
523,35.86842212810971
523,35.86842212810971
523,35.86842212810971
524,39.499993012552885
524,39.499993012552885
524,39.499993012552885
524,39.499993012552885
524,39.499993012552885
525,39.48481811195825
525,39.48481811195825
525,39.48481811195825
525,39.48481811195825
525,39.48481811195825
526,39.54497985171032
526,39.54497985171032
526,39.54497985171032
526,39.54497985171032
526,39.54497985171032
527,36.01438140357498
527,36.01438140357498
527,36.01438140357498
527,36.01438140357498
527,36.01438140357498
528,35.96584082770532
528,35.96584082770532
528,35.96584082770532
528,35.96584082770532
528,35.96584082770532
529,36.02052481489731
529,36.02052481489731
529,36.02052481489731
529,36.02052481489731
529,36.02052481489731
530,52.04310761870479
530,52.04310761870479
530,52.04310761870479
530,52.04310761870479
530,52.04310761870479
531,52.01969262299436
531,52.01969262299436
531,52.01969262299436
531,52.01969262299436
531,52.01969262299436
532,36.04610370013383
532,36.04610370013383
532,36.04610370013383
532,36.04610370013383
532,36.04610370013383
533,36.07029055926296
533,36.07029055926296
533,36.07029055926296
533,36.07029055926296
533,36.07029055926296
534,36.12375029175426
534,36.12375029175426
534,36.12375029175426
534,36.12375029175426
534,36.12375029175426
535,20.19175788800981
535,20.19175788800981
535,20.19175788800981
535,20.19175788800981
535,20.19175788800981
536,20.166611664775505
536,20.166611664775505
536,20.166611664775505
536,20.166611664775505
536,20.166611664775505
537,20.131770153162222
537,20.131770153162222
537,20.131770153162222
537,20.131770153162222
537,20.131770153162222
538,20.09865264267423
538,20.09865264267423
538,20.09865264267423
538,20.09865264267423
538,20.09865264267423
539,39.66177309769773
539,39.66177309769773
539,39.66177309769773
539,39.66177309769773
539,39.66177309769773
540,55.69715284258571
540,55.69715284258571
540,55.69715284258571
540,55.69715284258571
540,55.69715284258571
541,52.06519770277082
541,52.06519770277082
541,52.06519770277082
541,52.06519770277082
541,52.06519770277082
542,87.51078362313754
542,87.51078362313754
542,87.51078362313754
542,87.51078362313754
542,87.51078362313754
543,80.20461949665996
543,80.20461949665996
543,80.20461949665996
543,80.20461949665996
543,80.20461949665996
544,80.1697052120239
544,80.1697052120239
544,80.1697052120239
544,80.1697052120239
544,80.1697052120239
545,64.3541477787383
545,64.3541477787383
545,64.3541477787383
545,64.3541477787383
545,64.3541477787383
546,80.33676998827485
546,80.33676998827485
546,80.33676998827485
546,80.33676998827485
546,80.33676998827485
547,80.41014404439098
547,80.41014404439098
547,80.41014404439098
547,80.41014404439098
547,80.41014404439098
548,87.6526746342824
548,87.6526746342824
548,87.6526746342824
548,87.6526746342824
548,87.6526746342824
549,71.71629790869602
549,71.71629790869602
549,71.71629790869602
549,71.71629790869602
549,71.71629790869602
550,71.71195835749714
550,71.71195835749714
550,71.71195835749714
550,71.71195835749714
550,71.71195835749714
551,75.29905500996239
551,75.29905500996239
551,75.29905500996239
551,75.29905500996239
551,75.29905500996239
552,75.22376513677534
552,75.22376513677534
552,75.22376513677534
552,75.22376513677534
552,75.22376513677534
553,71.57190157185406
553,71.57190157185406
553,71.57190157185406
553,71.57190157185406
553,71.57190157185406
554,71.54815370681116
554,71.54815370681116
554,71.54815370681116
554,71.54815370681116
554,71.54815370681116
555,71.5686551323284
555,71.5686551323284
555,71.5686551323284
555,71.5686551323284
555,71.5686551323284
556,71.48944868399454
556,71.48944868399454
556,71.48944868399454
556,71.48944868399454
556,71.48944868399454
557,71.46241049582662
557,71.46241049582662
557,71.46241049582662
557,71.46241049582662
557,71.46241049582662
558,71.51285420349808
558,71.51285420349808
558,71.51285420349808
558,71.51285420349808
558,71.51285420349808
559,39.65917654053211
559,39.65917654053211
559,39.65917654053211
559,39.65917654053211
559,39.65917654053211
560,39.6067325298579
560,39.6067325298579
560,39.6067325298579
560,39.6067325298579
560,39.6067325298579
561,39.607707204038775
561,39.607707204038775
561,39.607707204038775
561,39.607707204038775
561,39.607707204038775
562,39.591520839744945
562,39.591520839744945
562,39.591520839744945
562,39.591520839744945
562,39.591520839744945
563,39.5587023366809
563,39.5587023366809
563,39.5587023366809
563,39.5587023366809
563,39.5587023366809
564,35.894681775296064
564,35.894681775296064
564,35.894681775296064
564,35.894681775296064
564,35.894681775296064
565,52.0337022625914
565,52.0337022625914
565,52.0337022625914
565,52.0337022625914
565,52.0337022625914
566,52.050694789067435
566,52.050694789067435
566,52.050694789067435
566,52.050694789067435
566,52.050694789067435
567,64.38594631274192
567,64.38594631274192
567,64.38594631274192
567,64.38594631274192
567,64.38594631274192
568,48.42980081276638
568,48.42980081276638
568,48.42980081276638
568,48.42980081276638
568,48.42980081276638
569,64.37920773463134
569,64.37920773463134
569,64.37920773463134
569,64.37920773463134
569,64.37920773463134
570,64.50472065557814
570,64.50472065557814
570,64.50472065557814
570,64.50472065557814
570,64.50472065557814
571,68.10912783409151
571,68.10912783409151
571,68.10912783409151
571,68.10912783409151
571,68.10912783409151
572,68.11097768312229
572,68.11097768312229
572,68.11097768312229
572,68.11097768312229
572,68.11097768312229
573,68.07219385477559
573,68.07219385477559
573,68.07219385477559
573,68.07219385477559
573,68.07219385477559
574,68.02840004721779
574,68.02840004721779
574,68.02840004721779
574,68.02840004721779
574,68.02840004721779
575,68.02200721369519
575,68.02200721369519
575,68.02200721369519
575,68.02200721369519
575,68.02200721369519
576,68.01892199495725
576,68.01892199495725
576,68.01892199495725
576,68.01892199495725
576,68.01892199495725
577,68.0045815026617
577,68.0045815026617
577,68.0045815026617
577,68.0045815026617
577,68.0045815026617
578,52.055842065455366
578,52.055842065455366
578,52.055842065455366
578,52.055842065455366
578,52.055842065455366
579,52.05483537225699
579,52.05483537225699
579,52.05483537225699
579,52.05483537225699
579,52.05483537225699
580,39.57704569032175
580,39.57704569032175
580,39.57704569032175
580,39.57704569032175
580,39.57704569032175
581,39.64099229454657
581,39.64099229454657
581,39.64099229454657
581,39.64099229454657
581,39.64099229454657
582,39.65027476773749
582,39.65027476773749
582,39.65027476773749
582,39.65027476773749
582,39.65027476773749
583,39.69897391572042
583,39.69897391572042
583,39.69897391572042
583,39.69897391572042
583,39.69897391572042
584,55.655819479937236
584,55.655819479937236
584,55.655819479937236
584,55.655819479937236
584,55.655819479937236
585,55.56135637440896
585,55.56135637440896
585,55.56135637440896
585,55.56135637440896
585,55.56135637440896
586,55.6621110692508
586,55.6621110692508
586,55.6621110692508
586,55.6621110692508
586,55.6621110692508
587,52.09487021399044
587,52.09487021399044
587,52.09487021399044
587,52.09487021399044
587,52.09487021399044
588,52.07312418728334
588,52.07312418728334
588,52.07312418728334
588,52.07312418728334
588,52.07312418728334
589,52.13453788059688
589,52.13453788059688
589,52.13453788059688
589,52.13453788059688
589,52.13453788059688
590,52.14469219583607
590,52.14469219583607
590,52.14469219583607
590,52.14469219583607
590,52.14469219583607
591,52.080830619644345
591,52.080830619644345
591,52.080830619644345
591,52.080830619644345
591,52.080830619644345
592,52.11182044075322
592,52.11182044075322
592,52.11182044075322
592,52.11182044075322
592,52.11182044075322
593,51.9594224436173
593,51.9594224436173
593,51.9594224436173
593,51.9594224436173
593,51.9594224436173
594,32.470181525331235
594,32.470181525331235
594,32.470181525331235
594,32.470181525331235
594,32.470181525331235
595,35.982446646911754
595,35.982446646911754
595,35.982446646911754
595,35.982446646911754
595,35.982446646911754
596,36.10478539940574
596,36.10478539940574
596,36.10478539940574
596,36.10478539940574
596,36.10478539940574
597,52.016676062515025
597,52.016676062515025
597,52.016676062515025
597,52.016676062515025
597,52.016676062515025
598,51.97290121968869
598,51.97290121968869
598,51.97290121968869
598,51.97290121968869
598,51.97290121968869
599,51.995142514360694
599,51.995142514360694
599,51.995142514360694
599,51.995142514360694
599,51.995142514360694
600,36.081381567660785
600,36.081381567660785
600,36.081381567660785
600,36.081381567660785
600,36.081381567660785
601,36.032480030066495
601,36.032480030066495
601,36.032480030066495
601,36.032480030066495
601,36.032480030066495
602,35.99594632564789
602,35.99594632564789
602,35.99594632564789
602,35.99594632564789
602,35.99594632564789
603,32.40409584070386
603,32.40409584070386
603,32.40409584070386
603,32.40409584070386
603,32.40409584070386
604,32.39762866389508
604,32.39762866389508
604,32.39762866389508
604,32.39762866389508
604,32.39762866389508
605,48.34570604489289
605,48.34570604489289
605,48.34570604489289
605,48.34570604489289
605,48.34570604489289
606,32.363051572093845
606,32.363051572093845
606,32.363051572093845
606,32.363051572093845
606,32.363051572093845
607,35.940022678570344
607,35.940022678570344
607,35.940022678570344
607,35.940022678570344
607,35.940022678570344
608,35.941739716671215
608,35.941739716671215
608,35.941739716671215
608,35.941739716671215
608,35.941739716671215
609,35.983601061879675
609,35.983601061879675
609,35.983601061879675
609,35.983601061879675
609,35.983601061879675
610,20.181043426248944
610,20.181043426248944
610,20.181043426248944
610,20.181043426248944
610,20.181043426248944
611,20.15997786448767
611,20.15997786448767
611,20.15997786448767
611,20.15997786448767
611,20.15997786448767
612,20.187607361962247
612,20.187607361962247
612,20.187607361962247
612,20.187607361962247
612,20.187607361962247
613,20.180978539804507
613,20.180978539804507
613,20.180978539804507
613,20.180978539804507
613,20.180978539804507
614,20.104190363088925
614,20.104190363088925
614,20.104190363088925
614,20.104190363088925
614,20.104190363088925
615,20.059054491516367
615,20.059054491516367
615,20.059054491516367
615,20.059054491516367
615,20.059054491516367
616,20.062319966215217
616,20.062319966215217
616,20.062319966215217
616,20.062319966215217
616,20.062319966215217
617,19.959722867858986
617,19.959722867858986
617,19.959722867858986
617,19.959722867858986
617,19.959722867858986
618,19.961415798734535
618,19.961415798734535
618,19.961415798734535
618,19.961415798734535
618,19.961415798734535
619,19.88580976494451
619,19.88580976494451
619,19.88580976494451
619,19.88580976494451
619,19.88580976494451
620,19.93184969154563
620,19.93184969154563
620,19.93184969154563
620,19.93184969154563
620,19.93184969154563
621,20.031429261957193
621,20.031429261957193
621,20.031429261957193
621,20.031429261957193
621,20.031429261957193
622,20.0075093132265
622,20.0075093132265
622,20.0075093132265
622,20.0075093132265
622,20.0075093132265
623,20.02843697337965
623,20.02843697337965
623,20.02843697337965
623,20.02843697337965
623,20.02843697337965
624,20.039253468696284
624,20.039253468696284
624,20.039253468696284
624,20.039253468696284
624,20.039253468696284
625,20.028084808767705
625,20.028084808767705
625,20.028084808767705
625,20.028084808767705
625,20.028084808767705
626,20.00989624578623
626,20.00989624578623
626,20.00989624578623
626,20.00989624578623
626,20.00989624578623
627,19.977045637188496
627,19.977045637188496
627,19.977045637188496
627,19.977045637188496
627,19.977045637188496
628,19.98289013348128
628,19.98289013348128
628,19.98289013348128
628,19.98289013348128
628,19.98289013348128
629,20.00843027042333
629,20.00843027042333
629,20.00843027042333
629,20.00843027042333
629,20.00843027042333
630,19.997494807844138
630,19.997494807844138
630,19.997494807844138
630,19.997494807844138
630,19.997494807844138
631,20.006911453338383
631,20.006911453338383
631,20.006911453338383
631,20.006911453338383
631,20.006911453338383
632,19.997685922536633
632,19.997685922536633
632,19.997685922536633
632,19.997685922536633
632,19.997685922536633
633,19.90010176783218
633,19.90010176783218
633,19.90010176783218
633,19.90010176783218
633,19.90010176783218
634,19.895648957459535
634,19.895648957459535
634,19.895648957459535
634,19.895648957459535
634,19.895648957459535
635,19.986475309002582
635,19.986475309002582
635,19.986475309002582
635,19.986475309002582
635,19.986475309002582
636,19.94667144758296
636,19.94667144758296
636,19.94667144758296
636,19.94667144758296
636,19.94667144758296
637,19.896337507092056
637,19.896337507092056
637,19.896337507092056
637,19.896337507092056
637,19.896337507092056
638,19.851404616718305
638,19.851404616718305
638,19.851404616718305
638,19.851404616718305
638,19.851404616718305
639,19.89870483458329
639,19.89870483458329
639,19.89870483458329
639,19.89870483458329
639,19.89870483458329
640,19.97306970017991
640,19.97306970017991
640,19.97306970017991
640,19.97306970017991
640,19.97306970017991
641,19.989343766435788
641,19.989343766435788
641,19.989343766435788
641,19.989343766435788
641,19.989343766435788
642,20.00635400942721
642,20.00635400942721
642,20.00635400942721
642,20.00635400942721
642,20.00635400942721
643,20.013482434334204
643,20.013482434334204
643,20.013482434334204
643,20.013482434334204
643,20.013482434334204
644,19.93344020054609
644,19.93344020054609
644,19.93344020054609
644,19.93344020054609
644,19.93344020054609
645,19.91293164167547
645,19.91293164167547
645,19.91293164167547
645,19.91293164167547
645,19.91293164167547
646,19.947219530534113
646,19.947219530534113
646,19.947219530534113
646,19.947219530534113
646,19.947219530534113
647,16.306600963054656
647,16.306600963054656
647,16.306600963054656
647,16.306600963054656
647,16.306600963054656
648,16.295323885712634
648,16.295323885712634
648,16.295323885712634
648,16.295323885712634
648,16.295323885712634
649,16.278907463878493
649,16.278907463878493
649,16.278907463878493
649,16.278907463878493
649,16.278907463878493
650,16.24243944767635
650,16.24243944767635
650,16.24243944767635
650,16.24243944767635
650,16.24243944767635
651,16.22807610529482
651,16.22807610529482
651,16.22807610529482
651,16.22807610529482
651,16.22807610529482
652,0.34267603743639163
652,0.34267603743639163
652,0.34267603743639163
652,0.34267603743639163
652,0.34267603743639163
653,0.37415365695687547
653,0.37415365695687547
653,0.37415365695687547
653,0.37415365695687547
653,0.37415365695687547
654,0.438396938386306
654,0.438396938386306
654,0.438396938386306
654,0.438396938386306
654,0.438396938386306
655,0.45688848939247845
655,0.45688848939247845
655,0.45688848939247845
655,0.45688848939247845
655,0.45688848939247845
656,0.4795997906557739
656,0.4795997906557739
656,0.4795997906557739
656,0.4795997906557739
656,0.4795997906557739
657,0.4728859287421102
657,0.4728859287421102
657,0.4728859287421102
657,0.4728859287421102
657,0.4728859287421102
658,0.46050330735543776
658,0.46050330735543776
658,0.46050330735543776
658,0.46050330735543776
658,0.46050330735543776
659,0.4501042327353669
659,0.4501042327353669
659,0.4501042327353669
659,0.4501042327353669
659,0.4501042327353669
660,0.457134568013673
660,0.457134568013673
660,0.457134568013673
660,0.457134568013673
660,0.457134568013673
661,0.40364114392646944
661,0.40364114392646944
661,0.40364114392646944
661,0.40364114392646944
661,0.40364114392646944
662,0.4073320316613782
662,0.4073320316613782
662,0.4073320316613782
662,0.4073320316613782
662,0.4073320316613782
663,0.41355863283491506
663,0.41355863283491506
663,0.41355863283491506
663,0.41355863283491506
663,0.41355863283491506
664,0.42708099753470863
664,0.42708099753470863
664,0.42708099753470863
664,0.42708099753470863
664,0.42708099753470863
665,0.4358259218604382
665,0.4358259218604382
665,0.4358259218604382
665,0.4358259218604382
665,0.4358259218604382
666,0.44072333664544266
666,0.44072333664544266
666,0.44072333664544266
666,0.44072333664544266
666,0.44072333664544266
667,0.4521860404386988
667,0.4521860404386988
667,0.4521860404386988
667,0.4521860404386988
667,0.4521860404386988
668,0.39103081692799374
668,0.39103081692799374
668,0.39103081692799374
668,0.39103081692799374
668,0.39103081692799374
669,0.36915155327662197
669,0.36915155327662197
669,0.36915155327662197
669,0.36915155327662197
669,0.36915155327662197
670,16.276116673702706
670,16.276116673702706
670,16.276116673702706
670,16.276116673702706
670,16.276116673702706
671,16.283622266527097
671,16.283622266527097
671,16.283622266527097
671,16.283622266527097
671,16.283622266527097
672,16.284371541159846
672,16.284371541159846
672,16.284371541159846
672,16.284371541159846
672,16.284371541159846
673,16.248388692149945
673,16.248388692149945
673,16.248388692149945
673,16.248388692149945
673,16.248388692149945
674,16.240914243392137
674,16.240914243392137
674,16.240914243392137
674,16.240914243392137
674,16.240914243392137
675,16.256685245091138
675,16.256685245091138
675,16.256685245091138
675,16.256685245091138
675,16.256685245091138
676,16.31821524118494
676,16.31821524118494
676,16.31821524118494
676,16.31821524118494
676,16.31821524118494
677,16.358091281199293
677,16.358091281199293
677,16.358091281199293
677,16.358091281199293
677,16.358091281199293
678,16.422103717923928
678,16.422103717923928
678,16.422103717923928
678,16.422103717923928
678,16.422103717923928
679,16.444575756165065
679,16.444575756165065
679,16.444575756165065
679,16.444575756165065
679,16.444575756165065
680,16.35435972775572
680,16.35435972775572
680,16.35435972775572
680,16.35435972775572
680,16.35435972775572
681,16.3901801187647
681,16.3901801187647
681,16.3901801187647
681,16.3901801187647
681,16.3901801187647
682,16.394689421902726
682,16.394689421902726
682,16.394689421902726
682,16.394689421902726
682,16.394689421902726
683,0.47786384720858077
683,0.47786384720858077
683,0.47786384720858077
683,0.47786384720858077
683,0.47786384720858077
684,0.4548405492944818
684,0.4548405492944818
684,0.4548405492944818
684,0.4548405492944818
684,0.4548405492944818
685,0.4554345060254311
685,0.4554345060254311
685,0.4554345060254311
685,0.4554345060254311
685,0.4554345060254311
686,0.44568341909848985
686,0.44568341909848985
686,0.44568341909848985
686,0.44568341909848985
686,0.44568341909848985
687,0.40991897140276157
687,0.40991897140276157
687,0.40991897140276157
687,0.40991897140276157
687,0.40991897140276157
688,0.3696401854900603
688,0.3696401854900603
688,0.3696401854900603
688,0.3696401854900603
688,0.3696401854900603
689,16.342534842409815
689,16.342534842409815
689,16.342534842409815
689,16.342534842409815
689,16.342534842409815
690,16.340406328692385
690,16.340406328692385
690,16.340406328692385
690,16.340406328692385
690,16.340406328692385
691,16.30687225367327
691,16.30687225367327
691,16.30687225367327
691,16.30687225367327
691,16.30687225367327
692,16.329147917734968
692,16.329147917734968
692,16.329147917734968
692,16.329147917734968
692,16.329147917734968
693,32.310232335897545
693,32.310232335897545
693,32.310232335897545
693,32.310232335897545
693,32.310232335897545
694,32.29553460624182
694,32.29553460624182
694,32.29553460624182
694,32.29553460624182
694,32.29553460624182
695,32.30835890604231
695,32.30835890604231
695,32.30835890604231
695,32.30835890604231
695,32.30835890604231
696,16.34150693682703
696,16.34150693682703
696,16.34150693682703
696,16.34150693682703
696,16.34150693682703
697,0.37821208770184256
697,0.37821208770184256
697,0.37821208770184256
697,0.37821208770184256
697,0.37821208770184256
698,16.379593431123915
698,16.379593431123915
698,16.379593431123915
698,16.379593431123915
698,16.379593431123915
699,16.460653126123013
699,16.460653126123013
699,16.460653126123013
699,16.460653126123013
699,16.460653126123013
700,16.429887560115695
700,16.429887560115695
700,16.429887560115695
700,16.429887560115695
700,16.429887560115695
701,16.403397350888262
701,16.403397350888262
701,16.403397350888262
701,16.403397350888262
701,16.403397350888262
702,0.30855271557608993
702,0.30855271557608993
702,0.30855271557608993
702,0.30855271557608993
702,0.30855271557608993
703,0.29995333604557006
703,0.29995333604557006
703,0.29995333604557006
703,0.29995333604557006
703,0.29995333604557006
704,0.30428136403716805
704,0.30428136403716805
704,0.30428136403716805
704,0.30428136403716805
704,0.30428136403716805
705,0.2817683623896502
705,0.2817683623896502
705,0.2817683623896502
705,0.2817683623896502
705,0.2817683623896502
706,0.3362998836632661
706,0.3362998836632661
706,0.3362998836632661
706,0.3362998836632661
706,0.3362998836632661
707,0.32090522098666374
707,0.32090522098666374
707,0.32090522098666374
707,0.32090522098666374
707,0.32090522098666374
708,0.27634237308300674
708,0.27634237308300674
708,0.27634237308300674
708,0.27634237308300674
708,0.27634237308300674
709,0.19793916565458644
709,0.19793916565458644
709,0.19793916565458644
709,0.19793916565458644
709,0.19793916565458644
710,0.2414990532890206
710,0.2414990532890206
710,0.2414990532890206
710,0.2414990532890206
710,0.2414990532890206
711,0.35847558510580846
711,0.35847558510580846
711,0.35847558510580846
711,0.35847558510580846
711,0.35847558510580846
712,16.354458717135405
712,16.354458717135405
712,16.354458717135405
712,16.354458717135405
712,16.354458717135405
713,16.37992122143633
713,16.37992122143633
713,16.37992122143633
713,16.37992122143633
713,16.37992122143633
714,16.37868300304049
714,16.37868300304049
714,16.37868300304049
714,16.37868300304049
714,16.37868300304049
715,16.370186107661162
715,16.370186107661162
715,16.370186107661162
715,16.370186107661162
715,16.370186107661162
716,0.3432717856663544
716,0.3432717856663544
716,0.3432717856663544
716,0.3432717856663544
716,0.3432717856663544
717,0.32032276989685127
717,0.32032276989685127
717,0.32032276989685127
717,0.32032276989685127
717,0.32032276989685127
718,16.211653277449958
718,16.211653277449958
718,16.211653277449958
718,16.211653277449958
718,16.211653277449958
719,16.190748771329964
719,16.190748771329964
719,16.190748771329964
719,16.190748771329964
719,16.190748771329964
720,16.1956644362077
720,16.1956644362077
720,16.1956644362077
720,16.1956644362077
720,16.1956644362077
721,16.214932167589218
721,16.214932167589218
721,16.214932167589218
721,16.214932167589218
721,16.214932167589218
722,16.219893259423035
722,16.219893259423035
722,16.219893259423035
722,16.219893259423035
722,16.219893259423035
723,0.31578636974721247
723,0.31578636974721247
723,0.31578636974721247
723,0.31578636974721247
723,0.31578636974721247
724,0.3508099317794177
724,0.3508099317794177
724,0.3508099317794177
724,0.3508099317794177
724,0.3508099317794177
725,0.40822357868682124
725,0.40822357868682124
725,0.40822357868682124
725,0.40822357868682124
725,0.40822357868682124
726,0.38786250037220354
726,0.38786250037220354
726,0.38786250037220354
726,0.38786250037220354
726,0.38786250037220354
727,0.4063064071323123
727,0.4063064071323123
727,0.4063064071323123
727,0.4063064071323123
727,0.4063064071323123
728,0.4280497654169745
728,0.4280497654169745
728,0.4280497654169745
728,0.4280497654169745
728,0.4280497654169745
729,0.42479814223531653
729,0.42479814223531653
729,0.42479814223531653
729,0.42479814223531653
729,0.42479814223531653
730,0.3378289947271823
730,0.3378289947271823
730,0.3378289947271823
730,0.3378289947271823
730,0.3378289947271823
731,0.32694519526019267
731,0.32694519526019267
731,0.32694519526019267
731,0.32694519526019267
731,0.32694519526019267
732,16.235737386351072
732,16.235737386351072
732,16.235737386351072
732,16.235737386351072
732,16.235737386351072
733,16.23174121671358
733,16.23174121671358
733,16.23174121671358
733,16.23174121671358
733,16.23174121671358
734,0.31932466177689023
734,0.31932466177689023
734,0.31932466177689023
734,0.31932466177689023
734,0.31932466177689023
735,0.32408983790838264
735,0.32408983790838264
735,0.32408983790838264
735,0.32408983790838264
735,0.32408983790838264
736,0.34718600396949595
736,0.34718600396949595
736,0.34718600396949595
736,0.34718600396949595
736,0.34718600396949595
737,0.31952630413369015
737,0.31952630413369015
737,0.31952630413369015
737,0.31952630413369015
737,0.31952630413369015
738,0.2962860187830436
738,0.2962860187830436
738,0.2962860187830436
738,0.2962860187830436
738,0.2962860187830436
739,0.29303324839277994
739,0.29303324839277994
739,0.29303324839277994
739,0.29303324839277994
739,0.29303324839277994
740,0.29522894058545
740,0.29522894058545
740,0.29522894058545
740,0.29522894058545
740,0.29522894058545
741,0.31916622232482755
741,0.31916622232482755
741,0.31916622232482755
741,0.31916622232482755
741,0.31916622232482755
742,0.34197208171301396
742,0.34197208171301396
742,0.34197208171301396
742,0.34197208171301396
742,0.34197208171301396
743,0.37087288156373754
743,0.37087288156373754
743,0.37087288156373754
743,0.37087288156373754
743,0.37087288156373754
744,0.36037337349086207
744,0.36037337349086207
744,0.36037337349086207
744,0.36037337349086207
744,0.36037337349086207
745,0.3577746678337367
745,0.3577746678337367
745,0.3577746678337367
745,0.3577746678337367
745,0.3577746678337367
746,16.321455707878588
746,16.321455707878588
746,16.321455707878588
746,16.321455707878588
746,16.321455707878588
747,16.324673857342603
747,16.324673857342603
747,16.324673857342603
747,16.324673857342603
747,16.324673857342603
748,0.3869364895556145
748,0.3869364895556145
748,0.3869364895556145
748,0.3869364895556145
748,0.3869364895556145
749,0.377104477749203
749,0.377104477749203
749,0.377104477749203
749,0.377104477749203
749,0.377104477749203
750,0.36414881509051844
750,0.36414881509051844
750,0.36414881509051844
750,0.36414881509051844
750,0.36414881509051844
751,0.3671054594392992
751,0.3671054594392992
751,0.3671054594392992
751,0.3671054594392992
751,0.3671054594392992
752,0.36931816600579215
752,0.36931816600579215
752,0.36931816600579215
752,0.36931816600579215
752,0.36931816600579215
753,0.36604041767417445
753,0.36604041767417445
753,0.36604041767417445
753,0.36604041767417445
753,0.36604041767417445
754,0.3757601169832645
754,0.3757601169832645
754,0.3757601169832645
754,0.3757601169832645
754,0.3757601169832645
755,0.3921016116089245
755,0.3921016116089245
755,0.3921016116089245
755,0.3921016116089245
755,0.3921016116089245
756,0.413393100072173
756,0.413393100072173
756,0.413393100072173
756,0.413393100072173
756,0.413393100072173
757,0.3795679379143675
757,0.3795679379143675
757,0.3795679379143675
757,0.3795679379143675
757,0.3795679379143675
758,0.3857810209174677
758,0.3857810209174677
758,0.3857810209174677
758,0.3857810209174677
758,0.3857810209174677
759,0.3490988419968031
759,0.3490988419968031
759,0.3490988419968031
759,0.3490988419968031
759,0.3490988419968031
760,0.3685756689231742
760,0.3685756689231742
760,0.3685756689231742
760,0.3685756689231742
760,0.3685756689231742
761,0.40290522338279294
761,0.40290522338279294
761,0.40290522338279294
761,0.40290522338279294
761,0.40290522338279294
762,0.3853944562751992
762,0.3853944562751992
762,0.3853944562751992
762,0.3853944562751992
762,0.3853944562751992
763,0.3983412799118291
763,0.3983412799118291
763,0.3983412799118291
763,0.3983412799118291
763,0.3983412799118291
764,0.39100163174037866
764,0.39100163174037866
764,0.39100163174037866
764,0.39100163174037866
764,0.39100163174037866
765,0.3700103660262804
765,0.3700103660262804
765,0.3700103660262804
765,0.3700103660262804
765,0.3700103660262804
766,0.30567286179710684
766,0.30567286179710684
766,0.30567286179710684
766,0.30567286179710684
766,0.30567286179710684
767,0.3319548662437666
767,0.3319548662437666
767,0.3319548662437666
767,0.3319548662437666
767,0.3319548662437666
768,0.3494031290979659
768,0.3494031290979659
768,0.3494031290979659
768,0.3494031290979659
768,0.3494031290979659
769,0.34838983068552387
769,0.34838983068552387
769,0.34838983068552387
769,0.34838983068552387
769,0.34838983068552387
770,0.3375564622053783
770,0.3375564622053783
770,0.3375564622053783
770,0.3375564622053783
770,0.3375564622053783
771,0.32150433121393684
771,0.32150433121393684
771,0.32150433121393684
771,0.32150433121393684
771,0.32150433121393684
772,0.3760852344585368
772,0.3760852344585368
772,0.3760852344585368
772,0.3760852344585368
772,0.3760852344585368
773,0.33921520103379266
773,0.33921520103379266
773,0.33921520103379266
773,0.33921520103379266
773,0.33921520103379266
774,0.33813738703608387
774,0.33813738703608387
774,0.33813738703608387
774,0.33813738703608387
774,0.33813738703608387
775,0.38530298952074593
775,0.38530298952074593
775,0.38530298952074593
775,0.38530298952074593
775,0.38530298952074593
776,16.405496111345588
776,16.405496111345588
776,16.405496111345588
776,16.405496111345588
776,16.405496111345588
777,16.387432929978033
777,16.387432929978033
777,16.387432929978033
777,16.387432929978033
777,16.387432929978033
778,16.367495833516326
778,16.367495833516326
778,16.367495833516326
778,16.367495833516326
778,16.367495833516326
779,0.3078992306240185
779,0.3078992306240185
779,0.3078992306240185
779,0.3078992306240185
779,0.3078992306240185
780,0.2895457248683793
780,0.2895457248683793
780,0.2895457248683793
780,0.2895457248683793
780,0.2895457248683793
781,0.30379245662350973
781,0.30379245662350973
781,0.30379245662350973
781,0.30379245662350973
781,0.30379245662350973
782,0.32762029187535
782,0.32762029187535
782,0.32762029187535
782,0.32762029187535
782,0.32762029187535
783,0.3771459477327339
783,0.3771459477327339
783,0.3771459477327339
783,0.3771459477327339
783,0.3771459477327339
784,0.34429924988506244
784,0.34429924988506244
784,0.34429924988506244
784,0.34429924988506244
784,0.34429924988506244
785,0.3799423043401431
785,0.3799423043401431
785,0.3799423043401431
785,0.3799423043401431
785,0.3799423043401431
786,16.28513390760022
786,16.28513390760022
786,16.28513390760022
786,16.28513390760022
786,16.28513390760022
787,16.296967782158397
787,16.296967782158397
787,16.296967782158397
787,16.296967782158397
787,16.296967782158397
788,16.305553490423996
788,16.305553490423996
788,16.305553490423996
788,16.305553490423996
788,16.305553490423996
789,16.3180223646874
789,16.3180223646874
789,16.3180223646874
789,16.3180223646874
789,16.3180223646874
790,16.343612151335968
790,16.343612151335968
790,16.343612151335968
790,16.343612151335968
790,16.343612151335968
791,16.41092944055869
791,16.41092944055869
791,16.41092944055869
791,16.41092944055869
791,16.41092944055869
792,16.405046243047455
792,16.405046243047455
792,16.405046243047455
792,16.405046243047455
792,16.405046243047455
793,16.375246158982307
793,16.375246158982307
793,16.375246158982307
793,16.375246158982307
793,16.375246158982307
794,0.3975024890994853
794,0.3975024890994853
794,0.3975024890994853
794,0.3975024890994853
794,0.3975024890994853
795,0.4035912763496575
795,0.4035912763496575
795,0.4035912763496575
795,0.4035912763496575
795,0.4035912763496575
796,0.4431590964695563
796,0.4431590964695563
796,0.4431590964695563
796,0.4431590964695563
796,0.4431590964695563
797,0.4228021557441027
797,0.4228021557441027
797,0.4228021557441027
797,0.4228021557441027
797,0.4228021557441027
798,0.4293860165418453
798,0.4293860165418453
798,0.4293860165418453
798,0.4293860165418453
798,0.4293860165418453
799,0.3751302935271399
799,0.3751302935271399
799,0.3751302935271399
799,0.3751302935271399
799,0.3751302935271399
800,0.3671650536332925
800,0.3671650536332925
800,0.3671650536332925
800,0.3671650536332925
800,0.3671650536332925
801,0.37392273022675315
801,0.37392273022675315
801,0.37392273022675315
801,0.37392273022675315
801,0.37392273022675315
802,0.438082523701356
802,0.438082523701356
802,0.438082523701356
802,0.438082523701356
802,0.438082523701356
803,0.46553595201880427
803,0.46553595201880427
803,0.46553595201880427
803,0.46553595201880427
803,0.46553595201880427
804,16.412606924711888
804,16.412606924711888
804,16.412606924711888
804,16.412606924711888
804,16.412606924711888
805,16.452109358544853
805,16.452109358544853
805,16.452109358544853
805,16.452109358544853
805,16.452109358544853
806,16.48779805155595
806,16.48779805155595
806,16.48779805155595
806,16.48779805155595
806,16.48779805155595
807,16.478313823789854
807,16.478313823789854
807,16.478313823789854
807,16.478313823789854
807,16.478313823789854
808,16.46951825766405
808,16.46951825766405
808,16.46951825766405
808,16.46951825766405
808,16.46951825766405
809,16.472598620170565
809,16.472598620170565
809,16.472598620170565
809,16.472598620170565
809,16.472598620170565
810,16.49149060622218
810,16.49149060622218
810,16.49149060622218
810,16.49149060622218
810,16.49149060622218
811,16.46856675505179
811,16.46856675505179
811,16.46856675505179
811,16.46856675505179
811,16.46856675505179
812,16.437446017771787
812,16.437446017771787
812,16.437446017771787
812,16.437446017771787
812,16.437446017771787
813,16.389191832545553
813,16.389191832545553
813,16.389191832545553
813,16.389191832545553
813,16.389191832545553
814,16.366603014612945
814,16.366603014612945
814,16.366603014612945
814,16.366603014612945
814,16.366603014612945
815,0.3602434225786409
815,0.3602434225786409
815,0.3602434225786409
815,0.3602434225786409
815,0.3602434225786409
816,0.3581251394064616
816,0.3581251394064616
816,0.3581251394064616
816,0.3581251394064616
816,0.3581251394064616
817,0.3188326619270779
817,0.3188326619270779
817,0.3188326619270779
817,0.3188326619270779
817,0.3188326619270779
818,0.30824504219675414
818,0.30824504219675414
818,0.30824504219675414
818,0.30824504219675414
818,0.30824504219675414
819,0.317547393586464
819,0.317547393586464
819,0.317547393586464
819,0.317547393586464
819,0.317547393586464
820,0.32887858219250077
820,0.32887858219250077
820,0.32887858219250077
820,0.32887858219250077
820,0.32887858219250077
821,0.3566043396242745
821,0.3566043396242745
821,0.3566043396242745
821,0.3566043396242745
821,0.3566043396242745
822,0.3928820447095511
822,0.3928820447095511
822,0.3928820447095511
822,0.3928820447095511
822,0.3928820447095511
823,0.42002816490344436
823,0.42002816490344436
823,0.42002816490344436
823,0.42002816490344436
823,0.42002816490344436
824,0.41757863916759863
824,0.41757863916759863
824,0.41757863916759863
824,0.41757863916759863
824,0.41757863916759863
825,0.39962741395379087
825,0.39962741395379087
825,0.39962741395379087
825,0.39962741395379087
825,0.39962741395379087
826,0.4167552419400689
826,0.4167552419400689
826,0.4167552419400689
826,0.4167552419400689
826,0.4167552419400689
827,16.330803936911664
827,16.330803936911664
827,16.330803936911664
827,16.330803936911664
827,16.330803936911664
828,16.310490186786012
828,16.310490186786012
828,16.310490186786012
828,16.310490186786012
828,16.310490186786012
829,16.280991401904508
829,16.280991401904508
829,16.280991401904508
829,16.280991401904508
829,16.280991401904508
830,16.34004817423674
830,16.34004817423674
830,16.34004817423674
830,16.34004817423674
830,16.34004817423674
831,16.340630914121217
831,16.340630914121217
831,16.340630914121217
831,16.340630914121217
831,16.340630914121217
832,16.360854431565052
832,16.360854431565052
832,16.360854431565052
832,16.360854431565052
832,16.360854431565052
833,0.46685199836057933
833,0.46685199836057933
833,0.46685199836057933
833,0.46685199836057933
833,0.46685199836057933
834,0.4424429184130892
834,0.4424429184130892
834,0.4424429184130892
834,0.4424429184130892
834,0.4424429184130892
835,0.4040931816019656
835,0.4040931816019656
835,0.4040931816019656
835,0.4040931816019656
835,0.4040931816019656
836,16.269868990575283
836,16.269868990575283
836,16.269868990575283
836,16.269868990575283
836,16.269868990575283
837,16.287723379391387
837,16.287723379391387
837,16.287723379391387
837,16.287723379391387
837,16.287723379391387
838,16.29478303030821
838,16.29478303030821
838,16.29478303030821
838,16.29478303030821
838,16.29478303030821
839,16.332969986733243
839,16.332969986733243
839,16.332969986733243
839,16.332969986733243
839,16.332969986733243
840,16.37975295586883
840,16.37975295586883
840,16.37975295586883
840,16.37975295586883
840,16.37975295586883
841,16.412144212114654
841,16.412144212114654
841,16.412144212114654
841,16.412144212114654
841,16.412144212114654
842,16.35369397403409
842,16.35369397403409
842,16.35369397403409
842,16.35369397403409
842,16.35369397403409
843,16.32105443149959
843,16.32105443149959
843,16.32105443149959
843,16.32105443149959
843,16.32105443149959
844,16.297074721247593
844,16.297074721247593
844,16.297074721247593
844,16.297074721247593
844,16.297074721247593
845,16.31045571237217
845,16.31045571237217
845,16.31045571237217
845,16.31045571237217
845,16.31045571237217
846,16.26105805576364
846,16.26105805576364
846,16.26105805576364
846,16.26105805576364
846,16.26105805576364
847,16.271646342457338
847,16.271646342457338
847,16.271646342457338
847,16.271646342457338
847,16.271646342457338
848,19.827105249981336
848,19.827105249981336
848,19.827105249981336
848,19.827105249981336
848,19.827105249981336
849,19.83159557647422
849,19.83159557647422
849,19.83159557647422
849,19.83159557647422
849,19.83159557647422
850,16.272281545971456
850,16.272281545971456
850,16.272281545971456
850,16.272281545971456
850,16.272281545971456
851,16.277810048284977
851,16.277810048284977
851,16.277810048284977
851,16.277810048284977
851,16.277810048284977
852,16.349312615181386
852,16.349312615181386
852,16.349312615181386
852,16.349312615181386
852,16.349312615181386
853,16.338763811265263
853,16.338763811265263
853,16.338763811265263
853,16.338763811265263
853,16.338763811265263
854,16.377276972875585
854,16.377276972875585
854,16.377276972875585
854,16.377276972875585
854,16.377276972875585
855,16.30835723695238
855,16.30835723695238
855,16.30835723695238
855,16.30835723695238
855,16.30835723695238
856,32.29088293670097
856,32.29088293670097
856,32.29088293670097
856,32.29088293670097
856,32.29088293670097
857,48.293414952172625
857,48.293414952172625
857,48.293414952172625
857,48.293414952172625
857,48.293414952172625
858,51.89702209698005
858,51.89702209698005
858,51.89702209698005
858,51.89702209698005
858,51.89702209698005
859,51.87980393658016
859,51.87980393658016
859,51.87980393658016
859,51.87980393658016
859,51.87980393658016
860,51.890644610306865
860,51.890644610306865
860,51.890644610306865
860,51.890644610306865
860,51.890644610306865
861,51.877720070075625
861,51.877720070075625
861,51.877720070075625
861,51.877720070075625
861,51.877720070075625
862,51.86278070427858
862,51.86278070427858
862,51.86278070427858
862,51.86278070427858
862,51.86278070427858
863,35.922122941374504
863,35.922122941374504
863,35.922122941374504
863,35.922122941374504
863,35.922122941374504
864,35.94021554503916
864,35.94021554503916
864,35.94021554503916
864,35.94021554503916
864,35.94021554503916
865,35.968130978951386
865,35.968130978951386
865,35.968130978951386
865,35.968130978951386
865,35.968130978951386
866,19.9783203980037
866,19.9783203980037
866,19.9783203980037
866,19.9783203980037
866,19.9783203980037
867,16.40975186680399
867,16.40975186680399
867,16.40975186680399
867,16.40975186680399
867,16.40975186680399
868,20.01802607080817
868,20.01802607080817
868,20.01802607080817
868,20.01802607080817
868,20.01802607080817
869,35.97736160457537
869,35.97736160457537
869,35.97736160457537
869,35.97736160457537
869,35.97736160457537
870,51.92340564314712
870,51.92340564314712
870,51.92340564314712
870,51.92340564314712
870,51.92340564314712
871,51.87937157266172
871,51.87937157266172
871,51.87937157266172
871,51.87937157266172
871,51.87937157266172
872,55.51954610548463
872,55.51954610548463
872,55.51954610548463
872,55.51954610548463
872,55.51954610548463
873,55.54182658087062
873,55.54182658087062
873,55.54182658087062
873,55.54182658087062
873,55.54182658087062
874,55.53540931672869
874,55.53540931672869
874,55.53540931672869
874,55.53540931672869
874,55.53540931672869
875,55.551902001078574
875,55.551902001078574
875,55.551902001078574
875,55.551902001078574
875,55.551902001078574
876,55.57705482042295
876,55.57705482042295
876,55.57705482042295
876,55.57705482042295
876,55.57705482042295
877,32.31923102021627
877,32.31923102021627
877,32.31923102021627
877,32.31923102021627
877,32.31923102021627
878,32.36697416672901
878,32.36697416672901
878,32.36697416672901
878,32.36697416672901
878,32.36697416672901
879,32.38817048673825
879,32.38817048673825
879,32.38817048673825
879,32.38817048673825
879,32.38817048673825
880,32.342138559041175
880,32.342138559041175
880,32.342138559041175
880,32.342138559041175
880,32.342138559041175
881,32.364773399573856
881,32.364773399573856
881,32.364773399573856
881,32.364773399573856
881,32.364773399573856
882,36.02170167729913
882,36.02170167729913
882,36.02170167729913
882,36.02170167729913
882,36.02170167729913
883,39.59765642103557
883,39.59765642103557
883,39.59765642103557
883,39.59765642103557
883,39.59765642103557
884,35.96605716255818
884,35.96605716255818
884,35.96605716255818
884,35.96605716255818
884,35.96605716255818
885,35.94165300614077
885,35.94165300614077
885,35.94165300614077
885,35.94165300614077
885,35.94165300614077
886,51.95293456041939
886,51.95293456041939
886,51.95293456041939
886,51.95293456041939
886,51.95293456041939
887,51.969175864039315
887,51.969175864039315
887,51.969175864039315
887,51.969175864039315
887,51.969175864039315
888,51.94267512090378
888,51.94267512090378
888,51.94267512090378
888,51.94267512090378
888,51.94267512090378
889,51.960612933436416
889,51.960612933436416
889,51.960612933436416
889,51.960612933436416
889,51.960612933436416
890,51.956418742370396
890,51.956418742370396
890,51.956418742370396
890,51.956418742370396
890,51.956418742370396
891,51.89083647416102
891,51.89083647416102
891,51.89083647416102
891,51.89083647416102
891,51.89083647416102
892,35.99308450587767
892,35.99308450587767
892,35.99308450587767
892,35.99308450587767
892,35.99308450587767
893,36.021131410455524
893,36.021131410455524
893,36.021131410455524
893,36.021131410455524
893,36.021131410455524
894,36.050973783893525
894,36.050973783893525
894,36.050973783893525
894,36.050973783893525
894,36.050973783893525
895,32.47420427950219
895,32.47420427950219
895,32.47420427950219
895,32.47420427950219
895,32.47420427950219
896,36.020423880771716
896,36.020423880771716
896,36.020423880771716
896,36.020423880771716
896,36.020423880771716
897,36.00872482093879
897,36.00872482093879
897,36.00872482093879
897,36.00872482093879
897,36.00872482093879
898,35.99983649973419
898,35.99983649973419
898,35.99983649973419
898,35.99983649973419
898,35.99983649973419
899,51.96775233748009
899,51.96775233748009
899,51.96775233748009
899,51.96775233748009
899,51.96775233748009
900,55.61157350541686
900,55.61157350541686
900,55.61157350541686
900,55.61157350541686
900,55.61157350541686
901,51.94163161618568
901,51.94163161618568
901,51.94163161618568
901,51.94163161618568
901,51.94163161618568
902,48.33100556963528
902,48.33100556963528
902,48.33100556963528
902,48.33100556963528
902,48.33100556963528
903,51.914539453174896
903,51.914539453174896
903,51.914539453174896
903,51.914539453174896
903,51.914539453174896
904,55.522188324566535
904,55.522188324566535
904,55.522188324566535
904,55.522188324566535
904,55.522188324566535
905,39.59524673380503
905,39.59524673380503
905,39.59524673380503
905,39.59524673380503
905,39.59524673380503
906,35.94256513724444
906,35.94256513724444
906,35.94256513724444
906,35.94256513724444
906,35.94256513724444
907,35.981464738855394
907,35.981464738855394
907,35.981464738855394
907,35.981464738855394
907,35.981464738855394
908,51.8927199845035
908,51.8927199845035
908,51.8927199845035
908,51.8927199845035
908,51.8927199845035
909,51.924067918978395
909,51.924067918978395
909,51.924067918978395
909,51.924067918978395
909,51.924067918978395
910,51.92133367381763
910,51.92133367381763
910,51.92133367381763
910,51.92133367381763
910,51.92133367381763
911,51.91787894278334
911,51.91787894278334
911,51.91787894278334
911,51.91787894278334
911,51.91787894278334
912,36.06800700281828
912,36.06800700281828
912,36.06800700281828
912,36.06800700281828
912,36.06800700281828
913,36.110498492246805
913,36.110498492246805
913,36.110498492246805
913,36.110498492246805
913,36.110498492246805
914,36.11438009935331
914,36.11438009935331
914,36.11438009935331
914,36.11438009935331
914,36.11438009935331
915,20.104985985410504
915,20.104985985410504
915,20.104985985410504
915,20.104985985410504
915,20.104985985410504
916,20.102596706193147
916,20.102596706193147
916,20.102596706193147
916,20.102596706193147
916,20.102596706193147
917,19.953926954892182
917,19.953926954892182
917,19.953926954892182
917,19.953926954892182
917,19.953926954892182
918,19.992991083544425
918,19.992991083544425
918,19.992991083544425
918,19.992991083544425
918,19.992991083544425
919,35.9564312387018
919,35.9564312387018
919,35.9564312387018
919,35.9564312387018
919,35.9564312387018
920,35.90946918500358
920,35.90946918500358
920,35.90946918500358
920,35.90946918500358
920,35.90946918500358
921,35.923879571622656
921,35.923879571622656
921,35.923879571622656
921,35.923879571622656
921,35.923879571622656
922,35.97838690218018
922,35.97838690218018
922,35.97838690218018
922,35.97838690218018
922,35.97838690218018
923,20.1114822369311
923,20.1114822369311
923,20.1114822369311
923,20.1114822369311
923,20.1114822369311
924,16.540973556122076
924,16.540973556122076
924,16.540973556122076
924,16.540973556122076
924,16.540973556122076
925,16.54246100430101
925,16.54246100430101
925,16.54246100430101
925,16.54246100430101
925,16.54246100430101
926,20.116007100080182
926,20.116007100080182
926,20.116007100080182
926,20.116007100080182
926,20.116007100080182
927,20.045846083983445
927,20.045846083983445
927,20.045846083983445
927,20.045846083983445
927,20.045846083983445
928,20.117088482341774
928,20.117088482341774
928,20.117088482341774
928,20.117088482341774
928,20.117088482341774
929,20.110256336180797
929,20.110256336180797
929,20.110256336180797
929,20.110256336180797
929,20.110256336180797
930,20.165461479015978
930,20.165461479015978
930,20.165461479015978
930,20.165461479015978
930,20.165461479015978
931,35.983806784982576
931,35.983806784982576
931,35.983806784982576
931,35.983806784982576
931,35.983806784982576
932,35.97499181026467
932,35.97499181026467
932,35.97499181026467
932,35.97499181026467
932,35.97499181026467
933,55.496814795332455
933,55.496814795332455
933,55.496814795332455
933,55.496814795332455
933,55.496814795332455
934,51.95325670869299
934,51.95325670869299
934,51.95325670869299
934,51.95325670869299
934,51.95325670869299
935,67.88200476163465
935,67.88200476163465
935,67.88200476163465
935,67.88200476163465
935,67.88200476163465
936,71.51021214504011
936,71.51021214504011
936,71.51021214504011
936,71.51021214504011
936,71.51021214504011
937,55.58516759299654
937,55.58516759299654
937,55.58516759299654
937,55.58516759299654
937,55.58516759299654
938,59.17376942835043
938,59.17376942835043
938,59.17376942835043
938,59.17376942835043
938,59.17376942835043
939,59.19056132614094
939,59.19056132614094
939,59.19056132614094
939,59.19056132614094
939,59.19056132614094
940,59.228808193775
940,59.228808193775
940,59.228808193775
940,59.228808193775
940,59.228808193775
941,55.61187360632256
941,55.61187360632256
941,55.61187360632256
941,55.61187360632256
941,55.61187360632256
942,55.54956896151002
942,55.54956896151002
942,55.54956896151002
942,55.54956896151002
942,55.54956896151002
943,55.435999224882096
943,55.435999224882096
943,55.435999224882096
943,55.435999224882096
943,55.435999224882096
944,51.89800542252183
944,51.89800542252183
944,51.89800542252183
944,51.89800542252183
944,51.89800542252183
945,51.913049516624085
945,51.913049516624085
945,51.913049516624085
945,51.913049516624085
945,51.913049516624085
946,55.53687134608473
946,55.53687134608473
946,55.53687134608473
946,55.53687134608473
946,55.53687134608473
947,55.55605254529532
947,55.55605254529532
947,55.55605254529532
947,55.55605254529532
947,55.55605254529532
948,39.565669792817545
948,39.565669792817545
948,39.565669792817545
948,39.565669792817545
948,39.565669792817545
949,39.637164654777635
949,39.637164654777635
949,39.637164654777635
949,39.637164654777635
949,39.637164654777635
950,59.19366711518823
950,59.19366711518823
950,59.19366711518823
950,59.19366711518823
950,59.19366711518823
951,59.255755035049994
951,59.255755035049994
951,59.255755035049994
951,59.255755035049994
951,59.255755035049994
952,75.21317544396942
952,75.21317544396942
952,75.21317544396942
952,75.21317544396942
952,75.21317544396942
953,75.240543741155
953,75.240543741155
953,75.240543741155
953,75.240543741155
953,75.240543741155
954,75.22241739862395
954,75.22241739862395
954,75.22241739862395
954,75.22241739862395
954,75.22241739862395
955,71.63094948606357
955,71.63094948606357
955,71.63094948606357
955,71.63094948606357
955,71.63094948606357
956,68.0215503286466
956,68.0215503286466
956,68.0215503286466
956,68.0215503286466
956,68.0215503286466
957,67.98633407629065
957,67.98633407629065
957,67.98633407629065
957,67.98633407629065
957,67.98633407629065
958,71.59045118824467
958,71.59045118824467
958,71.59045118824467
958,71.59045118824467
958,71.59045118824467
959,71.62411040472816
959,71.62411040472816
959,71.62411040472816
959,71.62411040472816
959,71.62411040472816
960,91.26518218394065
960,91.26518218394065
960,91.26518218394065
960,91.26518218394065
960,91.26518218394065
961,75.33326623291275
961,75.33326623291275
961,75.33326623291275
961,75.33326623291275
961,75.33326623291275
962,75.32227803496541
962,75.32227803496541
962,75.32227803496541
962,75.32227803496541
962,75.32227803496541
963,91.1802083119643
963,91.1802083119643
963,91.1802083119643
963,91.1802083119643
963,91.1802083119643
964,91.14383985827116
964,91.14383985827116
964,91.14383985827116
964,91.14383985827116
964,91.14383985827116
965,91.17259341748459
965,91.17259341748459
965,91.17259341748459
965,91.17259341748459
965,91.17259341748459
966,87.61562194908458
966,87.61562194908458
966,87.61562194908458
966,87.61562194908458
966,87.61562194908458
967,87.64926110891626
967,87.64926110891626
967,87.64926110891626
967,87.64926110891626
967,87.64926110891626
968,87.62560106748978
968,87.62560106748978
968,87.62560106748978
968,87.62560106748978
968,87.62560106748978
969,87.62796217605091
969,87.62796217605091
969,87.62796217605091
969,87.62796217605091
969,87.62796217605091
970,87.54434864311153
970,87.54434864311153
970,87.54434864311153
970,87.54434864311153
970,87.54434864311153
971,83.84620226161557
971,83.84620226161557
971,83.84620226161557
971,83.84620226161557
971,83.84620226161557
972,87.42741294061354
972,87.42741294061354
972,87.42741294061354
972,87.42741294061354
972,87.42741294061354
973,71.53377017281021
973,71.53377017281021
973,71.53377017281021
973,71.53377017281021
973,71.53377017281021
974,71.6647519327352
974,71.6647519327352
974,71.6647519327352
974,71.6647519327352
974,71.6647519327352
975,71.62294299757019
975,71.62294299757019
975,71.62294299757019
975,71.62294299757019
975,71.62294299757019
976,55.64748149021025
976,55.64748149021025
976,55.64748149021025
976,55.64748149021025
976,55.64748149021025
977,52.06979651165807
977,52.06979651165807
977,52.06979651165807
977,52.06979651165807
977,52.06979651165807
978,71.63328324247162
978,71.63328324247162
978,71.63328324247162
978,71.63328324247162
978,71.63328324247162
979,75.10695630181127
979,75.10695630181127
979,75.10695630181127
979,75.10695630181127
979,75.10695630181127
980,91.19933032493205
980,91.19933032493205
980,91.19933032493205
980,91.19933032493205
980,91.19933032493205
981,87.59611923533824
981,87.59611923533824
981,87.59611923533824
981,87.59611923533824
981,87.59611923533824
982,87.57095648703407
982,87.57095648703407
982,87.57095648703407
982,87.57095648703407
982,87.57095648703407
983,91.31655836873439
983,91.31655836873439
983,91.31655836873439
983,91.31655836873439
983,91.31655836873439
984,91.23348213148718
984,91.23348213148718
984,91.23348213148718
984,91.23348213148718
984,91.23348213148718
985,91.21799265313113
985,91.21799265313113
985,91.21799265313113
985,91.21799265313113
985,91.21799265313113
986,87.5730774121315
986,87.5730774121315
986,87.5730774121315
986,87.5730774121315
986,87.5730774121315
987,87.59402408771167
987,87.59402408771167
987,87.59402408771167
987,87.59402408771167
987,87.59402408771167
988,71.70962505479024
988,71.70962505479024
988,71.70962505479024
988,71.70962505479024
988,71.70962505479024
989,71.65845724083468
989,71.65845724083468
989,71.65845724083468
989,71.65845724083468
989,71.65845724083468
990,55.69803861768884
990,55.69803861768884
990,55.69803861768884
990,55.69803861768884
990,55.69803861768884
991,87.32008472517202
991,87.32008472517202
991,87.32008472517202
991,87.32008472517202
991,87.32008472517202
992,90.93107287419053
992,90.93107287419053
992,90.93107287419053
992,90.93107287419053
992,90.93107287419053
993,91.0892403773453
993,91.0892403773453
993,91.0892403773453
993,91.0892403773453
993,91.0892403773453
994,71.66003354712477
994,71.66003354712477
994,71.66003354712477
994,71.66003354712477
994,71.66003354712477
995,91.10147443070932
995,91.10147443070932
995,91.10147443070932
995,91.10147443070932
995,91.10147443070932
996,91.18548869947654
996,91.18548869947654
996,91.18548869947654
996,91.18548869947654
996,91.18548869947654
997,91.1822789532442
997,91.1822789532442
997,91.1822789532442
997,91.1822789532442
997,91.1822789532442
998,91.19525617795395
998,91.19525617795395
998,91.19525617795395
998,91.19525617795395
998,91.19525617795395
999,91.09535243007082
999,91.09535243007082
999,91.09535243007082
999,91.09535243007082
999,91.09535243007082
1000,87.48466005342027
1000,87.48466005342027
1000,87.48466005342027
1000,87.48466005342027
1000,87.48466005342027
1001,87.4423905899004
1001,87.4423905899004
1001,87.4423905899004
1001,87.4423905899004
1001,87.4423905899004
1002,87.62730510941023
1002,87.62730510941023
1002,87.62730510941023
1002,87.62730510941023
1002,87.62730510941023
1003,68.03315169007615
1003,68.03315169007615
1003,68.03315169007615
1003,68.03315169007615
1003,68.03315169007615
1004,68.01375426471648
1004,68.01375426471648
1004,68.01375426471648
1004,68.01375426471648
1004,68.01375426471648
1005,51.93939368989427
1005,51.93939368989427
1005,51.93939368989427
1005,51.93939368989427
1005,51.93939368989427
1006,67.87109799008579
1006,67.87109799008579
1006,67.87109799008579
1006,67.87109799008579
1006,67.87109799008579
1007,67.86959446625745
1007,67.86959446625745
1007,67.86959446625745
1007,67.86959446625745
1007,67.86959446625745
1008,52.009249487494436
1008,52.009249487494436
1008,52.009249487494436
1008,52.009249487494436
1008,52.009249487494436
1009,20.195192861044596
1009,20.195192861044596
1009,20.195192861044596
1009,20.195192861044596
1009,20.195192861044596
1010,20.165494859766238
1010,20.165494859766238
1010,20.165494859766238
1010,20.165494859766238
1010,20.165494859766238
1011,20.136223782422938
1011,20.136223782422938
1011,20.136223782422938
1011,20.136223782422938
1011,20.136223782422938
1012,48.34278835681269
1012,48.34278835681269
1012,48.34278835681269
1012,48.34278835681269
1012,48.34278835681269
1013,48.343057900370304
1013,48.343057900370304
1013,48.343057900370304
1013,48.343057900370304
1013,48.343057900370304
1014,32.36127512312747
1014,32.36127512312747
1014,32.36127512312747
1014,32.36127512312747
1014,32.36127512312747
1015,32.46230837373558
1015,32.46230837373558
1015,32.46230837373558
1015,32.46230837373558
1015,32.46230837373558
1016,32.40819143867851
1016,32.40819143867851
1016,32.40819143867851
1016,32.40819143867851
1016,32.40819143867851
1017,32.40273782067712
1017,32.40273782067712
1017,32.40273782067712
1017,32.40273782067712
1017,32.40273782067712
1018,32.43379850511461
1018,32.43379850511461
1018,32.43379850511461
1018,32.43379850511461
1018,32.43379850511461
1019,48.41696398636581
1019,48.41696398636581
1019,48.41696398636581
1019,48.41696398636581
1019,48.41696398636581
1020,48.44304488348219
1020,48.44304488348219
1020,48.44304488348219
1020,48.44304488348219
1020,48.44304488348219
1021,48.46718235810478
1021,48.46718235810478
1021,48.46718235810478
1021,48.46718235810478
1021,48.46718235810478
1022,48.42622688927149
1022,48.42622688927149
1022,48.42622688927149
1022,48.42622688927149
1022,48.42622688927149
1023,32.33744806650175
1023,32.33744806650175
1023,32.33744806650175
1023,32.33744806650175
1023,32.33744806650175
1024,35.9933504883075
1024,35.9933504883075
1024,35.9933504883075
1024,35.9933504883075
1024,35.9933504883075
1025,36.131796265281864
1025,36.131796265281864
1025,36.131796265281864
1025,36.131796265281864
1025,36.131796265281864
1026,36.0873982241335
1026,36.0873982241335
1026,36.0873982241335
1026,36.0873982241335
1026,36.0873982241335
1027,36.04703917923554
1027,36.04703917923554
1027,36.04703917923554
1027,36.04703917923554
1027,36.04703917923554
1028,36.04949767884405
1028,36.04949767884405
1028,36.04949767884405
1028,36.04949767884405
1028,36.04949767884405
1029,51.95193773313351
1029,51.95193773313351
1029,51.95193773313351
1029,51.95193773313351
1029,51.95193773313351
1030,67.95437977709574
1030,67.95437977709574
1030,67.95437977709574
1030,67.95437977709574
1030,67.95437977709574
1031,52.029792326252576
1031,52.029792326252576
1031,52.029792326252576
1031,52.029792326252576
1031,52.029792326252576
1032,52.06185488467671
1032,52.06185488467671
1032,52.06185488467671
1032,52.06185488467671
1032,52.06185488467671
1033,52.07389291787901
1033,52.07389291787901
1033,52.07389291787901
1033,52.07389291787901
1033,52.07389291787901
1034,52.07590681667252
1034,52.07590681667252
1034,52.07590681667252
1034,52.07590681667252
1034,52.07590681667252
1035,51.93262201908967
1035,51.93262201908967
1035,51.93262201908967
1035,51.93262201908967
1035,51.93262201908967
1036,51.926910018187776
1036,51.926910018187776
1036,51.926910018187776
1036,51.926910018187776
1036,51.926910018187776
1037,67.8917147009916
1037,67.8917147009916
1037,67.8917147009916
1037,67.8917147009916
1037,67.8917147009916
1038,67.96337955461698
1038,67.96337955461698
1038,67.96337955461698
1038,67.96337955461698
1038,67.96337955461698
1039,71.55984011708247
1039,71.55984011708247
1039,71.55984011708247
1039,71.55984011708247
1039,71.55984011708247
1040,55.589872842234435
1040,55.589872842234435
1040,55.589872842234435
1040,55.589872842234435
1040,55.589872842234435
1041,55.596036166451974
1041,55.596036166451974
1041,55.596036166451974
1041,55.596036166451974
1041,55.596036166451974
1042,55.55405438471756
1042,55.55405438471756
1042,55.55405438471756
1042,55.55405438471756
1042,55.55405438471756
1043,59.14176851719255
1043,59.14176851719255
1043,59.14176851719255
1043,59.14176851719255
1043,59.14176851719255
1044,55.55529009531625
1044,55.55529009531625
1044,55.55529009531625
1044,55.55529009531625
1044,55.55529009531625
1045,71.58942555140816
1045,71.58942555140816
1045,71.58942555140816
1045,71.58942555140816
1045,71.58942555140816
1046,71.67857936917028
1046,71.67857936917028
1046,71.67857936917028
1046,71.67857936917028
1046,71.67857936917028
1047,71.69250278735679
1047,71.69250278735679
1047,71.69250278735679
1047,71.69250278735679
1047,71.69250278735679
1048,55.6745024936227
1048,55.6745024936227
1048,55.6745024936227
1048,55.6745024936227
1048,55.6745024936227
1049,52.024419924004725
1049,52.024419924004725
1049,52.024419924004725
1049,52.024419924004725
1049,52.024419924004725
1050,55.51627203608986
1050,55.51627203608986
1050,55.51627203608986
1050,55.51627203608986
1050,55.51627203608986
1051,55.50200670227705
1051,55.50200670227705
1051,55.50200670227705
1051,55.50200670227705
1051,55.50200670227705
1052,55.55351746521018
1052,55.55351746521018
1052,55.55351746521018
1052,55.55351746521018
1052,55.55351746521018
1053,55.61440781475936
1053,55.61440781475936
1053,55.61440781475936
1053,55.61440781475936
1053,55.61440781475936
1054,55.59700422570952
1054,55.59700422570952
1054,55.59700422570952
1054,55.59700422570952
1054,55.59700422570952
1055,55.587156807321456
1055,55.587156807321456
1055,55.587156807321456
1055,55.587156807321456
1055,55.587156807321456
1056,55.64935554848485
1056,55.64935554848485
1056,55.64935554848485
1056,55.64935554848485
1056,55.64935554848485
1057,55.70783669934794
1057,55.70783669934794
1057,55.70783669934794
1057,55.70783669934794
1057,55.70783669934794
1058,55.74996158348754
1058,55.74996158348754
1058,55.74996158348754
1058,55.74996158348754
1058,55.74996158348754
1059,52.093225318961416
1059,52.093225318961416
1059,52.093225318961416
1059,52.093225318961416
1059,52.093225318961416
1060,55.69378873638815
1060,55.69378873638815
1060,55.69378873638815
1060,55.69378873638815
1060,55.69378873638815
1061,55.74232849601545
1061,55.74232849601545
1061,55.74232849601545
1061,55.74232849601545
1061,55.74232849601545
1062,55.681129254236374
1062,55.681129254236374
1062,55.681129254236374
1062,55.681129254236374
1062,55.681129254236374
1063,55.594310691933174
1063,55.594310691933174
1063,55.594310691933174
1063,55.594310691933174
1063,55.594310691933174
1064,55.78642556459043
1064,55.78642556459043
1064,55.78642556459043
1064,55.78642556459043
1064,55.78642556459043
1065,55.77173369059979
1065,55.77173369059979
1065,55.77173369059979
1065,55.77173369059979
1065,55.77173369059979
1066,71.7183347594897
1066,71.7183347594897
1066,71.7183347594897
1066,71.7183347594897
1066,71.7183347594897
1067,71.57926711880167
1067,71.57926711880167
1067,71.57926711880167
1067,71.57926711880167
1067,71.57926711880167
1068,71.57712160538297
1068,71.57712160538297
1068,71.57712160538297
1068,71.57712160538297
1068,71.57712160538297
1069,55.60067598057932
1069,55.60067598057932
1069,55.60067598057932
1069,55.60067598057932
1069,55.60067598057932
1070,55.60923797929113
1070,55.60923797929113
1070,55.60923797929113
1070,55.60923797929113
1070,55.60923797929113
1071,39.64896241053368
1071,39.64896241053368
1071,39.64896241053368
1071,39.64896241053368
1071,39.64896241053368
1072,52.01654008485873
1072,52.01654008485873
1072,52.01654008485873
1072,52.01654008485873
1072,52.01654008485873
1073,51.88165872230282
1073,51.88165872230282
1073,51.88165872230282
1073,51.88165872230282
1073,51.88165872230282
1074,51.892876926765915
1074,51.892876926765915
1074,51.892876926765915
1074,51.892876926765915
1074,51.892876926765915
1075,67.79618906057254
1075,67.79618906057254
1075,67.79618906057254
1075,67.79618906057254
1075,67.79618906057254
1076,67.81736562011766
1076,67.81736562011766
1076,67.81736562011766
1076,67.81736562011766
1076,67.81736562011766
1077,48.24744237859468
1077,48.24744237859468
1077,48.24744237859468
1077,48.24744237859468
1077,48.24744237859468
1078,48.211292792561466
1078,48.211292792561466
1078,48.211292792561466
1078,48.211292792561466
1078,48.211292792561466
1079,32.301713221737856
1079,32.301713221737856
1079,32.301713221737856
1079,32.301713221737856
1079,32.301713221737856
1080,16.396450499697
1080,16.396450499697
1080,16.396450499697
1080,16.396450499697
1080,16.396450499697
1081,20.021240886482637
1081,20.021240886482637
1081,20.021240886482637
1081,20.021240886482637
1081,20.021240886482637
1082,20.140639510324696
1082,20.140639510324696
1082,20.140639510324696
1082,20.140639510324696
1082,20.140639510324696
1083,36.065621297526484
1083,36.065621297526484
1083,36.065621297526484
1083,36.065621297526484
1083,36.065621297526484
1084,36.0648052876368
1084,36.0648052876368
1084,36.0648052876368
1084,36.0648052876368
1084,36.0648052876368
1085,55.66145835943756
1085,55.66145835943756
1085,55.66145835943756
1085,55.66145835943756
1085,55.66145835943756
1086,55.640683024272526
1086,55.640683024272526
1086,55.640683024272526
1086,55.640683024272526
1086,55.640683024272526
1087,55.7156480941553
1087,55.7156480941553
1087,55.7156480941553
1087,55.7156480941553
1087,55.7156480941553
1088,52.14428103799454
1088,52.14428103799454
1088,52.14428103799454
1088,52.14428103799454
1088,52.14428103799454
1089,51.99804835497323
1089,51.99804835497323
1089,51.99804835497323
1089,51.99804835497323
1089,51.99804835497323
1090,67.95671130645908
1090,67.95671130645908
1090,67.95671130645908
1090,67.95671130645908
1090,67.95671130645908
1091,52.047941674342624
1091,52.047941674342624
1091,52.047941674342624
1091,52.047941674342624
1091,52.047941674342624
1092,32.47389162632506
1092,32.47389162632506
1092,32.47389162632506
1092,32.47389162632506
1092,32.47389162632506
1093,32.46767726719713
1093,32.46767726719713
1093,32.46767726719713
1093,32.46767726719713
1093,32.46767726719713
1094,32.3092754690531
1094,32.3092754690531
1094,32.3092754690531
1094,32.3092754690531
1094,32.3092754690531
1095,39.53774630023766
1095,39.53774630023766
1095,39.53774630023766
1095,39.53774630023766
1095,39.53774630023766
1096,39.53424743270265
1096,39.53424743270265
1096,39.53424743270265
1096,39.53424743270265
1096,39.53424743270265
1097,35.95342800509897
1097,35.95342800509897
1097,35.95342800509897
1097,35.95342800509897
1097,35.95342800509897
1098,39.50209280946499
1098,39.50209280946499
1098,39.50209280946499
1098,39.50209280946499
1098,39.50209280946499
1099,39.49887312878768
1099,39.49887312878768
1099,39.49887312878768
1099,39.49887312878768
1099,39.49887312878768
1100,39.57311973935994
1100,39.57311973935994
1100,39.57311973935994
1100,39.57311973935994
1100,39.57311973935994
1101,39.5767985570552
1101,39.5767985570552
1101,39.5767985570552
1101,39.5767985570552
1101,39.5767985570552
1102,35.94994724378252
1102,35.94994724378252
1102,35.94994724378252
1102,35.94994724378252
1102,35.94994724378252
1103,35.9312100791394
1103,35.9312100791394
1103,35.9312100791394
1103,35.9312100791394
1103,35.9312100791394
1104,48.26682612071011
1104,48.26682612071011
1104,48.26682612071011
1104,48.26682612071011
1104,48.26682612071011
1105,48.243881913670954
1105,48.243881913670954
1105,48.243881913670954
1105,48.243881913670954
1105,48.243881913670954
1106,48.413340769517376
1106,48.413340769517376
1106,48.413340769517376
1106,48.413340769517376
1106,48.413340769517376
1107,52.01201476392854
1107,52.01201476392854
1107,52.01201476392854
1107,52.01201476392854
1107,52.01201476392854
1108,59.23918473113946
1108,59.23918473113946
1108,59.23918473113946
1108,59.23918473113946
1108,59.23918473113946
1109,59.208182948067034
1109,59.208182948067034
1109,59.208182948067034
1109,59.208182948067034
1109,59.208182948067034
1110,59.17416834777075
1110,59.17416834777075
1110,59.17416834777075
1110,59.17416834777075
1110,59.17416834777075
1111,59.2008861448875
1111,59.2008861448875
1111,59.2008861448875
1111,59.2008861448875
1111,59.2008861448875
1112,55.607570632938824
1112,55.607570632938824
1112,55.607570632938824
1112,55.607570632938824
1112,55.607570632938824
1113,55.663993703482355
1113,55.663993703482355
1113,55.663993703482355
1113,55.663993703482355
1113,55.663993703482355
1114,55.6698599898451
1114,55.6698599898451
1114,55.6698599898451
1114,55.6698599898451
1114,55.6698599898451
1115,55.58945325410135
1115,55.58945325410135
1115,55.58945325410135
1115,55.58945325410135
1115,55.58945325410135
1116,55.59408823835442
1116,55.59408823835442
1116,55.59408823835442
1116,55.59408823835442
1116,55.59408823835442
1117,35.998961930203755
1117,35.998961930203755
1117,35.998961930203755
1117,35.998961930203755
1117,35.998961930203755
1118,36.13035655287177
1118,36.13035655287177
1118,36.13035655287177
1118,36.13035655287177
1118,36.13035655287177
1119,36.11695396153364
1119,36.11695396153364
1119,36.11695396153364
1119,36.11695396153364
1119,36.11695396153364
1120,36.11253399555085
1120,36.11253399555085
1120,36.11253399555085
1120,36.11253399555085
1120,36.11253399555085
1121,36.10023739287366
1121,36.10023739287366
1121,36.10023739287366
1121,36.10023739287366
1121,36.10023739287366
1122,36.082741243202484
1122,36.082741243202484
1122,36.082741243202484
1122,36.082741243202484
1122,36.082741243202484
1123,52.0444009370709
1123,52.0444009370709
1123,52.0444009370709
1123,52.0444009370709
1123,52.0444009370709
1124,52.0576144617303
1124,52.0576144617303
1124,52.0576144617303
1124,52.0576144617303
1124,52.0576144617303
1125,52.09885466164155
1125,52.09885466164155
1125,52.09885466164155
1125,52.09885466164155
1125,52.09885466164155
1126,68.13586257511142
1126,68.13586257511142
1126,68.13586257511142
1126,68.13586257511142
1126,68.13586257511142
1127,68.0283980580923
1127,68.0283980580923
1127,68.0283980580923
1127,68.0283980580923
1127,68.0283980580923
1128,67.99283945704643
1128,67.99283945704643
1128,67.99283945704643
1128,67.99283945704643
1128,67.99283945704643
1129,68.00706003914624
1129,68.00706003914624
1129,68.00706003914624
1129,68.00706003914624
1129,68.00706003914624
1130,64.42212232170974
1130,64.42212232170974
1130,64.42212232170974
1130,64.42212232170974
1130,64.42212232170974
1131,64.40143074333218
1131,64.40143074333218
1131,64.40143074333218
1131,64.40143074333218
1131,64.40143074333218
1132,64.47076674392892
1132,64.47076674392892
1132,64.47076674392892
1132,64.47076674392892
1132,64.47076674392892
1133,64.47709912450695
1133,64.47709912450695
1133,64.47709912450695
1133,64.47709912450695
1133,64.47709912450695
1134,64.44249720276521
1134,64.44249720276521
1134,64.44249720276521
1134,64.44249720276521
1134,64.44249720276521
1135,64.45471874754459
1135,64.45471874754459
1135,64.45471874754459
1135,64.45471874754459
1135,64.45471874754459
1136,68.03118254422668
1136,68.03118254422668
1136,68.03118254422668
1136,68.03118254422668
1136,68.03118254422668
1137,68.01379676143485
1137,68.01379676143485
1137,68.01379676143485
1137,68.01379676143485
1137,68.01379676143485
1138,64.40431765435562
1138,64.40431765435562
1138,64.40431765435562
1138,64.40431765435562
1138,64.40431765435562
1139,64.39764189962045
1139,64.39764189962045
1139,64.39764189962045
1139,64.39764189962045
1139,64.39764189962045
1140,64.41706062129091
1140,64.41706062129091
1140,64.41706062129091
1140,64.41706062129091
1140,64.41706062129091
1141,64.53135916602024
1141,64.53135916602024
1141,64.53135916602024
1141,64.53135916602024
1141,64.53135916602024
1142,68.12056810043921
1142,68.12056810043921
1142,68.12056810043921
1142,68.12056810043921
1142,68.12056810043921
1143,68.14663907224629
1143,68.14663907224629
1143,68.14663907224629
1143,68.14663907224629
1143,68.14663907224629
1144,68.10337662286273
1144,68.10337662286273
1144,68.10337662286273
1144,68.10337662286273
1144,68.10337662286273
1145,68.11359145662024
1145,68.11359145662024
1145,68.11359145662024
1145,68.11359145662024
1145,68.11359145662024
1146,67.98950787231806
1146,67.98950787231806
1146,67.98950787231806
1146,67.98950787231806
1146,67.98950787231806
1147,67.98009765317083
1147,67.98009765317083
1147,67.98009765317083
1147,67.98009765317083
1147,67.98009765317083
1148,55.693980100214105
1148,55.693980100214105
1148,55.693980100214105
1148,55.693980100214105
1148,55.693980100214105
1149,59.21957673940894
1149,59.21957673940894
1149,59.21957673940894
1149,59.21957673940894
1149,59.21957673940894
1150,59.218115525834875
1150,59.218115525834875
1150,59.218115525834875
1150,59.218115525834875
1150,59.218115525834875
1151,55.58364583754119
1151,55.58364583754119
1151,55.58364583754119
1151,55.58364583754119
1151,55.58364583754119
1152,51.99969007313534
1152,51.99969007313534
1152,51.99969007313534
1152,51.99969007313534
1152,51.99969007313534
1153,51.8783979909403
1153,51.8783979909403
1153,51.8783979909403
1153,51.8783979909403
1153,51.8783979909403
1154,35.939924694190694
1154,35.939924694190694
1154,35.939924694190694
1154,35.939924694190694
1154,35.939924694190694
1155,19.986054763148566
1155,19.986054763148566
1155,19.986054763148566
1155,19.986054763148566
1155,19.986054763148566
1156,19.989173775011167
1156,19.989173775011167
1156,19.989173775011167
1156,19.989173775011167
1156,19.989173775011167
1157,19.99751218002438
1157,19.99751218002438
1157,19.99751218002438
1157,19.99751218002438
1157,19.99751218002438
1158,19.990055677597265
1158,19.990055677597265
1158,19.990055677597265
1158,19.990055677597265
1158,19.990055677597265
1159,35.92980351441277
1159,35.92980351441277
1159,35.92980351441277
1159,35.92980351441277
1159,35.92980351441277
1160,51.90216549349911
1160,51.90216549349911
1160,51.90216549349911
1160,51.90216549349911
1160,51.90216549349911
1161,51.94510494411571
1161,51.94510494411571
1161,51.94510494411571
1161,51.94510494411571
1161,51.94510494411571
1162,55.49862325498024
1162,55.49862325498024
1162,55.49862325498024
1162,55.49862325498024
1162,55.49862325498024
1163,39.51016688290016
1163,39.51016688290016
1163,39.51016688290016
1163,39.51016688290016
1163,39.51016688290016
1164,39.50095954948269
1164,39.50095954948269
1164,39.50095954948269
1164,39.50095954948269
1164,39.50095954948269
1165,39.603192268850115
1165,39.603192268850115
1165,39.603192268850115
1165,39.603192268850115
1165,39.603192268850115
1166,39.60494955390337
1166,39.60494955390337
1166,39.60494955390337
1166,39.60494955390337
1166,39.60494955390337
1167,36.032635498097804
1167,36.032635498097804
1167,36.032635498097804
1167,36.032635498097804
1167,36.032635498097804
1168,36.038707730005754
1168,36.038707730005754
1168,36.038707730005754
1168,36.038707730005754
1168,36.038707730005754
1169,39.611185810181745
1169,39.611185810181745
1169,39.611185810181745
1169,39.611185810181745
1169,39.611185810181745
1170,39.606370941437504
1170,39.606370941437504
1170,39.606370941437504
1170,39.606370941437504
1170,39.606370941437504
1171,39.626133249952694
1171,39.626133249952694
1171,39.626133249952694
1171,39.626133249952694
1171,39.626133249952694
1172,39.59767443583451
1172,39.59767443583451
1172,39.59767443583451
1172,39.59767443583451
1172,39.59767443583451
1173,39.56341668184217
1173,39.56341668184217
1173,39.56341668184217
1173,39.56341668184217
1173,39.56341668184217
1174,39.58308817788045
1174,39.58308817788045
1174,39.58308817788045
1174,39.58308817788045
1174,39.58308817788045
1175,35.9598507241913
1175,35.9598507241913
1175,35.9598507241913
1175,35.9598507241913
1175,35.9598507241913
1176,20.027189259194877
1176,20.027189259194877
1176,20.027189259194877
1176,20.027189259194877
1176,20.027189259194877
1177,19.921747736303274
1177,19.921747736303274
1177,19.921747736303274
1177,19.921747736303274
1177,19.921747736303274
1178,19.947977190621547
1178,19.947977190621547
1178,19.947977190621547
1178,19.947977190621547
1178,19.947977190621547
1179,16.262042794878386
1179,16.262042794878386
1179,16.262042794878386
1179,16.262042794878386
1179,16.262042794878386
1180,16.285750368325917
1180,16.285750368325917
1180,16.285750368325917
1180,16.285750368325917
1180,16.285750368325917
1181,0.3949402744388695
1181,0.3949402744388695
1181,0.3949402744388695
1181,0.3949402744388695
1181,0.3949402744388695
1182,0.337846526559551
1182,0.337846526559551
1182,0.337846526559551
1182,0.337846526559551
1182,0.337846526559551
1183,0.32434730749307744
1183,0.32434730749307744
1183,0.32434730749307744
1183,0.32434730749307744
1183,0.32434730749307744
1184,16.270464094149478
1184,16.270464094149478
1184,16.270464094149478
1184,16.270464094149478
1184,16.270464094149478
1185,16.28342707308024
1185,16.28342707308024
1185,16.28342707308024
1185,16.28342707308024
1185,16.28342707308024
1186,32.299377737157265
1186,32.299377737157265
1186,32.299377737157265
1186,32.299377737157265
1186,32.299377737157265
1187,32.31526912834114
1187,32.31526912834114
1187,32.31526912834114
1187,32.31526912834114
1187,32.31526912834114
1188,32.33266201301578
1188,32.33266201301578
1188,32.33266201301578
1188,32.33266201301578
1188,32.33266201301578
1189,32.33602394048846
1189,32.33602394048846
1189,32.33602394048846
1189,32.33602394048846
1189,32.33602394048846
1190,16.51290104241503
1190,16.51290104241503
1190,16.51290104241503
1190,16.51290104241503
1190,16.51290104241503
1191,16.51703021819525
1191,16.51703021819525
1191,16.51703021819525
1191,16.51703021819525
1191,16.51703021819525
1192,16.501643049301073
1192,16.501643049301073
1192,16.501643049301073
1192,16.501643049301073
1192,16.501643049301073
1193,16.473467500688184
1193,16.473467500688184
1193,16.473467500688184
1193,16.473467500688184
1193,16.473467500688184
1194,32.4279171475313
1194,32.4279171475313
1194,32.4279171475313
1194,32.4279171475313
1194,32.4279171475313
1195,32.41618821028331
1195,32.41618821028331
1195,32.41618821028331
1195,32.41618821028331
1195,32.41618821028331
1196,32.41827102335718
1196,32.41827102335718
1196,32.41827102335718
1196,32.41827102335718
1196,32.41827102335718
1197,32.424819470132604
1197,32.424819470132604
1197,32.424819470132604
1197,32.424819470132604
1197,32.424819470132604
1198,32.421342130958905
1198,32.421342130958905
1198,32.421342130958905
1198,32.421342130958905
1198,32.421342130958905
1199,32.43776340189779
1199,32.43776340189779
1199,32.43776340189779
1199,32.43776340189779
1199,32.43776340189779
1200,16.49716141545026
1200,16.49716141545026
1200,16.49716141545026
1200,16.49716141545026
1200,16.49716141545026
1201,16.502864456710334
1201,16.502864456710334
1201,16.502864456710334
1201,16.502864456710334
1201,16.502864456710334
1202,16.484897084926168
1202,16.484897084926168
1202,16.484897084926168
1202,16.484897084926168
1202,16.484897084926168
1203,16.50039369309423
1203,16.50039369309423
1203,16.50039369309423
1203,16.50039369309423
1203,16.50039369309423
1204,16.520684710026828
1204,16.520684710026828
1204,16.520684710026828
1204,16.520684710026828
1204,16.520684710026828
1205,16.542157229661047
1205,16.542157229661047
1205,16.542157229661047
1205,16.542157229661047
1205,16.542157229661047
1206,16.572781626637216
1206,16.572781626637216
1206,16.572781626637216
1206,16.572781626637216
1206,16.572781626637216
1207,16.442471038118896
1207,16.442471038118896
1207,16.442471038118896
1207,16.442471038118896
1207,16.442471038118896
1208,32.36768953544102
1208,32.36768953544102
1208,32.36768953544102
1208,32.36768953544102
1208,32.36768953544102
1209,32.33187067074805
1209,32.33187067074805
1209,32.33187067074805
1209,32.33187067074805
1209,32.33187067074805
1210,32.35765766106864
1210,32.35765766106864
1210,32.35765766106864
1210,32.35765766106864
1210,32.35765766106864
1211,16.384173068830826
1211,16.384173068830826
1211,16.384173068830826
1211,16.384173068830826
1211,16.384173068830826
1212,0.4155705998460874
1212,0.4155705998460874
1212,0.4155705998460874
1212,0.4155705998460874
1212,0.4155705998460874
1213,0.43924128980650884
1213,0.43924128980650884
1213,0.43924128980650884
1213,0.43924128980650884
1213,0.43924128980650884
1214,0.433674735536858
1214,0.433674735536858
1214,0.433674735536858
1214,0.433674735536858
1214,0.433674735536858
1215,0.4253006267157657
1215,0.4253006267157657
1215,0.4253006267157657
1215,0.4253006267157657
1215,0.4253006267157657
1216,16.35760073507425
1216,16.35760073507425
1216,16.35760073507425
1216,16.35760073507425
1216,16.35760073507425
1217,16.375994301966486
1217,16.375994301966486
1217,16.375994301966486
1217,16.375994301966486
1217,16.375994301966486
1218,16.372580810626125
1218,16.372580810626125
1218,16.372580810626125
1218,16.372580810626125
1218,16.372580810626125
1219,32.32278227592802
1219,32.32278227592802
1219,32.32278227592802
1219,32.32278227592802
1219,32.32278227592802
1220,16.411418565411417
1220,16.411418565411417
1220,16.411418565411417
1220,16.411418565411417
1220,16.411418565411417
1221,16.40390520996005
1221,16.40390520996005
1221,16.40390520996005
1221,16.40390520996005
1221,16.40390520996005
1222,32.41624073384709
1222,32.41624073384709
1222,32.41624073384709
1222,32.41624073384709
1222,32.41624073384709
1223,16.5164683142467
1223,16.5164683142467
1223,16.5164683142467
1223,16.5164683142467
1223,16.5164683142467
1224,16.4746260165862
1224,16.4746260165862
1224,16.4746260165862
1224,16.4746260165862
1224,16.4746260165862
1225,16.45528731349574
1225,16.45528731349574
1225,16.45528731349574
1225,16.45528731349574
1225,16.45528731349574
1226,16.40942577318595
1226,16.40942577318595
1226,16.40942577318595
1226,16.40942577318595
1226,16.40942577318595
1227,16.378132378158185
1227,16.378132378158185
1227,16.378132378158185
1227,16.378132378158185
1227,16.378132378158185
1228,16.35845573507539
1228,16.35845573507539
1228,16.35845573507539
1228,16.35845573507539
1228,16.35845573507539
1229,16.35113528719491
1229,16.35113528719491
1229,16.35113528719491
1229,16.35113528719491
1229,16.35113528719491
1230,16.360579526265532
1230,16.360579526265532
1230,16.360579526265532
1230,16.360579526265532
1230,16.360579526265532
1231,19.94497663940333
1231,19.94497663940333
1231,19.94497663940333
1231,19.94497663940333
1231,19.94497663940333
1232,19.963849664920478
1232,19.963849664920478
1232,19.963849664920478
1232,19.963849664920478
1232,19.963849664920478
1233,19.915881517772398
1233,19.915881517772398
1233,19.915881517772398
1233,19.915881517772398
1233,19.915881517772398
1234,16.277718798822495
1234,16.277718798822495
1234,16.277718798822495
1234,16.277718798822495
1234,16.277718798822495
1235,32.28175134456367
1235,32.28175134456367
1235,32.28175134456367
1235,32.28175134456367
1235,32.28175134456367
1236,32.28421144143192
1236,32.28421144143192
1236,32.28421144143192
1236,32.28421144143192
1236,32.28421144143192
1237,32.27361920722104
1237,32.27361920722104
1237,32.27361920722104
1237,32.27361920722104
1237,32.27361920722104
1238,32.39282920799409
1238,32.39282920799409
1238,32.39282920799409
1238,32.39282920799409
1238,32.39282920799409
1239,32.2869539116745
1239,32.2869539116745
1239,32.2869539116745
1239,32.2869539116745
1239,32.2869539116745
1240,32.24355761836839
1240,32.24355761836839
1240,32.24355761836839
1240,32.24355761836839
1240,32.24355761836839
1241,32.21143809116286
1241,32.21143809116286
1241,32.21143809116286
1241,32.21143809116286
1241,32.21143809116286
1242,32.227755755378816
1242,32.227755755378816
1242,32.227755755378816
1242,32.227755755378816
1242,32.227755755378816
1243,35.8529466035015
1243,35.8529466035015
1243,35.8529466035015
1243,35.8529466035015
1243,35.8529466035015
1244,35.84858327109765
1244,35.84858327109765
1244,35.84858327109765
1244,35.84858327109765
1244,35.84858327109765
1245,35.88165597815666
1245,35.88165597815666
1245,35.88165597815666
1245,35.88165597815666
1245,35.88165597815666
1246,35.8915076998313
1246,35.8915076998313
1246,35.8915076998313
1246,35.8915076998313
1246,35.8915076998313
1247,32.31696143338538
1247,32.31696143338538
1247,32.31696143338538
1247,32.31696143338538
1247,32.31696143338538
1248,32.32271576986845
1248,32.32271576986845
1248,32.32271576986845
1248,32.32271576986845
1248,32.32271576986845
1249,32.35272494761215
1249,32.35272494761215
1249,32.35272494761215
1249,32.35272494761215
1249,32.35272494761215
1250,32.370880684157626
1250,32.370880684157626
1250,32.370880684157626
1250,32.370880684157626
1250,32.370880684157626
1251,32.51457051979463
1251,32.51457051979463
1251,32.51457051979463
1251,32.51457051979463
1251,32.51457051979463
1252,32.5253622836942
1252,32.5253622836942
1252,32.5253622836942
1252,32.5253622836942
1252,32.5253622836942
1253,32.52464814188911
1253,32.52464814188911
1253,32.52464814188911
1253,32.52464814188911
1253,32.52464814188911
1254,32.401645543042164
1254,32.401645543042164
1254,32.401645543042164
1254,32.401645543042164
1254,32.401645543042164
1255,32.38362299510733
1255,32.38362299510733
1255,32.38362299510733
1255,32.38362299510733
1255,32.38362299510733
1256,16.45467365811296
1256,16.45467365811296
1256,16.45467365811296
1256,16.45467365811296
1256,16.45467365811296
1257,32.422162427396366
1257,32.422162427396366
1257,32.422162427396366
1257,32.422162427396366
1257,32.422162427396366
1258,32.38751914941999
1258,32.38751914941999
1258,32.38751914941999
1258,32.38751914941999
1258,32.38751914941999
1259,16.462259851761743
1259,16.462259851761743
1259,16.462259851761743
1259,16.462259851761743
1259,16.462259851761743
1260,16.457935928243742
1260,16.457935928243742
1260,16.457935928243742
1260,16.457935928243742
1260,16.457935928243742
1261,16.482802267126715
1261,16.482802267126715
1261,16.482802267126715
1261,16.482802267126715
1261,16.482802267126715
1262,48.396453705505245
1262,48.396453705505245
1262,48.396453705505245
1262,48.396453705505245
1262,48.396453705505245
1263,32.45449348195719
1263,32.45449348195719
1263,32.45449348195719
1263,32.45449348195719
1263,32.45449348195719
1264,48.374907056899794
1264,48.374907056899794
1264,48.374907056899794
1264,48.374907056899794
1264,48.374907056899794
1265,48.23713747943807
1265,48.23713747943807
1265,48.23713747943807
1265,48.23713747943807
1265,48.23713747943807
1266,48.33272508896251
1266,48.33272508896251
1266,48.33272508896251
1266,48.33272508896251
1266,48.33272508896251
1267,64.22481056931373
1267,64.22481056931373
1267,64.22481056931373
1267,64.22481056931373
1267,64.22481056931373
1268,64.23737118785834
1268,64.23737118785834
1268,64.23737118785834
1268,64.23737118785834
1268,64.23737118785834
1269,32.334111481349765
1269,32.334111481349765
1269,32.334111481349765
1269,32.334111481349765
1269,32.334111481349765
1270,32.27621751569215
1270,32.27621751569215
1270,32.27621751569215
1270,32.27621751569215
1270,32.27621751569215
1271,16.342403102390513
1271,16.342403102390513
1271,16.342403102390513
1271,16.342403102390513
1271,16.342403102390513
1272,0.43724508258931377
1272,0.43724508258931377
1272,0.43724508258931377
1272,0.43724508258931377
1272,0.43724508258931377
1273,0.459511096411542
1273,0.459511096411542
1273,0.459511096411542
1273,0.459511096411542
1273,0.459511096411542
1274,0.4393396940945273
1274,0.4393396940945273
1274,0.4393396940945273
1274,0.4393396940945273
1274,0.4393396940945273
1275,0.4373245086057519
1275,0.4373245086057519
1275,0.4373245086057519
1275,0.4373245086057519
1275,0.4373245086057519
1276,0.4159877998405232
1276,0.4159877998405232
1276,0.4159877998405232
1276,0.4159877998405232
1276,0.4159877998405232
1277,16.352157029593616
1277,16.352157029593616
1277,16.352157029593616
1277,16.352157029593616
1277,16.352157029593616
1278,16.34383613812343
1278,16.34383613812343
1278,16.34383613812343
1278,16.34383613812343
1278,16.34383613812343
1279,16.339231744906506
1279,16.339231744906506
1279,16.339231744906506
1279,16.339231744906506
1279,16.339231744906506
1280,16.35569507424043
1280,16.35569507424043
1280,16.35569507424043
1280,16.35569507424043
1280,16.35569507424043
1281,16.371747871928967
1281,16.371747871928967
1281,16.371747871928967
1281,16.371747871928967
1281,16.371747871928967
1282,16.39359547825107
1282,16.39359547825107
1282,16.39359547825107
1282,16.39359547825107
1282,16.39359547825107
1283,16.419581865815566
1283,16.419581865815566
1283,16.419581865815566
1283,16.419581865815566
1283,16.419581865815566
1284,0.4432103915680462
1284,0.4432103915680462
1284,0.4432103915680462
1284,0.4432103915680462
1284,0.4432103915680462
1285,0.4261567264120648
1285,0.4261567264120648
1285,0.4261567264120648
1285,0.4261567264120648
1285,0.4261567264120648
1286,0.4603390785240714
1286,0.4603390785240714
1286,0.4603390785240714
1286,0.4603390785240714
1286,0.4603390785240714
1287,0.44275049586048726
1287,0.44275049586048726
1287,0.44275049586048726
1287,0.44275049586048726
1287,0.44275049586048726
1288,0.4362556742074141
1288,0.4362556742074141
1288,0.4362556742074141
1288,0.4362556742074141
1288,0.4362556742074141
1289,0.43857073647882433
1289,0.43857073647882433
1289,0.43857073647882433
1289,0.43857073647882433
1289,0.43857073647882433
1290,0.4209506556969914
1290,0.4209506556969914
1290,0.4209506556969914
1290,0.4209506556969914
1290,0.4209506556969914
1291,0.4276837127041098
1291,0.4276837127041098
1291,0.4276837127041098
1291,0.4276837127041098
1291,0.4276837127041098
1292,0.396834213164412
1292,0.396834213164412
1292,0.396834213164412
1292,0.396834213164412
1292,0.396834213164412
1293,0.3839740409190304
1293,0.3839740409190304
1293,0.3839740409190304
1293,0.3839740409190304
1293,0.3839740409190304
1294,16.282666230647322
1294,16.282666230647322
1294,16.282666230647322
1294,16.282666230647322
1294,16.282666230647322
1295,16.273391385623572
1295,16.273391385623572
1295,16.273391385623572
1295,16.273391385623572
1295,16.273391385623572
1296,16.376583706338046
1296,16.376583706338046
1296,16.376583706338046
1296,16.376583706338046
1296,16.376583706338046
1297,16.384529510397282
1297,16.384529510397282
1297,16.384529510397282
1297,16.384529510397282
1297,16.384529510397282
1298,16.359756542504417
1298,16.359756542504417
1298,16.359756542504417
1298,16.359756542504417
1298,16.359756542504417
1299,32.33811827580855
1299,32.33811827580855
1299,32.33811827580855
1299,32.33811827580855
1299,32.33811827580855
1300,35.91193269408497
1300,35.91193269408497
1300,35.91193269408497
1300,35.91193269408497
1300,35.91193269408497
1301,35.85043423448918
1301,35.85043423448918
1301,35.85043423448918
1301,35.85043423448918
1301,35.85043423448918
1302,19.87832564946742
1302,19.87832564946742
1302,19.87832564946742
1302,19.87832564946742
1302,19.87832564946742
1303,32.21583441768113
1303,32.21583441768113
1303,32.21583441768113
1303,32.21583441768113
1303,32.21583441768113
1304,32.24816287689799
1304,32.24816287689799
1304,32.24816287689799
1304,32.24816287689799
1304,32.24816287689799
1305,48.2353572200055
1305,48.2353572200055
1305,48.2353572200055
1305,48.2353572200055
1305,48.2353572200055
1306,48.225030402100266
1306,48.225030402100266
1306,48.225030402100266
1306,48.225030402100266
1306,48.225030402100266
1307,48.3530272054782
1307,48.3530272054782
1307,48.3530272054782
1307,48.3530272054782
1307,48.3530272054782
1308,51.944032774509424
1308,51.944032774509424
1308,51.944032774509424
1308,51.944032774509424
1308,51.944032774509424
1309,55.52192642084141
1309,55.52192642084141
1309,55.52192642084141
1309,55.52192642084141
1309,55.52192642084141
1310,55.52033194794767
1310,55.52033194794767
1310,55.52033194794767
1310,55.52033194794767
1310,55.52033194794767
1311,52.00546256744584
1311,52.00546256744584
1311,52.00546256744584
1311,52.00546256744584
1311,52.00546256744584
1312,67.95619245996335
1312,67.95619245996335
1312,67.95619245996335
1312,67.95619245996335
1312,67.95619245996335
1313,67.99782224459133
1313,67.99782224459133
1313,67.99782224459133
1313,67.99782224459133
1313,67.99782224459133
1314,52.01908258938977
1314,52.01908258938977
1314,52.01908258938977
1314,52.01908258938977
1314,52.01908258938977
1315,67.85558514906327
1315,67.85558514906327
1315,67.85558514906327
1315,67.85558514906327
1315,67.85558514906327
1316,67.88167128852379
1316,67.88167128852379
1316,67.88167128852379
1316,67.88167128852379
1316,67.88167128852379
1317,71.51379019404
1317,71.51379019404
1317,71.51379019404
1317,71.51379019404
1317,71.51379019404
1318,71.50924973808402
1318,71.50924973808402
1318,71.50924973808402
1318,71.50924973808402
1318,71.50924973808402
1319,55.55035319885651
1319,55.55035319885651
1319,55.55035319885651
1319,55.55035319885651
1319,55.55035319885651
1320,55.581100332920016
1320,55.581100332920016
1320,55.581100332920016
1320,55.581100332920016
1320,55.581100332920016
1321,51.94830377473776
1321,51.94830377473776
1321,51.94830377473776
1321,51.94830377473776
1321,51.94830377473776
1322,36.007364932563334
1322,36.007364932563334
1322,36.007364932563334
1322,36.007364932563334
1322,36.007364932563334
1323,35.949378221061444
1323,35.949378221061444
1323,35.949378221061444
1323,35.949378221061444
1323,35.949378221061444
1324,35.941552006645466
1324,35.941552006645466
1324,35.941552006645466
1324,35.941552006645466
1324,35.941552006645466
1325,32.379015182193385
1325,32.379015182193385
1325,32.379015182193385
1325,32.379015182193385
1325,32.379015182193385
1326,32.36459653202844
1326,32.36459653202844
1326,32.36459653202844
1326,32.36459653202844
1326,32.36459653202844
1327,32.23326650048333
1327,32.23326650048333
1327,32.23326650048333
1327,32.23326650048333
1327,32.23326650048333
1328,32.228249681075326
1328,32.228249681075326
1328,32.228249681075326
1328,32.228249681075326
1328,32.228249681075326
1329,39.459210876002366
1329,39.459210876002366
1329,39.459210876002366
1329,39.459210876002366
1329,39.459210876002366
1330,35.84785951557174
1330,35.84785951557174
1330,35.84785951557174
1330,35.84785951557174
1330,35.84785951557174
1331,35.976935248747296
1331,35.976935248747296
1331,35.976935248747296
1331,35.976935248747296
1331,35.976935248747296
1332,36.023956319648725
1332,36.023956319648725
1332,36.023956319648725
1332,36.023956319648725
1332,36.023956319648725
1333,32.36248049963235
1333,32.36248049963235
1333,32.36248049963235
1333,32.36248049963235
1333,32.36248049963235
1334,32.35876234138218
1334,32.35876234138218
1334,32.35876234138218
1334,32.35876234138218
1334,32.35876234138218
1335,16.285119672312668
1335,16.285119672312668
1335,16.285119672312668
1335,16.285119672312668
1335,16.285119672312668
1336,32.23088943271209
1336,32.23088943271209
1336,32.23088943271209
1336,32.23088943271209
1336,32.23088943271209
1337,16.285896281328895
1337,16.285896281328895
1337,16.285896281328895
1337,16.285896281328895
1337,16.285896281328895
1338,32.251740566678805
1338,32.251740566678805
1338,32.251740566678805
1338,32.251740566678805
1338,32.251740566678805
1339,32.33556079089219
1339,32.33556079089219
1339,32.33556079089219
1339,32.33556079089219
1339,32.33556079089219
1340,48.28543056719484
1340,48.28543056719484
1340,48.28543056719484
1340,48.28543056719484
1340,48.28543056719484
1341,48.23378574223224
1341,48.23378574223224
1341,48.23378574223224
1341,48.23378574223224
1341,48.23378574223224
1342,48.378893494173745
1342,48.378893494173745
1342,48.378893494173745
1342,48.378893494173745
1342,48.378893494173745
1343,48.385888751290835
1343,48.385888751290835
1343,48.385888751290835
1343,48.385888751290835
1343,48.385888751290835
1344,32.44488051288956
1344,32.44488051288956
1344,32.44488051288956
1344,32.44488051288956
1344,32.44488051288956
1345,36.05193711197109
1345,36.05193711197109
1345,36.05193711197109
1345,36.05193711197109
1345,36.05193711197109
1346,48.45842798377122
1346,48.45842798377122
1346,48.45842798377122
1346,48.45842798377122
1346,48.45842798377122
1347,32.33998385316902
1347,32.33998385316902
1347,32.33998385316902
1347,32.33998385316902
1347,32.33998385316902
1348,32.30737003680911
1348,32.30737003680911
1348,32.30737003680911
1348,32.30737003680911
1348,32.30737003680911
1349,32.26808526884127
1349,32.26808526884127
1349,32.26808526884127
1349,32.26808526884127
1349,32.26808526884127
1350,16.273710056363477
1350,16.273710056363477
1350,16.273710056363477
1350,16.273710056363477
1350,16.273710056363477
1351,32.22700646039928
1351,32.22700646039928
1351,32.22700646039928
1351,32.22700646039928
1351,32.22700646039928
1352,35.837865720625246
1352,35.837865720625246
1352,35.837865720625246
1352,35.837865720625246
1352,35.837865720625246
1353,51.77853070854949
1353,51.77853070854949
1353,51.77853070854949
1353,51.77853070854949
1353,51.77853070854949
1354,51.84216713607252
1354,51.84216713607252
1354,51.84216713607252
1354,51.84216713607252
1354,51.84216713607252
1355,55.46992621241817
1355,55.46992621241817
1355,55.46992621241817
1355,55.46992621241817
1355,55.46992621241817
1356,55.50445216488087
1356,55.50445216488087
1356,55.50445216488087
1356,55.50445216488087
1356,55.50445216488087
1357,51.93540568754393
1357,51.93540568754393
1357,51.93540568754393
1357,51.93540568754393
1357,51.93540568754393
1358,55.56231485945155
1358,55.56231485945155
1358,55.56231485945155
1358,55.56231485945155
1358,55.56231485945155
1359,55.61451932697785
1359,55.61451932697785
1359,55.61451932697785
1359,55.61451932697785
1359,55.61451932697785
1360,55.57013982233851
1360,55.57013982233851
1360,55.57013982233851
1360,55.57013982233851
1360,55.57013982233851
1361,55.79998445781761
1361,55.79998445781761
1361,55.79998445781761
1361,55.79998445781761
1361,55.79998445781761
1362,55.840770890405715
1362,55.840770890405715
1362,55.840770890405715
1362,55.840770890405715
1362,55.840770890405715
1363,52.20500591187149
1363,52.20500591187149
1363,52.20500591187149
1363,52.20500591187149
1363,52.20500591187149
1364,52.155626858600485
1364,52.155626858600485
1364,52.155626858600485
1364,52.155626858600485
1364,52.155626858600485
1365,48.53279079033603
1365,48.53279079033603
1365,48.53279079033603
1365,48.53279079033603
1365,48.53279079033603
1366,48.562328863527654
1366,48.562328863527654
1366,48.562328863527654
1366,48.562328863527654
1366,48.562328863527654
1367,52.109015745117915
1367,52.109015745117915
1367,52.109015745117915
1367,52.109015745117915
1367,52.109015745117915
1368,52.11487426487387
1368,52.11487426487387
1368,52.11487426487387
1368,52.11487426487387
1368,52.11487426487387
1369,51.9877006034532
1369,51.9877006034532
1369,51.9877006034532
1369,51.9877006034532
1369,51.9877006034532
1370,52.00050323753548
1370,52.00050323753548
1370,52.00050323753548
1370,52.00050323753548
1370,52.00050323753548
1371,51.97802144133827
1371,51.97802144133827
1371,51.97802144133827
1371,51.97802144133827
1371,51.97802144133827
1372,55.517090775264094
1372,55.517090775264094
1372,55.517090775264094
1372,55.517090775264094
1372,55.517090775264094
1373,55.477888147029276
1373,55.477888147029276
1373,55.477888147029276
1373,55.477888147029276
1373,55.477888147029276
1374,55.46726685355767
1374,55.46726685355767
1374,55.46726685355767
1374,55.46726685355767
1374,55.46726685355767
1375,55.447669835878
1375,55.447669835878
1375,55.447669835878
1375,55.447669835878
1375,55.447669835878
1376,51.86348687672902
1376,51.86348687672902
1376,51.86348687672902
1376,51.86348687672902
1376,51.86348687672902
1377,67.75599335699084
1377,67.75599335699084
1377,67.75599335699084
1377,67.75599335699084
1377,67.75599335699084
1378,67.77021946667874
1378,67.77021946667874
1378,67.77021946667874
1378,67.77021946667874
1378,67.77021946667874
1379,48.317724088324866
1379,48.317724088324866
1379,48.317724088324866
1379,48.317724088324866
1379,48.317724088324866
1380,48.32084310113765
1380,48.32084310113765
1380,48.32084310113765
1380,48.32084310113765
1380,48.32084310113765
1381,48.34799692686322
1381,48.34799692686322
1381,48.34799692686322
1381,48.34799692686322
1381,48.34799692686322
1382,32.51731720115517
1382,32.51731720115517
1382,32.51731720115517
1382,32.51731720115517
1382,32.51731720115517
1383,16.558913471285575
1383,16.558913471285575
1383,16.558913471285575
1383,16.558913471285575
1383,16.558913471285575
1384,20.119010991237353
1384,20.119010991237353
1384,20.119010991237353
1384,20.119010991237353
1384,20.119010991237353
1385,20.128917856105474
1385,20.128917856105474
1385,20.128917856105474
1385,20.128917856105474
1385,20.128917856105474
1386,20.118749080321184
1386,20.118749080321184
1386,20.118749080321184
1386,20.118749080321184
1386,20.118749080321184
1387,36.061756255865326
1387,36.061756255865326
1387,36.061756255865326
1387,36.061756255865326
1387,36.061756255865326
1388,35.99119941488727
1388,35.99119941488727
1388,35.99119941488727
1388,35.99119941488727
1388,35.99119941488727
1389,51.99843131062467
1389,51.99843131062467
1389,51.99843131062467
1389,51.99843131062467
1389,51.99843131062467
1390,48.39470940823084
1390,48.39470940823084
1390,48.39470940823084
1390,48.39470940823084
1390,48.39470940823084
1391,64.316173558583
1391,64.316173558583
1391,64.316173558583
1391,64.316173558583
1391,64.316173558583
1392,64.48516381282062
1392,64.48516381282062
1392,64.48516381282062
1392,64.48516381282062
1392,64.48516381282062
1393,68.11410757229834
1393,68.11410757229834
1393,68.11410757229834
1393,68.11410757229834
1393,68.11410757229834
1394,71.78080793171083
1394,71.78080793171083
1394,71.78080793171083
1394,71.78080793171083
1394,71.78080793171083
1395,71.75882248054302
1395,71.75882248054302
1395,71.75882248054302
1395,71.75882248054302
1395,71.75882248054302
1396,71.57041608969003
1396,71.57041608969003
1396,71.57041608969003
1396,71.57041608969003
1396,71.57041608969003
1397,67.97002458347643
1397,67.97002458347643
1397,67.97002458347643
1397,67.97002458347643
1397,67.97002458347643
1398,68.0511172069084
1398,68.0511172069084
1398,68.0511172069084
1398,68.0511172069084
1398,68.0511172069084
1399,55.59246741630093
1399,55.59246741630093
1399,55.59246741630093
1399,55.59246741630093
1399,55.59246741630093
1400,51.98707366390613
1400,51.98707366390613
1400,51.98707366390613
1400,51.98707366390613
1400,51.98707366390613
1401,51.984776914112466
1401,51.984776914112466
1401,51.984776914112466
1401,51.984776914112466
1401,51.984776914112466
1402,52.014471719398514
1402,52.014471719398514
1402,52.014471719398514
1402,52.014471719398514
1402,52.014471719398514
1403,51.905082791847505
1403,51.905082791847505
1403,51.905082791847505
1403,51.905082791847505
1403,51.905082791847505
1404,48.23366261387758
1404,48.23366261387758
1404,48.23366261387758
1404,48.23366261387758
1404,48.23366261387758
1405,32.290738822917746
1405,32.290738822917746
1405,32.290738822917746
1405,32.290738822917746
1405,32.290738822917746
1406,32.34223201207303
1406,32.34223201207303
1406,32.34223201207303
1406,32.34223201207303
1406,32.34223201207303
1407,39.664535147463816
1407,39.664535147463816
1407,39.664535147463816
1407,39.664535147463816
1407,39.664535147463816
1408,39.66239762692691
1408,39.66239762692691
1408,39.66239762692691
1408,39.66239762692691
1408,39.66239762692691
1409,39.65788199652518
1409,39.65788199652518
1409,39.65788199652518
1409,39.65788199652518
1409,39.65788199652518
1410,39.65860289183574
1410,39.65860289183574
1410,39.65860289183574
1410,39.65860289183574
1410,39.65860289183574
1411,39.63844291331254
1411,39.63844291331254
1411,39.63844291331254
1411,39.63844291331254
1411,39.63844291331254
1412,39.63229854896323
1412,39.63229854896323
1412,39.63229854896323
1412,39.63229854896323
1412,39.63229854896323
1413,39.622358984740586
1413,39.622358984740586
1413,39.622358984740586
1413,39.622358984740586
1413,39.622358984740586
1414,59.16474286068269
1414,59.16474286068269
1414,59.16474286068269
1414,59.16474286068269
1414,59.16474286068269
1415,71.52438137548934
1415,71.52438137548934
1415,71.52438137548934
1415,71.52438137548934
1415,71.52438137548934
1416,71.51508736571331
1416,71.51508736571331
1416,71.51508736571331
1416,71.51508736571331
1416,71.51508736571331
1417,75.11933045528356
1417,75.11933045528356
1417,75.11933045528356
1417,75.11933045528356
1417,75.11933045528356
1418,55.53873706573953
1418,55.53873706573953
1418,55.53873706573953
1418,55.53873706573953
1418,55.53873706573953
1419,71.44825746211387
1419,71.44825746211387
1419,71.44825746211387
1419,71.44825746211387
1419,71.44825746211387
1420,71.4976080839796
1420,71.4976080839796
1420,71.4976080839796
1420,71.4976080839796
1420,71.4976080839796
1421,55.611794664846194
1421,55.611794664846194
1421,55.611794664846194
1421,55.611794664846194
1421,55.611794664846194
1422,55.6692853188364
1422,55.6692853188364
1422,55.6692853188364
1422,55.6692853188364
1422,55.6692853188364
1423,59.159462506057835
1423,59.159462506057835
1423,59.159462506057835
1423,59.159462506057835
1423,59.159462506057835
1424,59.178584286158
1424,59.178584286158
1424,59.178584286158
1424,59.178584286158
1424,59.178584286158
1425,59.20963548735576
1425,59.20963548735576
1425,59.20963548735576
1425,59.20963548735576
1425,59.20963548735576
1426,59.20559543976041
1426,59.20559543976041
1426,59.20559543976041
1426,59.20559543976041
1426,59.20559543976041
1427,59.09831545760377
1427,59.09831545760377
1427,59.09831545760377
1427,59.09831545760377
1427,59.09831545760377
1428,59.06383276804473
1428,59.06383276804473
1428,59.06383276804473
1428,59.06383276804473
1428,59.06383276804473
1429,59.050046144451926
1429,59.050046144451926
1429,59.050046144451926
1429,59.050046144451926
1429,59.050046144451926
1430,59.033723011356486
1430,59.033723011356486
1430,59.033723011356486
1430,59.033723011356486
1430,59.033723011356486
1431,55.42765414050606
1431,55.42765414050606
1431,55.42765414050606
1431,55.42765414050606
1431,55.42765414050606
1432,55.47494068310532
1432,55.47494068310532
1432,55.47494068310532
1432,55.47494068310532
1432,55.47494068310532
1433,55.451910170825286
1433,55.451910170825286
1433,55.451910170825286
1433,55.451910170825286
1433,55.451910170825286
1434,35.85105704791535
1434,35.85105704791535
1434,35.85105704791535
1434,35.85105704791535
1434,35.85105704791535
1435,51.80075282054888
1435,51.80075282054888
1435,51.80075282054888
1435,51.80075282054888
1435,51.80075282054888
1436,67.85248604591426
1436,67.85248604591426
1436,67.85248604591426
1436,67.85248604591426
1436,67.85248604591426
1437,67.93632119905014
1437,67.93632119905014
1437,67.93632119905014
1437,67.93632119905014
1437,67.93632119905014
1438,67.8188353101638
1438,67.8188353101638
1438,67.8188353101638
1438,67.8188353101638
1438,67.8188353101638
1439,67.9151853244687
1439,67.9151853244687
1439,67.9151853244687
1439,67.9151853244687
1439,67.9151853244687
1440,64.40384301208056
1440,64.40384301208056
1440,64.40384301208056
1440,64.40384301208056
1440,64.40384301208056
1441,48.42745216953402
1441,48.42745216953402
1441,48.42745216953402
1441,48.42745216953402
1441,48.42745216953402
1442,36.04727127213298
1442,36.04727127213298
1442,36.04727127213298
1442,36.04727127213298
1442,36.04727127213298
1443,36.012965128090585
1443,36.012965128090585
1443,36.012965128090585
1443,36.012965128090585
1443,36.012965128090585
1444,35.99270170406404
1444,35.99270170406404
1444,35.99270170406404
1444,35.99270170406404
1444,35.99270170406404
1445,35.97966673148559
1445,35.97966673148559
1445,35.97966673148559
1445,35.97966673148559
1445,35.97966673148559
1446,20.037724685460315
1446,20.037724685460315
1446,20.037724685460315
1446,20.037724685460315
1446,20.037724685460315
1447,19.978791980046545
1447,19.978791980046545
1447,19.978791980046545
1447,19.978791980046545
1447,19.978791980046545
1448,35.934589179250096
1448,35.934589179250096
1448,35.934589179250096
1448,35.934589179250096
1448,35.934589179250096
1449,35.92990913134135
1449,35.92990913134135
1449,35.92990913134135
1449,35.92990913134135
1449,35.92990913134135
1450,35.95524337726361
1450,35.95524337726361
1450,35.95524337726361
1450,35.95524337726361
1450,35.95524337726361
1451,67.90030902668308
1451,67.90030902668308
1451,67.90030902668308
1451,67.90030902668308
1451,67.90030902668308
1452,67.86115879283743
1452,67.86115879283743
1452,67.86115879283743
1452,67.86115879283743
1452,67.86115879283743
1453,52.00440957645211
1453,52.00440957645211
1453,52.00440957645211
1453,52.00440957645211
1453,52.00440957645211
1454,51.989009449225
1454,51.989009449225
1454,51.989009449225
1454,51.989009449225
1454,51.989009449225
1455,51.998219675635234
1455,51.998219675635234
1455,51.998219675635234
1455,51.998219675635234
1455,51.998219675635234
1456,35.98480738639392
1456,35.98480738639392
1456,35.98480738639392
1456,35.98480738639392
1456,35.98480738639392
1457,35.992397804198134
1457,35.992397804198134
1457,35.992397804198134
1457,35.992397804198134
1457,35.992397804198134
1458,39.60408691002915
1458,39.60408691002915
1458,39.60408691002915
1458,39.60408691002915
1458,39.60408691002915
1459,39.639710555302386
1459,39.639710555302386
1459,39.639710555302386
1459,39.639710555302386
1459,39.639710555302386
1460,39.64151396737216
1460,39.64151396737216
1460,39.64151396737216
1460,39.64151396737216
1460,39.64151396737216
1461,39.65410414868391
1461,39.65410414868391
1461,39.65410414868391
1461,39.65410414868391
1461,39.65410414868391
1462,39.656586426954185
1462,39.656586426954185
1462,39.656586426954185
1462,39.656586426954185
1462,39.656586426954185
1463,39.64729765813716
1463,39.64729765813716
1463,39.64729765813716
1463,39.64729765813716
1463,39.64729765813716
1464,55.55569870354607
1464,55.55569870354607
1464,55.55569870354607
1464,55.55569870354607
1464,55.55569870354607
1465,55.57949741293137
1465,55.57949741293137
1465,55.57949741293137
1465,55.57949741293137
1465,55.57949741293137
1466,39.6665619009281
1466,39.6665619009281
1466,39.6665619009281
1466,39.6665619009281
1466,39.6665619009281
1467,39.52618776365012
1467,39.52618776365012
1467,39.52618776365012
1467,39.52618776365012
1467,39.52618776365012
1468,39.59247611758307
1468,39.59247611758307
1468,39.59247611758307
1468,39.59247611758307
1468,39.59247611758307
1469,51.96180959318322
1469,51.96180959318322
1469,51.96180959318322
1469,51.96180959318322
1469,51.96180959318322
1470,55.57810579827733
1470,55.57810579827733
1470,55.57810579827733
1470,55.57810579827733
1470,55.57810579827733
1471,55.6045268288161
1471,55.6045268288161
1471,55.6045268288161
1471,55.6045268288161
1471,55.6045268288161
1472,55.71784885397873
1472,55.71784885397873
1472,55.71784885397873
1472,55.71784885397873
1472,55.71784885397873
1473,55.88987749946132
1473,55.88987749946132
1473,55.88987749946132
1473,55.88987749946132
1473,55.88987749946132
1474,55.81932526802541
1474,55.81932526802541
1474,55.81932526802541
1474,55.81932526802541
1474,55.81932526802541
1475,55.81133288956333
1475,55.81133288956333
1475,55.81133288956333
1475,55.81133288956333
1475,55.81133288956333
1476,55.83436269173795
1476,55.83436269173795
1476,55.83436269173795
1476,55.83436269173795
1476,55.83436269173795
1477,55.703363445685525
1477,55.703363445685525
1477,55.703363445685525
1477,55.703363445685525
1477,55.703363445685525
1478,55.69103003722826
1478,55.69103003722826
1478,55.69103003722826
1478,55.69103003722826
1478,55.69103003722826
1479,59.16533414409971
1479,59.16533414409971
1479,59.16533414409971
1479,59.16533414409971
1479,59.16533414409971
1480,59.08704793638835
1480,59.08704793638835
1480,59.08704793638835
1480,59.08704793638835
1480,59.08704793638835
1481,55.59129536611003
1481,55.59129536611003
1481,55.59129536611003
1481,55.59129536611003
1481,55.59129536611003
1482,55.61958321422626
1482,55.61958321422626
1482,55.61958321422626
1482,55.61958321422626
1482,55.61958321422626
1483,36.00027993229329
1483,36.00027993229329
1483,36.00027993229329
1483,36.00027993229329
1483,36.00027993229329
1484,35.916629253270514
1484,35.916629253270514
1484,35.916629253270514
1484,35.916629253270514
1484,35.916629253270514
1485,20.006920582807325
1485,20.006920582807325
1485,20.006920582807325
1485,20.006920582807325
1485,20.006920582807325
1486,35.94889258904295
1486,35.94889258904295
1486,35.94889258904295
1486,35.94889258904295
1486,35.94889258904295
1487,55.51111060499187
1487,55.51111060499187
1487,55.51111060499187
1487,55.51111060499187
1487,55.51111060499187
1488,55.4366739590817
1488,55.4366739590817
1488,55.4366739590817
1488,55.4366739590817
1488,55.4366739590817
1489,55.5066861300168
1489,55.5066861300168
1489,55.5066861300168
1489,55.5066861300168
1489,55.5066861300168
1490,55.44296839289284
1490,55.44296839289284
1490,55.44296839289284
1490,55.44296839289284
1490,55.44296839289284
1491,67.81788570921975
1491,67.81788570921975
1491,67.81788570921975
1491,67.81788570921975
1491,67.81788570921975
1492,67.792996819987
1492,67.792996819987
1492,67.792996819987
1492,67.792996819987
1492,67.792996819987
1493,71.38628259051919
1493,71.38628259051919
1493,71.38628259051919
1493,71.38628259051919
1493,71.38628259051919
1494,71.42311093517839
1494,71.42311093517839
1494,71.42311093517839
1494,71.42311093517839
1494,71.42311093517839
1495,55.683701672371214
1495,55.683701672371214
1495,55.683701672371214
1495,55.683701672371214
1495,55.683701672371214
1496,55.63394847553652
1496,55.63394847553652
1496,55.63394847553652
1496,55.63394847553652
1496,55.63394847553652
1497,55.65077686101067
1497,55.65077686101067
1497,55.65077686101067
1497,55.65077686101067
1497,55.65077686101067
1498,59.217275807774946
1498,59.217275807774946
1498,59.217275807774946
1498,59.217275807774946
1498,59.217275807774946
1499,59.29889084436071
1499,59.29889084436071
1499,59.29889084436071
1499,59.29889084436071
1499,59.29889084436071
1500,59.23128009319355
1500,59.23128009319355
1500,59.23128009319355
1500,59.23128009319355
1500,59.23128009319355
1501,59.187666358944035
1501,59.187666358944035
1501,59.187666358944035
1501,59.187666358944035
1501,59.187666358944035
1502,59.20098951192663
1502,59.20098951192663
1502,59.20098951192663
1502,59.20098951192663
1502,59.20098951192663
1503,59.19076488090584
1503,59.19076488090584
1503,59.19076488090584
1503,59.19076488090584
1503,59.19076488090584
1504,55.63331173054771
1504,55.63331173054771
1504,55.63331173054771
1504,55.63331173054771
1504,55.63331173054771
1505,55.68971529620994
1505,55.68971529620994
1505,55.68971529620994
1505,55.68971529620994
1505,55.68971529620994
1506,52.07343287504582
1506,52.07343287504582
1506,52.07343287504582
1506,52.07343287504582
1506,52.07343287504582
1507,52.08096075475864
1507,52.08096075475864
1507,52.08096075475864
1507,52.08096075475864
1507,52.08096075475864
1508,52.05918717231047
1508,52.05918717231047
1508,52.05918717231047
1508,52.05918717231047
1508,52.05918717231047
1509,51.944919913693774
1509,51.944919913693774
1509,51.944919913693774
1509,51.944919913693774
1509,51.944919913693774
1510,51.8955608176076
1510,51.8955608176076
1510,51.8955608176076
1510,51.8955608176076
1510,51.8955608176076
1511,35.90442351787312
1511,35.90442351787312
1511,35.90442351787312
1511,35.90442351787312
1511,35.90442351787312
1512,51.843000473031466
1512,51.843000473031466
1512,51.843000473031466
1512,51.843000473031466
1512,51.843000473031466
1513,51.845856686065076
1513,51.845856686065076
1513,51.845856686065076
1513,51.845856686065076
1513,51.845856686065076
1514,51.841987645779156
1514,51.841987645779156
1514,51.841987645779156
1514,51.841987645779156
1514,51.841987645779156
1515,51.99769626796065
1515,51.99769626796065
1515,51.99769626796065
1515,51.99769626796065
1515,51.99769626796065
1516,52.010875065422184
1516,52.010875065422184
1516,52.010875065422184
1516,52.010875065422184
1516,52.010875065422184
1517,55.59483258045361
1517,55.59483258045361
1517,55.59483258045361
1517,55.59483258045361
1517,55.59483258045361
1518,55.6038407465532
1518,55.6038407465532
1518,55.6038407465532
1518,55.6038407465532
1518,55.6038407465532
1519,52.066606467265856
1519,52.066606467265856
1519,52.066606467265856
1519,52.066606467265856
1519,52.066606467265856
1520,52.05703426775109
1520,52.05703426775109
1520,52.05703426775109
1520,52.05703426775109
1520,52.05703426775109
1521,52.0083482253893
1521,52.0083482253893
1521,52.0083482253893
1521,52.0083482253893
1521,52.0083482253893
1522,51.98509917515649
1522,51.98509917515649
1522,51.98509917515649
1522,51.98509917515649
1522,51.98509917515649
1523,48.42576036071087
1523,48.42576036071087
1523,48.42576036071087
1523,48.42576036071087
1523,48.42576036071087
1524,83.82974231762122
1524,83.82974231762122
1524,83.82974231762122
1524,83.82974231762122
1524,83.82974231762122
1525,87.4159355955398
1525,87.4159355955398
1525,87.4159355955398
1525,87.4159355955398
1525,87.4159355955398
1526,87.4233358268494
1526,87.4233358268494
1526,87.4233358268494
1526,87.4233358268494
1526,87.4233358268494
1527,71.63290331137429
1527,71.63290331137429
1527,71.63290331137429
1527,71.63290331137429
1527,71.63290331137429
1528,71.65195706930079
1528,71.65195706930079
1528,71.65195706930079
1528,71.65195706930079
1528,71.65195706930079
1529,68.05322553788736
1529,68.05322553788736
1529,68.05322553788736
1529,68.05322553788736
1529,68.05322553788736
1530,68.03354784836951
1530,68.03354784836951
1530,68.03354784836951
1530,68.03354784836951
1530,68.03354784836951
1531,83.95513367652742
1531,83.95513367652742
1531,83.95513367652742
1531,83.95513367652742
1531,83.95513367652742
1532,68.0545730377769
1532,68.0545730377769
1532,68.0545730377769
1532,68.0545730377769
1532,68.0545730377769
1533,68.07212297093727
1533,68.07212297093727
1533,68.07212297093727
1533,68.07212297093727
1533,68.07212297093727
1534,68.10002552929834
1534,68.10002552929834
1534,68.10002552929834
1534,68.10002552929834
1534,68.10002552929834
1535,68.1197670332532
1535,68.1197670332532
1535,68.1197670332532
1535,68.1197670332532
1535,68.1197670332532
1536,68.19876048548726
1536,68.19876048548726
1536,68.19876048548726
1536,68.19876048548726
1536,68.19876048548726
1537,52.22273572453247
1537,52.22273572453247
1537,52.22273572453247
1537,52.22273572453247
1537,52.22273572453247
1538,52.20021298324743
1538,52.20021298324743
1538,52.20021298324743
1538,52.20021298324743
1538,52.20021298324743
1539,52.159158545371646
1539,52.159158545371646
1539,52.159158545371646
1539,52.159158545371646
1539,52.159158545371646
1540,52.12889785409171
1540,52.12889785409171
1540,52.12889785409171
1540,52.12889785409171
1540,52.12889785409171
1541,52.08762158493606
1541,52.08762158493606
1541,52.08762158493606
1541,52.08762158493606
1541,52.08762158493606
1542,52.05710545274504
1542,52.05710545274504
1542,52.05710545274504
1542,52.05710545274504
1542,52.05710545274504
1543,52.0492214818752
1543,52.0492214818752
1543,52.0492214818752
1543,52.0492214818752
1543,52.0492214818752
1544,55.583713406475155
1544,55.583713406475155
1544,55.583713406475155
1544,55.583713406475155
1544,55.583713406475155
1545,55.55176246531268
1545,55.55176246531268
1545,55.55176246531268
1545,55.55176246531268
1545,55.55176246531268
1546,51.968080217733224
1546,51.968080217733224
1546,51.968080217733224
1546,51.968080217733224
1546,51.968080217733224
1547,51.95980805797078
1547,51.95980805797078
1547,51.95980805797078
1547,51.95980805797078
1547,51.95980805797078
1548,52.049039289790656
1548,52.049039289790656
1548,52.049039289790656
1548,52.049039289790656
1548,52.049039289790656
1549,36.09045065078857
1549,36.09045065078857
1549,36.09045065078857
1549,36.09045065078857
1549,36.09045065078857
1550,36.00128424387969
1550,36.00128424387969
1550,36.00128424387969
1550,36.00128424387969
1550,36.00128424387969
1551,32.36348418151732
1551,32.36348418151732
1551,32.36348418151732
1551,32.36348418151732
1551,32.36348418151732
1552,16.350777060302008
1552,16.350777060302008
1552,16.350777060302008
1552,16.350777060302008
1552,16.350777060302008
1553,16.39339827807877
1553,16.39339827807877
1553,16.39339827807877
1553,16.39339827807877
1553,16.39339827807877
1554,0.5060591450246197
1554,0.5060591450246197
1554,0.5060591450246197
1554,0.5060591450246197
1554,0.5060591450246197
1555,16.412214851242346
1555,16.412214851242346
1555,16.412214851242346
1555,16.412214851242346
1555,16.412214851242346
1556,48.25548814827482
1556,48.25548814827482
1556,48.25548814827482
1556,48.25548814827482
1556,48.25548814827482
1557,48.339214067723546
1557,48.339214067723546
1557,48.339214067723546
1557,48.339214067723546
1557,48.339214067723546
1558,51.92179707064845
1558,51.92179707064845
1558,51.92179707064845
1558,51.92179707064845
1558,51.92179707064845
1559,51.971466103316516
1559,51.971466103316516
1559,51.971466103316516
1559,51.971466103316516
1559,51.971466103316516
1560,51.96212289585783
1560,51.96212289585783
1560,51.96212289585783
1560,51.96212289585783
1560,51.96212289585783
1561,51.991079117300956
1561,51.991079117300956
1561,51.991079117300956
1561,51.991079117300956
1561,51.991079117300956
1562,51.912343558787896
1562,51.912343558787896
1562,51.912343558787896
1562,51.912343558787896
1562,51.912343558787896
1563,51.86710629074933
1563,51.86710629074933
1563,51.86710629074933
1563,51.86710629074933
1563,51.86710629074933
1564,51.884956343543195
1564,51.884956343543195
1564,51.884956343543195
1564,51.884956343543195
1564,51.884956343543195
1565,51.830078830236936
1565,51.830078830236936
1565,51.830078830236936
1565,51.830078830236936
1565,51.830078830236936
1566,51.90472617320656
1566,51.90472617320656
1566,51.90472617320656
1566,51.90472617320656
1566,51.90472617320656
1567,55.58913708748831
1567,55.58913708748831
1567,55.58913708748831
1567,55.58913708748831
1567,55.58913708748831
1568,51.909968027212265
1568,51.909968027212265
1568,51.909968027212265
1568,51.909968027212265
1568,51.909968027212265
1569,36.052479828107586
1569,36.052479828107586
1569,36.052479828107586
1569,36.052479828107586
1569,36.052479828107586
1570,32.4734846056263
1570,32.4734846056263
1570,32.4734846056263
1570,32.4734846056263
1570,32.4734846056263
1571,32.45751324328482
1571,32.45751324328482
1571,32.45751324328482
1571,32.45751324328482
1571,32.45751324328482
1572,32.43428400823614
1572,32.43428400823614
1572,32.43428400823614
1572,32.43428400823614
1572,32.43428400823614
1573,32.54024252228965
1573,32.54024252228965
1573,32.54024252228965
1573,32.54024252228965
1573,32.54024252228965
1574,32.54296599354385
1574,32.54296599354385
1574,32.54296599354385
1574,32.54296599354385
1574,32.54296599354385
1575,32.48611022291991
1575,32.48611022291991
1575,32.48611022291991
1575,32.48611022291991
1575,32.48611022291991
1576,32.462825704041265
1576,32.462825704041265
1576,32.462825704041265
1576,32.462825704041265
1576,32.462825704041265
1577,32.40257075535652
1577,32.40257075535652
1577,32.40257075535652
1577,32.40257075535652
1577,32.40257075535652
1578,32.383955669501745
1578,32.383955669501745
1578,32.383955669501745
1578,32.383955669501745
1578,32.383955669501745
1579,35.94602590932134
1579,35.94602590932134
1579,35.94602590932134
1579,35.94602590932134
1579,35.94602590932134
1580,35.91524883383127
1580,35.91524883383127
1580,35.91524883383127
1580,35.91524883383127
1580,35.91524883383127
1581,35.90622180021529
1581,35.90622180021529
1581,35.90622180021529
1581,35.90622180021529
1581,35.90622180021529
1582,51.810209892837314
1582,51.810209892837314
1582,51.810209892837314
1582,51.810209892837314
1582,51.810209892837314
1583,51.875598781819726
1583,51.875598781819726
1583,51.875598781819726
1583,51.875598781819726
1583,51.875598781819726
1584,55.47777202467987
1584,55.47777202467987
1584,55.47777202467987
1584,55.47777202467987
1584,55.47777202467987
1585,55.515186538604006
1585,55.515186538604006
1585,55.515186538604006
1585,55.515186538604006
1585,55.515186538604006
1586,51.88420134542232
1586,51.88420134542232
1586,51.88420134542232
1586,51.88420134542232
1586,51.88420134542232
1587,48.335450942621584
1587,48.335450942621584
1587,48.335450942621584
1587,48.335450942621584
1587,48.335450942621584
1588,51.85602969569427
1588,51.85602969569427
1588,51.85602969569427
1588,51.85602969569427
1588,51.85602969569427
1589,51.885630034521526
1589,51.885630034521526
1589,51.885630034521526
1589,51.885630034521526
1589,51.885630034521526
1590,48.286864230795764
1590,48.286864230795764
1590,48.286864230795764
1590,48.286864230795764
1590,48.286864230795764
1591,48.28667507174238
1591,48.28667507174238
1591,48.28667507174238
1591,48.28667507174238
1591,48.28667507174238
1592,51.93734146994078
1592,51.93734146994078
1592,51.93734146994078
1592,51.93734146994078
1592,51.93734146994078
1593,55.46781426280163
1593,55.46781426280163
1593,55.46781426280163
1593,55.46781426280163
1593,55.46781426280163
1594,55.45620015707773
1594,55.45620015707773
1594,55.45620015707773
1594,55.45620015707773
1594,55.45620015707773
1595,55.44703205064589
1595,55.44703205064589
1595,55.44703205064589
1595,55.44703205064589
1595,55.44703205064589
1596,55.48100199288642
1596,55.48100199288642
1596,55.48100199288642
1596,55.48100199288642
1596,55.48100199288642
1597,55.5505289771336
1597,55.5505289771336
1597,55.5505289771336
1597,55.5505289771336
1597,55.5505289771336
1598,55.57420597100535
1598,55.57420597100535
1598,55.57420597100535
1598,55.57420597100535
1598,55.57420597100535
1599,55.71131008256979
1599,55.71131008256979
1599,55.71131008256979
1599,55.71131008256979
1599,55.71131008256979
1600,48.44617449583884
1600,48.44617449583884
1600,48.44617449583884
1600,48.44617449583884
1600,48.44617449583884
1601,48.42367823917029
1601,48.42367823917029
1601,48.42367823917029
1601,48.42367823917029
1601,48.42367823917029
1602,48.3544944642864
1602,48.3544944642864
1602,48.3544944642864
1602,48.3544944642864
1602,48.3544944642864
1603,51.92861260483571
1603,51.92861260483571
1603,51.92861260483571
1603,51.92861260483571
1603,51.92861260483571
1604,35.96229082256322
1604,35.96229082256322
1604,35.96229082256322
1604,35.96229082256322
1604,35.96229082256322
1605,20.06313121544778
1605,20.06313121544778
1605,20.06313121544778
1605,20.06313121544778
1605,20.06313121544778
1606,32.37721888698205
1606,32.37721888698205
1606,32.37721888698205
1606,32.37721888698205
1606,32.37721888698205
1607,32.385956328223415
1607,32.385956328223415
1607,32.385956328223415
1607,32.385956328223415
1607,32.385956328223415
1608,35.967587241905235
1608,35.967587241905235
1608,35.967587241905235
1608,35.967587241905235
1608,35.967587241905235
1609,36.02249419144992
1609,36.02249419144992
1609,36.02249419144992
1609,36.02249419144992
1609,36.02249419144992
1610,20.03578640472006
1610,20.03578640472006
1610,20.03578640472006
1610,20.03578640472006
1610,20.03578640472006
1611,0.5194865498160223
1611,0.5194865498160223
1611,0.5194865498160223
1611,0.5194865498160223
1611,0.5194865498160223
1612,0.4058547683908274
1612,0.4058547683908274
1612,0.4058547683908274
1612,0.4058547683908274
1612,0.4058547683908274
1613,0.46252978801037237
1613,0.46252978801037237
1613,0.46252978801037237
1613,0.46252978801037237
1613,0.46252978801037237
1614,0.44929857333374973
1614,0.44929857333374973
1614,0.44929857333374973
1614,0.44929857333374973
1614,0.44929857333374973
1615,0.4936546532394991
1615,0.4936546532394991
1615,0.4936546532394991
1615,0.4936546532394991
1615,0.4936546532394991
1616,0.46572698366399673
1616,0.46572698366399673
1616,0.46572698366399673
1616,0.46572698366399673
1616,0.46572698366399673
1617,0.44707948540946313
1617,0.44707948540946313
1617,0.44707948540946313
1617,0.44707948540946313
1617,0.44707948540946313
1618,0.5010812249612487
1618,0.5010812249612487
1618,0.5010812249612487
1618,0.5010812249612487
1618,0.5010812249612487
1619,0.4871146603230862
1619,0.4871146603230862
1619,0.4871146603230862
1619,0.4871146603230862
1619,0.4871146603230862
1620,0.4654912979385232
1620,0.4654912979385232
1620,0.4654912979385232
1620,0.4654912979385232
1620,0.4654912979385232
1621,32.36721048722662
1621,32.36721048722662
1621,32.36721048722662
1621,32.36721048722662
1621,32.36721048722662
1622,16.435709055916554
1622,16.435709055916554
1622,16.435709055916554
1622,16.435709055916554
1622,16.435709055916554
1623,32.27521631700044
1623,32.27521631700044
1623,32.27521631700044
1623,32.27521631700044
1623,32.27521631700044
1624,32.2433544906345
1624,32.2433544906345
1624,32.2433544906345
1624,32.2433544906345
1624,32.2433544906345
1625,35.85425748206566
1625,35.85425748206566
1625,35.85425748206566
1625,35.85425748206566
1625,35.85425748206566
1626,19.925384293061832
1626,19.925384293061832
1626,19.925384293061832
1626,19.925384293061832
1626,19.925384293061832
1627,19.995341192550693
1627,19.995341192550693
1627,19.995341192550693
1627,19.995341192550693
1627,19.995341192550693
1628,20.022280513387187
1628,20.022280513387187
1628,20.022280513387187
1628,20.022280513387187
1628,20.022280513387187
1629,20.03068259873486
1629,20.03068259873486
1629,20.03068259873486
1629,20.03068259873486
1629,20.03068259873486
1630,16.448536634108482
1630,16.448536634108482
1630,16.448536634108482
1630,16.448536634108482
1630,16.448536634108482
1631,16.47122875975427
1631,16.47122875975427
1631,16.47122875975427
1631,16.47122875975427
1631,16.47122875975427
1632,16.455974529270982
1632,16.455974529270982
1632,16.455974529270982
1632,16.455974529270982
1632,16.455974529270982
1633,16.457317654896276
1633,16.457317654896276
1633,16.457317654896276
1633,16.457317654896276
1633,16.457317654896276
1634,16.437000663857464
1634,16.437000663857464
1634,16.437000663857464
1634,16.437000663857464
1634,16.437000663857464
1635,16.483312171121277
1635,16.483312171121277
1635,16.483312171121277
1635,16.483312171121277
1635,16.483312171121277
1636,16.455043312824156
1636,16.455043312824156
1636,16.455043312824156
1636,16.455043312824156
1636,16.455043312824156
1637,16.37813508041855
1637,16.37813508041855
1637,16.37813508041855
1637,16.37813508041855
1637,16.37813508041855
1638,16.418114344290586
1638,16.418114344290586
1638,16.418114344290586
1638,16.418114344290586
1638,16.418114344290586
1639,16.375470481319773
1639,16.375470481319773
1639,16.375470481319773
1639,16.375470481319773
1639,16.375470481319773
1640,16.39474261642146
1640,16.39474261642146
1640,16.39474261642146
1640,16.39474261642146
1640,16.39474261642146
1641,16.39470221691589
1641,16.39470221691589
1641,16.39470221691589
1641,16.39470221691589
1641,16.39470221691589
1642,16.402279884142416
1642,16.402279884142416
1642,16.402279884142416
1642,16.402279884142416
1642,16.402279884142416
1643,16.39452541707623
1643,16.39452541707623
1643,16.39452541707623
1643,16.39452541707623
1643,16.39452541707623
1644,16.342300340309464
1644,16.342300340309464
1644,16.342300340309464
1644,16.342300340309464
1644,16.342300340309464
1645,16.36607890587936
1645,16.36607890587936
1645,16.36607890587936
1645,16.36607890587936
1645,16.36607890587936
1646,16.36807001635055
1646,16.36807001635055
1646,16.36807001635055
1646,16.36807001635055
1646,16.36807001635055
1647,32.28383952092277
1647,32.28383952092277
1647,32.28383952092277
1647,32.28383952092277
1647,32.28383952092277
1648,0.3789636457735831
1648,0.3789636457735831
1648,0.3789636457735831
1648,0.3789636457735831
1648,0.3789636457735831
1649,0.36507459603794407
1649,0.36507459603794407
1649,0.36507459603794407
1649,0.36507459603794407
1649,0.36507459603794407
1650,0.3581707854120752
1650,0.3581707854120752
1650,0.3581707854120752
1650,0.3581707854120752
1650,0.3581707854120752
1651,0.34431416999610515
1651,0.34431416999610515
1651,0.34431416999610515
1651,0.34431416999610515
1651,0.34431416999610515
1652,0.34289485214154986
1652,0.34289485214154986
1652,0.34289485214154986
1652,0.34289485214154986
1652,0.34289485214154986
1653,0.35496625242569096
1653,0.35496625242569096
1653,0.35496625242569096
1653,0.35496625242569096
1653,0.35496625242569096
1654,0.357359608940304
1654,0.357359608940304
1654,0.357359608940304
1654,0.357359608940304
1654,0.357359608940304
1655,0.28905491408974876
1655,0.28905491408974876
1655,0.28905491408974876
1655,0.28905491408974876
1655,0.28905491408974876
1656,0.2840008826764118
1656,0.2840008826764118
1656,0.2840008826764118
1656,0.2840008826764118
1656,0.2840008826764118
1657,0.28997045611878736
1657,0.28997045611878736
1657,0.28997045611878736
1657,0.28997045611878736
1657,0.28997045611878736
1658,0.29790183594467845
1658,0.29790183594467845
1658,0.29790183594467845
1658,0.29790183594467845
1658,0.29790183594467845
1659,0.3361733154064471
1659,0.3361733154064471
1659,0.3361733154064471
1659,0.3361733154064471
1659,0.3361733154064471
1660,0.3750551516706259
1660,0.3750551516706259
1660,0.3750551516706259
1660,0.3750551516706259
1660,0.3750551516706259
1661,0.45347872681533674
1661,0.45347872681533674
1661,0.45347872681533674
1661,0.45347872681533674
1661,0.45347872681533674
1662,0.39574261355835744
1662,0.39574261355835744
1662,0.39574261355835744
1662,0.39574261355835744
1662,0.39574261355835744
1663,0.3794107149513247
1663,0.3794107149513247
1663,0.3794107149513247
1663,0.3794107149513247
1663,0.3794107149513247
1664,0.344334554960918
1664,0.344334554960918
1664,0.344334554960918
1664,0.344334554960918
1664,0.344334554960918
1665,16.286458906505043
1665,16.286458906505043
1665,16.286458906505043
1665,16.286458906505043
1665,16.286458906505043
1666,16.30280339244799
1666,16.30280339244799
1666,16.30280339244799
1666,16.30280339244799
1666,16.30280339244799
1667,16.3031836830538
1667,16.3031836830538
1667,16.3031836830538
1667,16.3031836830538
1667,16.3031836830538
1668,16.298384310491596
1668,16.298384310491596
1668,16.298384310491596
1668,16.298384310491596
1668,16.298384310491596
1669,16.263321498681215
1669,16.263321498681215
1669,16.263321498681215
1669,16.263321498681215
1669,16.263321498681215
1670,16.29105578236488
1670,16.29105578236488
1670,16.29105578236488
1670,16.29105578236488
1670,16.29105578236488
1671,32.2533001711113
1671,32.2533001711113
1671,32.2533001711113
1671,32.2533001711113
1671,32.2533001711113
1672,32.246973126323255
1672,32.246973126323255
1672,32.246973126323255
1672,32.246973126323255
1672,32.246973126323255
1673,32.268189187360434
1673,32.268189187360434
1673,32.268189187360434
1673,32.268189187360434
1673,32.268189187360434
1674,32.286049009998365
1674,32.286049009998365
1674,32.286049009998365
1674,32.286049009998365
1674,32.286049009998365
1675,32.32778997882353
1675,32.32778997882353
1675,32.32778997882353
1675,32.32778997882353
1675,32.32778997882353
1676,32.31630121710728
1676,32.31630121710728
1676,32.31630121710728
1676,32.31630121710728
1676,32.31630121710728
1677,32.29009724442807
1677,32.29009724442807
1677,32.29009724442807
1677,32.29009724442807
1677,32.29009724442807
1678,16.344429601918062
1678,16.344429601918062
1678,16.344429601918062
1678,16.344429601918062
1678,16.344429601918062
1679,16.34976152640128
1679,16.34976152640128
1679,16.34976152640128
1679,16.34976152640128
1679,16.34976152640128
1680,16.358828966130883
1680,16.358828966130883
1680,16.358828966130883
1680,16.358828966130883
1680,16.358828966130883
1681,32.31025395353343
1681,32.31025395353343
1681,32.31025395353343
1681,32.31025395353343
1681,32.31025395353343
1682,32.28132375195456
1682,32.28132375195456
1682,32.28132375195456
1682,32.28132375195456
1682,32.28132375195456
1683,0.42207190708122705
1683,0.42207190708122705
1683,0.42207190708122705
1683,0.42207190708122705
1683,0.42207190708122705
1684,0.39347668890110404
1684,0.39347668890110404
1684,0.39347668890110404
1684,0.39347668890110404
1684,0.39347668890110404
1685,0.40423453940879356
1685,0.40423453940879356
1685,0.40423453940879356
1685,0.40423453940879356
1685,0.40423453940879356
1686,0.36248188039898366
1686,0.36248188039898366
1686,0.36248188039898366
1686,0.36248188039898366
1686,0.36248188039898366
1687,0.37418176190883135
1687,0.37418176190883135
1687,0.37418176190883135
1687,0.37418176190883135
1687,0.37418176190883135
1688,0.33774432501797946
1688,0.33774432501797946
1688,0.33774432501797946
1688,0.33774432501797946
1688,0.33774432501797946
1689,0.31644015403346776
1689,0.31644015403346776
1689,0.31644015403346776
1689,0.31644015403346776
1689,0.31644015403346776
1690,0.3521676321469764
1690,0.3521676321469764
1690,0.3521676321469764
1690,0.3521676321469764
1690,0.3521676321469764
1691,0.3623410901835099
1691,0.3623410901835099
1691,0.3623410901835099
1691,0.3623410901835099
1691,0.3623410901835099
1692,0.3284446489098448
1692,0.3284446489098448
1692,0.3284446489098448
1692,0.3284446489098448
1692,0.3284446489098448
1693,0.3472138099958768
1693,0.3472138099958768
1693,0.3472138099958768
1693,0.3472138099958768
1693,0.3472138099958768
1694,0.3550634185756715
1694,0.3550634185756715
1694,0.3550634185756715
1694,0.3550634185756715
1694,0.3550634185756715
1695,0.3690681296178394
1695,0.3690681296178394
1695,0.3690681296178394
1695,0.3690681296178394
1695,0.3690681296178394
1696,0.3889670397443351
1696,0.3889670397443351
1696,0.3889670397443351
1696,0.3889670397443351
1696,0.3889670397443351
1697,0.38276372515740553
1697,0.38276372515740553
1697,0.38276372515740553
1697,0.38276372515740553
1697,0.38276372515740553
1698,0.39646983600281804
1698,0.39646983600281804
1698,0.39646983600281804
1698,0.39646983600281804
1698,0.39646983600281804
1699,0.4235403939709844
1699,0.4235403939709844
1699,0.4235403939709844
1699,0.4235403939709844
1699,0.4235403939709844
1700,0.4425160757904769
1700,0.4425160757904769
1700,0.4425160757904769
1700,0.4425160757904769
1700,0.4425160757904769
1701,0.3889179905037016
1701,0.3889179905037016
1701,0.3889179905037016
1701,0.3889179905037016
1701,0.3889179905037016
1702,0.3942087332151998
1702,0.3942087332151998
1702,0.3942087332151998
1702,0.3942087332151998
1702,0.3942087332151998
1703,0.3997461807090737
1703,0.3997461807090737
1703,0.3997461807090737
1703,0.3997461807090737
1703,0.3997461807090737
1704,0.4153638637882163
1704,0.4153638637882163
1704,0.4153638637882163
1704,0.4153638637882163
1704,0.4153638637882163
1705,0.4132660508958092
1705,0.4132660508958092
1705,0.4132660508958092
1705,0.4132660508958092
1705,0.4132660508958092
1706,0.41114794335489063
1706,0.41114794335489063
1706,0.41114794335489063
1706,0.41114794335489063
1706,0.41114794335489063
1707,0.46267557230514705
1707,0.46267557230514705
1707,0.46267557230514705
1707,0.46267557230514705
1707,0.46267557230514705
1708,0.4223050535712714
1708,0.4223050535712714
1708,0.4223050535712714
1708,0.4223050535712714
1708,0.4223050535712714
1709,0.40749977419453953
1709,0.40749977419453953
1709,0.40749977419453953
1709,0.40749977419453953
1709,0.40749977419453953
1710,0.3607923532595866
1710,0.3607923532595866
1710,0.3607923532595866
1710,0.3607923532595866
1710,0.3607923532595866
1711,16.251730376365874
1711,16.251730376365874
1711,16.251730376365874
1711,16.251730376365874
1711,16.251730376365874
1712,16.27400276029491
1712,16.27400276029491
1712,16.27400276029491
1712,16.27400276029491
1712,16.27400276029491
1713,16.3091239554796
1713,16.3091239554796
1713,16.3091239554796
1713,16.3091239554796
1713,16.3091239554796
1714,16.29654745387933
1714,16.29654745387933
1714,16.29654745387933
1714,16.29654745387933
1714,16.29654745387933
1715,16.35110335024632
1715,16.35110335024632
1715,16.35110335024632
1715,16.35110335024632
1715,16.35110335024632
1716,16.200105453335702
1716,16.200105453335702
1716,16.200105453335702
1716,16.200105453335702
1716,16.200105453335702
1717,16.210710161957504
1717,16.210710161957504
1717,16.210710161957504
1717,16.210710161957504
1717,16.210710161957504
1718,16.229933955401346
1718,16.229933955401346
1718,16.229933955401346
1718,16.229933955401346
1718,16.229933955401346
1719,16.32078477761683
1719,16.32078477761683
1719,16.32078477761683
1719,16.32078477761683
1719,16.32078477761683
1720,16.285148331980587
1720,16.285148331980587
1720,16.285148331980587
1720,16.285148331980587
1720,16.285148331980587
1721,16.234372021417734
1721,16.234372021417734
1721,16.234372021417734
1721,16.234372021417734
1721,16.234372021417734
1722,0.24324685583863997
1722,0.24324685583863997
1722,0.24324685583863997
1722,0.24324685583863997
1722,0.24324685583863997
1723,0.2460854455984683
1723,0.2460854455984683
1723,0.2460854455984683
1723,0.2460854455984683
1723,0.2460854455984683
1724,0.2643955281518781
1724,0.2643955281518781
1724,0.2643955281518781
1724,0.2643955281518781
1724,0.2643955281518781
1725,0.36106070422799874
1725,0.36106070422799874
1725,0.36106070422799874
1725,0.36106070422799874
1725,0.36106070422799874
1726,0.3635503692276306
1726,0.3635503692276306
1726,0.3635503692276306
1726,0.3635503692276306
1726,0.3635503692276306
1727,0.3352269754714874
1727,0.3352269754714874
1727,0.3352269754714874
1727,0.3352269754714874
1727,0.3352269754714874
1728,0.31269949031516464
1728,0.31269949031516464
1728,0.31269949031516464
1728,0.31269949031516464
1728,0.31269949031516464
1729,0.3149682334087163
1729,0.3149682334087163
1729,0.3149682334087163
1729,0.3149682334087163
1729,0.3149682334087163
1730,0.29431822509434163
1730,0.29431822509434163
1730,0.29431822509434163
1730,0.29431822509434163
1730,0.29431822509434163
1731,0.2800193643601741
1731,0.2800193643601741
1731,0.2800193643601741
1731,0.2800193643601741
1731,0.2800193643601741
1732,0.30193535712798053
1732,0.30193535712798053
1732,0.30193535712798053
1732,0.30193535712798053
1732,0.30193535712798053
1733,0.3443615486417819
1733,0.3443615486417819
1733,0.3443615486417819
1733,0.3443615486417819
1733,0.3443615486417819
1734,0.3376049195613959
1734,0.3376049195613959
1734,0.3376049195613959
1734,0.3376049195613959
1734,0.3376049195613959
1735,0.3684281413251541
1735,0.3684281413251541
1735,0.3684281413251541
1735,0.3684281413251541
1735,0.3684281413251541
1736,0.3519526665640863
1736,0.3519526665640863
1736,0.3519526665640863
1736,0.3519526665640863
1736,0.3519526665640863
1737,0.33642393043763563
1737,0.33642393043763563
1737,0.33642393043763563
1737,0.33642393043763563
1737,0.33642393043763563
1738,0.3325176454833536
1738,0.3325176454833536
1738,0.3325176454833536
1738,0.3325176454833536
1738,0.3325176454833536
1739,0.32092474331507914
1739,0.32092474331507914
1739,0.32092474331507914
1739,0.32092474331507914
1739,0.32092474331507914
1740,0.3061482819925424
1740,0.3061482819925424
1740,0.3061482819925424
1740,0.3061482819925424
1740,0.3061482819925424
1741,0.30513083696398124
1741,0.30513083696398124
1741,0.30513083696398124
1741,0.30513083696398124
1741,0.30513083696398124
1742,0.3356159518804473
1742,0.3356159518804473
1742,0.3356159518804473
1742,0.3356159518804473
1742,0.3356159518804473
1743,0.35829800534958217
1743,0.35829800534958217
1743,0.35829800534958217
1743,0.35829800534958217
1743,0.35829800534958217
1744,0.3373300192735066
1744,0.3373300192735066
1744,0.3373300192735066
1744,0.3373300192735066
1744,0.3373300192735066
1745,0.32780713097021974
1745,0.32780713097021974
1745,0.32780713097021974
1745,0.32780713097021974
1745,0.32780713097021974
1746,0.3294495816264671
1746,0.3294495816264671
1746,0.3294495816264671
1746,0.3294495816264671
1746,0.3294495816264671
1747,0.3256701413980877
1747,0.3256701413980877
1747,0.3256701413980877
1747,0.3256701413980877
1747,0.3256701413980877
1748,0.3233064660521744
1748,0.3233064660521744
1748,0.3233064660521744
1748,0.3233064660521744
1748,0.3233064660521744
1749,0.3131289302510555
1749,0.3131289302510555
1749,0.3131289302510555
1749,0.3131289302510555
1749,0.3131289302510555
1750,0.319994236769387
1750,0.319994236769387
1750,0.319994236769387
1750,0.319994236769387
1750,0.319994236769387
1751,0.31098365528392996
1751,0.31098365528392996
1751,0.31098365528392996
1751,0.31098365528392996
1751,0.31098365528392996
1752,0.31176248577623633
1752,0.31176248577623633
1752,0.31176248577623633
1752,0.31176248577623633
1752,0.31176248577623633
1753,0.36213529247754317
1753,0.36213529247754317
1753,0.36213529247754317
1753,0.36213529247754317
1753,0.36213529247754317
1754,0.37960686595427173
1754,0.37960686595427173
1754,0.37960686595427173
1754,0.37960686595427173
1754,0.37960686595427173
1755,16.325394106954644
1755,16.325394106954644
1755,16.325394106954644
1755,16.325394106954644
1755,16.325394106954644
1756,0.40120310765218503
1756,0.40120310765218503
1756,0.40120310765218503
1756,0.40120310765218503
1756,0.40120310765218503
1757,0.37259554985722365
1757,0.37259554985722365
1757,0.37259554985722365
1757,0.37259554985722365
1757,0.37259554985722365
1758,0.354937415019748
1758,0.354937415019748
1758,0.354937415019748
1758,0.354937415019748
1758,0.354937415019748
1759,0.37321014063231345
1759,0.37321014063231345
1759,0.37321014063231345
1759,0.37321014063231345
1759,0.37321014063231345
1760,0.35129279388711376
1760,0.35129279388711376
1760,0.35129279388711376
1760,0.35129279388711376
1760,0.35129279388711376
1761,0.3535061241536276
1761,0.3535061241536276
1761,0.3535061241536276
1761,0.3535061241536276
1761,0.3535061241536276
1762,0.31640710306712155
1762,0.31640710306712155
1762,0.31640710306712155
1762,0.31640710306712155
1762,0.31640710306712155
1763,0.313228189169169
1763,0.313228189169169
1763,0.313228189169169
1763,0.313228189169169
1763,0.313228189169169
1764,0.299211578527471
1764,0.299211578527471
1764,0.299211578527471
1764,0.299211578527471
1764,0.299211578527471
1765,0.30078365145979735
1765,0.30078365145979735
1765,0.30078365145979735
1765,0.30078365145979735
1765,0.30078365145979735
1766,0.307433363601602
1766,0.307433363601602
1766,0.307433363601602
1766,0.307433363601602
1766,0.307433363601602
1767,0.2809753631309728
1767,0.2809753631309728
1767,0.2809753631309728
1767,0.2809753631309728
1767,0.2809753631309728
1768,0.2833636707713373
1768,0.2833636707713373
1768,0.2833636707713373
1768,0.2833636707713373
1768,0.2833636707713373
1769,0.28810858751523005
1769,0.28810858751523005
1769,0.28810858751523005
1769,0.28810858751523005
1769,0.28810858751523005
1770,0.29142164065385134
1770,0.29142164065385134
1770,0.29142164065385134
1770,0.29142164065385134
1770,0.29142164065385134
1771,0.2995492113894169
1771,0.2995492113894169
1771,0.2995492113894169
1771,0.2995492113894169
1771,0.2995492113894169
1772,0.3192718328629636
1772,0.3192718328629636
1772,0.3192718328629636
1772,0.3192718328629636
1772,0.3192718328629636
1773,0.34599535661285435
1773,0.34599535661285435
1773,0.34599535661285435
1773,0.34599535661285435
1773,0.34599535661285435
1774,0.3671138203991037
1774,0.3671138203991037
1774,0.3671138203991037
1774,0.3671138203991037
1774,0.3671138203991037
1775,0.4044134771004339
1775,0.4044134771004339
1775,0.4044134771004339
1775,0.4044134771004339
1775,0.4044134771004339
1776,0.34766080929001736
1776,0.34766080929001736
1776,0.34766080929001736
1776,0.34766080929001736
1776,0.34766080929001736
1777,0.3443121569034394
1777,0.3443121569034394
1777,0.3443121569034394
1777,0.3443121569034394
1777,0.3443121569034394
1778,0.2828175126925202
1778,0.2828175126925202
1778,0.2828175126925202
1778,0.2828175126925202
1778,0.2828175126925202
1779,16.27678046767343
1779,16.27678046767343
1779,16.27678046767343
1779,16.27678046767343
1779,16.27678046767343
1780,16.343385891707936
1780,16.343385891707936
1780,16.343385891707936
1780,16.343385891707936
1780,16.343385891707936
1781,16.362113617351056
1781,16.362113617351056
1781,16.362113617351056
1781,16.362113617351056
1781,16.362113617351056
1782,16.407909584706204
1782,16.407909584706204
1782,16.407909584706204
1782,16.407909584706204
1782,16.407909584706204
1783,16.40583068935667
1783,16.40583068935667
1783,16.40583068935667
1783,16.40583068935667
1783,16.40583068935667
1784,16.431450504550956
1784,16.431450504550956
1784,16.431450504550956
1784,16.431450504550956
1784,16.431450504550956
1785,16.37342400990516
1785,16.37342400990516
1785,16.37342400990516
1785,16.37342400990516
1785,16.37342400990516
1786,16.325004860446526
1786,16.325004860446526
1786,16.325004860446526
1786,16.325004860446526
1786,16.325004860446526
1787,0.42237361015007807
1787,0.42237361015007807
1787,0.42237361015007807
1787,0.42237361015007807
1787,0.42237361015007807
1788,0.4121404769525962
1788,0.4121404769525962
1788,0.4121404769525962
1788,0.4121404769525962
1788,0.4121404769525962
1789,0.4557054711656415
1789,0.4557054711656415
1789,0.4557054711656415
1789,0.4557054711656415
1789,0.4557054711656415
1790,0.39407329221894616
1790,0.39407329221894616
1790,0.39407329221894616
1790,0.39407329221894616
1790,0.39407329221894616
1791,0.36366200347368977
1791,0.36366200347368977
1791,0.36366200347368977
1791,0.36366200347368977
1791,0.36366200347368977
1792,0.3669676702284054
1792,0.3669676702284054
1792,0.3669676702284054
1792,0.3669676702284054
1792,0.3669676702284054
1793,0.39220814666210646
1793,0.39220814666210646
1793,0.39220814666210646
1793,0.39220814666210646
1793,0.39220814666210646
1794,0.4243804355854402
1794,0.4243804355854402
1794,0.4243804355854402
1794,0.4243804355854402
1794,0.4243804355854402
1795,0.4679086771119617
1795,0.4679086771119617
1795,0.4679086771119617
1795,0.4679086771119617
1795,0.4679086771119617
1796,0.43347707148069325
1796,0.43347707148069325
1796,0.43347707148069325
1796,0.43347707148069325
1796,0.43347707148069325
1797,0.396145676401359
1797,0.396145676401359
1797,0.396145676401359
1797,0.396145676401359
1797,0.396145676401359
1798,0.37416352504295847
1798,0.37416352504295847
1798,0.37416352504295847
1798,0.37416352504295847
1798,0.37416352504295847
1799,0.423412129874069
1799,0.423412129874069
1799,0.423412129874069
1799,0.423412129874069
1799,0.423412129874069
1800,0.3882300373304498
1800,0.3882300373304498
1800,0.3882300373304498
1800,0.3882300373304498
1800,0.3882300373304498
1801,0.36013960189364697
1801,0.36013960189364697
1801,0.36013960189364697
1801,0.36013960189364697
1801,0.36013960189364697
1802,0.3596955910640395
1802,0.3596955910640395
1802,0.3596955910640395
1802,0.3596955910640395
1802,0.3596955910640395
1803,0.3613517189094007
1803,0.3613517189094007
1803,0.3613517189094007
1803,0.3613517189094007
1803,0.3613517189094007
1804,0.41306992121310876
1804,0.41306992121310876
1804,0.41306992121310876
1804,0.41306992121310876
1804,0.41306992121310876
1805,0.42378073476646927
1805,0.42378073476646927
1805,0.42378073476646927
1805,0.42378073476646927
1805,0.42378073476646927
1806,0.3968610485932345
1806,0.3968610485932345
1806,0.3968610485932345
1806,0.3968610485932345
1806,0.3968610485932345
1807,0.34206787700409225
1807,0.34206787700409225
1807,0.34206787700409225
1807,0.34206787700409225
1807,0.34206787700409225
1808,0.36468700483621114
1808,0.36468700483621114
1808,0.36468700483621114
1808,0.36468700483621114
1808,0.36468700483621114
1809,0.3840712179982908
1809,0.3840712179982908
1809,0.3840712179982908
1809,0.3840712179982908
1809,0.3840712179982908
1810,0.37706108278556816
1810,0.37706108278556816
1810,0.37706108278556816
1810,0.37706108278556816
1810,0.37706108278556816
1811,0.4362012508119414
1811,0.4362012508119414
1811,0.4362012508119414
1811,0.4362012508119414
1811,0.4362012508119414
1812,16.41671959621516
1812,16.41671959621516
1812,16.41671959621516
1812,16.41671959621516
1812,16.41671959621516
1813,16.49491773616325
1813,16.49491773616325
1813,16.49491773616325
1813,16.49491773616325
1813,16.49491773616325
1814,16.47195077906155
1814,16.47195077906155
1814,16.47195077906155
1814,16.47195077906155
1814,16.47195077906155
1815,16.464872563651543
1815,16.464872563651543
1815,16.464872563651543
1815,16.464872563651543
1815,16.464872563651543
1816,20.01271753164984
1816,20.01271753164984
1816,20.01271753164984
1816,20.01271753164984
1816,20.01271753164984
1817,16.330162830315388
1817,16.330162830315388
1817,16.330162830315388
1817,16.330162830315388
1817,16.330162830315388
1818,16.330530485820198
1818,16.330530485820198
1818,16.330530485820198
1818,16.330530485820198
1818,16.330530485820198
1819,16.364105121266846
1819,16.364105121266846
1819,16.364105121266846
1819,16.364105121266846
1819,16.364105121266846
1820,16.32203160294686
1820,16.32203160294686
1820,16.32203160294686
1820,16.32203160294686
1820,16.32203160294686
1821,16.30112945049353
1821,16.30112945049353
1821,16.30112945049353
1821,16.30112945049353
1821,16.30112945049353
1822,16.33775857805397
1822,16.33775857805397
1822,16.33775857805397
1822,16.33775857805397
1822,16.33775857805397
1823,16.334751360554975
1823,16.334751360554975
1823,16.334751360554975
1823,16.334751360554975
1823,16.334751360554975
1824,16.361786514032037
1824,16.361786514032037
1824,16.361786514032037
1824,16.361786514032037
1824,16.361786514032037
1825,16.382163203183453
1825,16.382163203183453
1825,16.382163203183453
1825,16.382163203183453
1825,16.382163203183453
1826,16.366245014046658
1826,16.366245014046658
1826,16.366245014046658
1826,16.366245014046658
1826,16.366245014046658
1827,16.319923625427133
1827,16.319923625427133
1827,16.319923625427133
1827,16.319923625427133
1827,16.319923625427133
1828,32.26188067355898
1828,32.26188067355898
1828,32.26188067355898
1828,32.26188067355898
1828,32.26188067355898
1829,32.25592341009751
1829,32.25592341009751
1829,32.25592341009751
1829,32.25592341009751
1829,32.25592341009751
1830,32.2967910898247
1830,32.2967910898247
1830,32.2967910898247
1830,32.2967910898247
1830,32.2967910898247
1831,32.31930349412326
1831,32.31930349412326
1831,32.31930349412326
1831,32.31930349412326
1831,32.31930349412326
1832,32.36475121014358
1832,32.36475121014358
1832,32.36475121014358
1832,32.36475121014358
1832,32.36475121014358
1833,32.33331798131493
1833,32.33331798131493
1833,32.33331798131493
1833,32.33331798131493
1833,32.33331798131493
1834,32.38578829632122
1834,32.38578829632122
1834,32.38578829632122
1834,32.38578829632122
1834,32.38578829632122
1835,16.509289142313698
1835,16.509289142313698
1835,16.509289142313698
1835,16.509289142313698
1835,16.509289142313698
1836,16.510434360954182
1836,16.510434360954182
1836,16.510434360954182
1836,16.510434360954182
1836,16.510434360954182
1837,16.492629140453392
1837,16.492629140453392
1837,16.492629140453392
1837,16.492629140453392
1837,16.492629140453392
1838,32.43904305387048
1838,32.43904305387048
1838,32.43904305387048
1838,32.43904305387048
1838,32.43904305387048
1839,48.40633599911213
1839,48.40633599911213
1839,48.40633599911213
1839,48.40633599911213
1839,48.40633599911213
1840,48.371698982624295
1840,48.371698982624295
1840,48.371698982624295
1840,48.371698982624295
1840,48.371698982624295
1841,48.366498678614555
1841,48.366498678614555
1841,48.366498678614555
1841,48.366498678614555
1841,48.366498678614555
1842,48.38691171617869
1842,48.38691171617869
1842,48.38691171617869
1842,48.38691171617869
1842,48.38691171617869
1843,32.488599523797525
1843,32.488599523797525
1843,32.488599523797525
1843,32.488599523797525
1843,32.488599523797525
1844,32.421501226843986
1844,32.421501226843986
1844,32.421501226843986
1844,32.421501226843986
1844,32.421501226843986
1845,16.47110503184046
1845,16.47110503184046
1845,16.47110503184046
1845,16.47110503184046
1845,16.47110503184046
1846,32.39359599979049
1846,32.39359599979049
1846,32.39359599979049
1846,32.39359599979049
1846,32.39359599979049
1847,16.501847668048843
1847,16.501847668048843
1847,16.501847668048843
1847,16.501847668048843
1847,16.501847668048843
1848,32.52902254975209
1848,32.52902254975209
1848,32.52902254975209
1848,32.52902254975209
1848,32.52902254975209
1849,32.53365118496783
1849,32.53365118496783
1849,32.53365118496783
1849,32.53365118496783
1849,32.53365118496783
1850,32.61714651031141
1850,32.61714651031141
1850,32.61714651031141
1850,32.61714651031141
1850,32.61714651031141
1851,48.53716474333097
1851,48.53716474333097
1851,48.53716474333097
1851,48.53716474333097
1851,48.53716474333097
1852,52.03743045287395
1852,52.03743045287395
1852,52.03743045287395
1852,52.03743045287395
1852,52.03743045287395
1853,52.09140085879928
1853,52.09140085879928
1853,52.09140085879928
1853,52.09140085879928
1853,52.09140085879928
1854,52.083137146788054
1854,52.083137146788054
1854,52.083137146788054
1854,52.083137146788054
1854,52.083137146788054
1855,52.03155855768763
1855,52.03155855768763
1855,52.03155855768763
1855,52.03155855768763
1855,52.03155855768763
1856,52.05119617814646
1856,52.05119617814646
1856,52.05119617814646
1856,52.05119617814646
1856,52.05119617814646
1857,68.05469428469256
1857,68.05469428469256
1857,68.05469428469256
1857,68.05469428469256
1857,68.05469428469256
1858,68.07697597184703
1858,68.07697597184703
1858,68.07697597184703
1858,68.07697597184703
1858,68.07697597184703
1859,83.9731742714135
1859,83.9731742714135
1859,83.9731742714135
1859,83.9731742714135
1859,83.9731742714135
1860,83.95898683528914
1860,83.95898683528914
1860,83.95898683528914
1860,83.95898683528914
1860,83.95898683528914
1861,83.85243274424465
1861,83.85243274424465
1861,83.85243274424465
1861,83.85243274424465
1861,83.85243274424465
1862,51.99134522716288
1862,51.99134522716288
1862,51.99134522716288
1862,51.99134522716288
1862,51.99134522716288
1863,52.03223731728004
1863,52.03223731728004
1863,52.03223731728004
1863,52.03223731728004
1863,52.03223731728004
1864,51.98389693364483
1864,51.98389693364483
1864,51.98389693364483
1864,51.98389693364483
1864,51.98389693364483
1865,39.75342123512938
1865,39.75342123512938
1865,39.75342123512938
1865,39.75342123512938
1865,39.75342123512938
1866,55.68305800930229
1866,55.68305800930229
1866,55.68305800930229
1866,55.68305800930229
1866,55.68305800930229
1867,75.09614966627356
1867,75.09614966627356
1867,75.09614966627356
1867,75.09614966627356
1867,75.09614966627356
1868,90.90155998518901
1868,90.90155998518901
1868,90.90155998518901
1868,90.90155998518901
1868,90.90155998518901
1869,87.3090053629879
1869,87.3090053629879
1869,87.3090053629879
1869,87.3090053629879
1869,87.3090053629879
1870,94.53130688378992
1870,94.53130688378992
1870,94.53130688378992
1870,94.53130688378992
1870,94.53130688378992
1871,78.59888064564232
1871,78.59888064564232
1871,78.59888064564232
1871,78.59888064564232
1871,78.59888064564232
1872,75.07667214612219
1872,75.07667214612219
1872,75.07667214612219
1872,75.07667214612219
1872,75.07667214612219
1873,75.05114239742115
1873,75.05114239742115
1873,75.05114239742115
1873,75.05114239742115
1873,75.05114239742115
1874,64.17907953714948
1874,64.17907953714948
1874,64.17907953714948
1874,64.17907953714948
1874,64.17907953714948
1875,64.28444038965314
1875,64.28444038965314
1875,64.28444038965314
1875,64.28444038965314
1875,64.28444038965314
1876,64.2385818506746
1876,64.2385818506746
1876,64.2385818506746
1876,64.2385818506746
1876,64.2385818506746
1877,48.36596683441762
1877,48.36596683441762
1877,48.36596683441762
1877,48.36596683441762
1877,48.36596683441762
1878,52.02645166409384
1878,52.02645166409384
1878,52.02645166409384
1878,52.02645166409384
1878,52.02645166409384
1879,52.03293861920247
1879,52.03293861920247
1879,52.03293861920247
1879,52.03293861920247
1879,52.03293861920247
1880,55.64961631060784
1880,55.64961631060784
1880,55.64961631060784
1880,55.64961631060784
1880,55.64961631060784
1881,55.58169023383526
1881,55.58169023383526
1881,55.58169023383526
1881,55.58169023383526
1881,55.58169023383526
1882,51.990899158514516
1882,51.990899158514516
1882,51.990899158514516
1882,51.990899158514516
1882,51.990899158514516
1883,48.37407508423621
1883,48.37407508423621
1883,48.37407508423621
1883,48.37407508423621
1883,48.37407508423621
1884,48.37981242515366
1884,48.37981242515366
1884,48.37981242515366
1884,48.37981242515366
1884,48.37981242515366
1885,51.955296204327816
1885,51.955296204327816
1885,51.955296204327816
1885,51.955296204327816
1885,51.955296204327816
1886,55.594938805910616
1886,55.594938805910616
1886,55.594938805910616
1886,55.594938805910616
1886,55.594938805910616
1887,39.57528008088171
1887,39.57528008088171
1887,39.57528008088171
1887,39.57528008088171
1887,39.57528008088171
1888,55.48724071089625
1888,55.48724071089625
1888,55.48724071089625
1888,55.48724071089625
1888,55.48724071089625
1889,52.023452746341924
1889,52.023452746341924
1889,52.023452746341924
1889,52.023452746341924
1889,52.023452746341924
1890,67.9658771140178
1890,67.9658771140178
1890,67.9658771140178
1890,67.9658771140178
1890,67.9658771140178
1891,71.5071979265618
1891,71.5071979265618
1891,71.5071979265618
1891,71.5071979265618
1891,71.5071979265618
1892,55.48786522965944
1892,55.48786522965944
1892,55.48786522965944
1892,55.48786522965944
1892,55.48786522965944
1893,39.54756777774495
1893,39.54756777774495
1893,39.54756777774495
1893,39.54756777774495
1893,39.54756777774495
1894,39.53887073859733
1894,39.53887073859733
1894,39.53887073859733
1894,39.53887073859733
1894,39.53887073859733
1895,48.258582954567075
1895,48.258582954567075
1895,48.258582954567075
1895,48.258582954567075
1895,48.258582954567075
1896,48.27468568654856
1896,48.27468568654856
1896,48.27468568654856
1896,48.27468568654856
1896,48.27468568654856
1897,48.25809242965819
1897,48.25809242965819
1897,48.25809242965819
1897,48.25809242965819
1897,48.25809242965819
1898,32.44060263765769
1898,32.44060263765769
1898,32.44060263765769
1898,32.44060263765769
1898,32.44060263765769
1899,32.44227641976167
1899,32.44227641976167
1899,32.44227641976167
1899,32.44227641976167
1899,32.44227641976167
1900,32.48846170269233
1900,32.48846170269233
1900,32.48846170269233
1900,32.48846170269233
1900,32.48846170269233
1901,32.50933361076191
1901,32.50933361076191
1901,32.50933361076191
1901,32.50933361076191
1901,32.50933361076191
1902,32.50495900609735
1902,32.50495900609735
1902,32.50495900609735
1902,32.50495900609735
1902,32.50495900609735
1903,32.46296295515797
1903,32.46296295515797
1903,32.46296295515797
1903,32.46296295515797
1903,32.46296295515797
1904,51.89311226818504
1904,51.89311226818504
1904,51.89311226818504
1904,51.89311226818504
1904,51.89311226818504
1905,39.568164898998575
1905,39.568164898998575
1905,39.568164898998575
1905,39.568164898998575
1905,39.568164898998575
1906,35.918310940981165
1906,35.918310940981165
1906,35.918310940981165
1906,35.918310940981165
1906,35.918310940981165
1907,35.92178698030338
1907,35.92178698030338
1907,35.92178698030338
1907,35.92178698030338
1907,35.92178698030338
1908,39.44938879710291
1908,39.44938879710291
1908,39.44938879710291
1908,39.44938879710291
1908,39.44938879710291
1909,39.417606208161935
1909,39.417606208161935
1909,39.417606208161935
1909,39.417606208161935
1909,39.417606208161935
1910,39.54894328454807
1910,39.54894328454807
1910,39.54894328454807
1910,39.54894328454807
1910,39.54894328454807
1911,39.56706623981201
1911,39.56706623981201
1911,39.56706623981201
1911,39.56706623981201
1911,39.56706623981201
1912,39.56701345865152
1912,39.56701345865152
1912,39.56701345865152
1912,39.56701345865152
1912,39.56701345865152
1913,55.54826556708629
1913,55.54826556708629
1913,55.54826556708629
1913,55.54826556708629
1913,55.54826556708629
1914,55.577498358860815
1914,55.577498358860815
1914,55.577498358860815
1914,55.577498358860815
1914,55.577498358860815
1915,55.59300036907406
1915,55.59300036907406
1915,55.59300036907406
1915,55.59300036907406
1915,55.59300036907406
1916,51.992450366064475
1916,51.992450366064475
1916,51.992450366064475
1916,51.992450366064475
1916,51.992450366064475
1917,51.985050417083606
1917,51.985050417083606
1917,51.985050417083606
1917,51.985050417083606
1917,51.985050417083606
1918,52.05307429983024
1918,52.05307429983024
1918,52.05307429983024
1918,52.05307429983024
1918,52.05307429983024
1919,39.54221454240751
1919,39.54221454240751
1919,39.54221454240751
1919,39.54221454240751
1919,39.54221454240751
1920,55.68117480770022
1920,55.68117480770022
1920,55.68117480770022
1920,55.68117480770022
1920,55.68117480770022
1921,55.65173612761638
1921,55.65173612761638
1921,55.65173612761638
1921,55.65173612761638
1921,55.65173612761638
1922,55.63538362710544
1922,55.63538362710544
1922,55.63538362710544
1922,55.63538362710544
1922,55.63538362710544
1923,55.62072275524772
1923,55.62072275524772
1923,55.62072275524772
1923,55.62072275524772
1923,55.62072275524772
1924,39.57883496918627
1924,39.57883496918627
1924,39.57883496918627
1924,39.57883496918627
1924,39.57883496918627
1925,39.5275599981055
1925,39.5275599981055
1925,39.5275599981055
1925,39.5275599981055
1925,39.5275599981055
1926,35.98680298042831
1926,35.98680298042831
1926,35.98680298042831
1926,35.98680298042831
1926,35.98680298042831
1927,36.074044283120024
1927,36.074044283120024
1927,36.074044283120024
1927,36.074044283120024
1927,36.074044283120024
1928,35.995095164138476
1928,35.995095164138476
1928,35.995095164138476
1928,35.995095164138476
1928,35.995095164138476
1929,35.99631826085075
1929,35.99631826085075
1929,35.99631826085075
1929,35.99631826085075
1929,35.99631826085075
1930,20.071777216341832
1930,20.071777216341832
1930,20.071777216341832
1930,20.071777216341832
1930,20.071777216341832
1931,35.99517697792855
1931,35.99517697792855
1931,35.99517697792855
1931,35.99517697792855
1931,35.99517697792855
1932,35.97350086867681
1932,35.97350086867681
1932,35.97350086867681
1932,35.97350086867681
1932,35.97350086867681
1933,51.893764957881764
1933,51.893764957881764
1933,51.893764957881764
1933,51.893764957881764
1933,51.893764957881764
1934,51.91264164317558
1934,51.91264164317558
1934,51.91264164317558
1934,51.91264164317558
1934,51.91264164317558
1935,71.39018181084104
1935,71.39018181084104
1935,71.39018181084104
1935,71.39018181084104
1935,71.39018181084104
1936,71.39227395265397
1936,71.39227395265397
1936,71.39227395265397
1936,71.39227395265397
1936,71.39227395265397
1937,71.47011031556318
1937,71.47011031556318
1937,71.47011031556318
1937,71.47011031556318
1937,71.47011031556318
1938,59.09325111089542
1938,59.09325111089542
1938,59.09325111089542
1938,59.09325111089542
1938,59.09325111089542
1939,59.02872875220379
1939,59.02872875220379
1939,59.02872875220379
1939,59.02872875220379
1939,59.02872875220379
1940,59.02797355362196
1940,59.02797355362196
1940,59.02797355362196
1940,59.02797355362196
1940,59.02797355362196
1941,59.0614228704687
1941,59.0614228704687
1941,59.0614228704687
1941,59.0614228704687
1941,59.0614228704687
1942,59.14910661070665
1942,59.14910661070665
1942,59.14910661070665
1942,59.14910661070665
1942,59.14910661070665
1943,59.132949257058996
1943,59.132949257058996
1943,59.132949257058996
1943,59.132949257058996
1943,59.132949257058996
1944,55.54647004330858
1944,55.54647004330858
1944,55.54647004330858
1944,55.54647004330858
1944,55.54647004330858
1945,71.56110745478216
1945,71.56110745478216
1945,71.56110745478216
1945,71.56110745478216
1945,71.56110745478216
1946,71.52370930265108
1946,71.52370930265108
1946,71.52370930265108
1946,71.52370930265108
1946,71.52370930265108
1947,71.5596872478964
1947,71.5596872478964
1947,71.5596872478964
1947,71.5596872478964
1947,71.5596872478964
1948,67.94840753648683
1948,67.94840753648683
1948,67.94840753648683
1948,67.94840753648683
1948,67.94840753648683
1949,71.72962658338413
1949,71.72962658338413
1949,71.72962658338413
1949,71.72962658338413
1949,71.72962658338413
1950,71.66550045452944
1950,71.66550045452944
1950,71.66550045452944
1950,71.66550045452944
1950,71.66550045452944
1951,68.04335746618082
1951,68.04335746618082
1951,68.04335746618082
1951,68.04335746618082
1951,68.04335746618082
1952,68.01812309434649
1952,68.01812309434649
1952,68.01812309434649
1952,68.01812309434649
1952,68.01812309434649
1953,67.99418196851232
1953,67.99418196851232
1953,67.99418196851232
1953,67.99418196851232
1953,67.99418196851232
1954,71.4763438841099
1954,71.4763438841099
1954,71.4763438841099
1954,71.4763438841099
1954,71.4763438841099
1955,71.63259904214576
1955,71.63259904214576
1955,71.63259904214576
1955,71.63259904214576
1955,71.63259904214576
1956,68.03875616520618
1956,68.03875616520618
1956,68.03875616520618
1956,68.03875616520618
1956,68.03875616520618
1957,52.16242871572682
1957,52.16242871572682
1957,52.16242871572682
1957,52.16242871572682
1957,52.16242871572682
1958,52.19776792678772
1958,52.19776792678772
1958,52.19776792678772
1958,52.19776792678772
1958,52.19776792678772
1959,52.08153931066314
1959,52.08153931066314
1959,52.08153931066314
1959,52.08153931066314
1959,52.08153931066314
1960,55.535103165897546
1960,55.535103165897546
1960,55.535103165897546
1960,55.535103165897546
1960,55.535103165897546
1961,35.96382624828114
1961,35.96382624828114
1961,35.96382624828114
1961,35.96382624828114
1961,35.96382624828114
1962,35.90333247842928
1962,35.90333247842928
1962,35.90333247842928
1962,35.90333247842928
1962,35.90333247842928
1963,35.849236893991886
1963,35.849236893991886
1963,35.849236893991886
1963,35.849236893991886
1963,35.849236893991886
1964,39.41918807867762
1964,39.41918807867762
1964,39.41918807867762
1964,39.41918807867762
1964,39.41918807867762
1965,39.40370569999571
1965,39.40370569999571
1965,39.40370569999571
1965,39.40370569999571
1965,39.40370569999571
1966,39.47038728628913
1966,39.47038728628913
1966,39.47038728628913
1966,39.47038728628913
1966,39.47038728628913
1967,39.557995155992145
1967,39.557995155992145
1967,39.557995155992145
1967,39.557995155992145
1967,39.557995155992145
1968,71.47282592616415
1968,71.47282592616415
1968,71.47282592616415
1968,71.47282592616415
1968,71.47282592616415
1969,71.45886974982201
1969,71.45886974982201
1969,71.45886974982201
1969,71.45886974982201
1969,71.45886974982201
1970,67.9254436814182
1970,67.9254436814182
1970,67.9254436814182
1970,67.9254436814182
1970,67.9254436814182
1971,67.8815057002025
1971,67.8815057002025
1971,67.8815057002025
1971,67.8815057002025
1971,67.8815057002025
1972,67.97342989255007
1972,67.97342989255007
1972,67.97342989255007
1972,67.97342989255007
1972,67.97342989255007
1973,71.62959917369123
1973,71.62959917369123
1973,71.62959917369123
1973,71.62959917369123
1973,71.62959917369123
1974,71.61479905507899
1974,71.61479905507899
1974,71.61479905507899
1974,71.61479905507899
1974,71.61479905507899
1975,71.62212935417054
1975,71.62212935417054
1975,71.62212935417054
1975,71.62212935417054
1975,71.62212935417054
1976,71.59147540950143
1976,71.59147540950143
1976,71.59147540950143
1976,71.59147540950143
1976,71.59147540950143
1977,55.5131632438707
1977,55.5131632438707
1977,55.5131632438707
1977,55.5131632438707
1977,55.5131632438707
1978,55.53971918542443
1978,55.53971918542443
1978,55.53971918542443
1978,55.53971918542443
1978,55.53971918542443
1979,55.543010798549254
1979,55.543010798549254
1979,55.543010798549254
1979,55.543010798549254
1979,55.543010798549254
1980,51.9661046959299
1980,51.9661046959299
1980,51.9661046959299
1980,51.9661046959299
1980,51.9661046959299
1981,67.97839728105018
1981,67.97839728105018
1981,67.97839728105018
1981,67.97839728105018
1981,67.97839728105018
1982,55.642044894242716
1982,55.642044894242716
1982,55.642044894242716
1982,55.642044894242716
1982,55.642044894242716
1983,71.5498757630586
1983,71.5498757630586
1983,71.5498757630586
1983,71.5498757630586
1983,71.5498757630586
1984,51.978258491355824
1984,51.978258491355824
1984,51.978258491355824
1984,51.978258491355824
1984,51.978258491355824
1985,51.96465506316002
1985,51.96465506316002
1985,51.96465506316002
1985,51.96465506316002
1985,51.96465506316002
1986,48.437695204515265
1986,48.437695204515265
1986,48.437695204515265
1986,48.437695204515265
1986,48.437695204515265
1987,48.449846559870295
1987,48.449846559870295
1987,48.449846559870295
1987,48.449846559870295
1987,48.449846559870295
1988,64.4354752867701
1988,64.4354752867701
1988,64.4354752867701
1988,64.4354752867701
1988,64.4354752867701
1989,64.44276830187965
1989,64.44276830187965
1989,64.44276830187965
1989,64.44276830187965
1989,64.44276830187965
1990,64.45831700175421
1990,64.45831700175421
1990,64.45831700175421
1990,64.45831700175421
1990,64.45831700175421
1991,64.464194902553
1991,64.464194902553
1991,64.464194902553
1991,64.464194902553
1991,64.464194902553
1992,64.44967708864787
1992,64.44967708864787
1992,64.44967708864787
1992,64.44967708864787
1992,64.44967708864787
1993,48.34270596710353
1993,48.34270596710353
1993,48.34270596710353
1993,48.34270596710353
1993,48.34270596710353
1994,51.96785393085717
1994,51.96785393085717
1994,51.96785393085717
1994,51.96785393085717
1994,51.96785393085717
1995,52.031892603728046
1995,52.031892603728046
1995,52.031892603728046
1995,52.031892603728046
1995,52.031892603728046
1996,32.39102485580625
1996,32.39102485580625
1996,32.39102485580625
1996,32.39102485580625
1996,32.39102485580625
1997,32.53617438087376
1997,32.53617438087376
1997,32.53617438087376
1997,32.53617438087376
1997,32.53617438087376
1998,48.61458277586687
1998,48.61458277586687
1998,48.61458277586687
1998,48.61458277586687
1998,48.61458277586687
1999,48.54144801839918
1999,48.54144801839918
1999,48.54144801839918
1999,48.54144801839918
1999,48.54144801839918
2000,48.524562466570856
2000,48.524562466570856
2000,48.524562466570856
2000,48.524562466570856
2000,48.524562466570856
2001,52.061530114945036
2001,52.061530114945036
2001,52.061530114945036
2001,52.061530114945036
2001,52.061530114945036
2002,55.55774560640342
2002,55.55774560640342
2002,55.55774560640342
2002,55.55774560640342
2002,55.55774560640342
2003,55.58008281058731
2003,55.58008281058731
2003,55.58008281058731
2003,55.58008281058731
2003,55.58008281058731
2004,55.56029510133868
2004,55.56029510133868
2004,55.56029510133868
2004,55.56029510133868
2004,55.56029510133868
2005,55.56797974585494
2005,55.56797974585494
2005,55.56797974585494
2005,55.56797974585494
2005,55.56797974585494
2006,55.52460479801742
2006,55.52460479801742
2006,55.52460479801742
2006,55.52460479801742
2006,55.52460479801742
2007,55.51580188160104
2007,55.51580188160104
2007,55.51580188160104
2007,55.51580188160104
2007,55.51580188160104
2008,55.550762080176334
2008,55.550762080176334
2008,55.550762080176334
2008,55.550762080176334
2008,55.550762080176334
2009,55.54771582421267
2009,55.54771582421267
2009,55.54771582421267
2009,55.54771582421267
2009,55.54771582421267
2010,71.48701125155546
2010,71.48701125155546
2010,71.48701125155546
2010,71.48701125155546
2010,71.48701125155546
2011,71.50086341389982
2011,71.50086341389982
2011,71.50086341389982
2011,71.50086341389982
2011,71.50086341389982
2012,71.50703051816045
2012,71.50703051816045
2012,71.50703051816045
2012,71.50703051816045
2012,71.50703051816045
2013,71.5238516396031
2013,71.5238516396031
2013,71.5238516396031
2013,71.5238516396031
2013,71.5238516396031
2014,71.56608314012159
2014,71.56608314012159
2014,71.56608314012159
2014,71.56608314012159
2014,71.56608314012159
2015,71.54564546620398
2015,71.54564546620398
2015,71.54564546620398
2015,71.54564546620398
2015,71.54564546620398
2016,83.82963183419837
2016,83.82963183419837
2016,83.82963183419837
2016,83.82963183419837
2016,83.82963183419837
2017,83.90619067228985
2017,83.90619067228985
2017,83.90619067228985
2017,83.90619067228985
2017,83.90619067228985
2018,67.99533136927603
2018,67.99533136927603
2018,67.99533136927603
2018,67.99533136927603
2018,67.99533136927603
2019,71.60652392550837
2019,71.60652392550837
2019,71.60652392550837
2019,71.60652392550837
2019,71.60652392550837
2020,71.66442797025445
2020,71.66442797025445
2020,71.66442797025445
2020,71.66442797025445
2020,71.66442797025445
2021,71.63552451371592
2021,71.63552451371592
2021,71.63552451371592
2021,71.63552451371592
2021,71.63552451371592
2022,75.2637550048667
2022,75.2637550048667
2022,75.2637550048667
2022,75.2637550048667
2022,75.2637550048667
2023,75.27031928490157
2023,75.27031928490157
2023,75.27031928490157
2023,75.27031928490157
2023,75.27031928490157
2024,87.6444037914548
2024,87.6444037914548
2024,87.6444037914548
2024,87.6444037914548
2024,87.6444037914548
2025,87.5614778410056
2025,87.5614778410056
2025,87.5614778410056
2025,87.5614778410056
2025,87.5614778410056
2026,87.48695566645755
2026,87.48695566645755
2026,87.48695566645755
2026,87.48695566645755
2026,87.48695566645755
2027,68.12999111045511
2027,68.12999111045511
2027,68.12999111045511
2027,68.12999111045511
2027,68.12999111045511
2028,87.55456495659686
2028,87.55456495659686
2028,87.55456495659686
2028,87.55456495659686
2028,87.55456495659686
2029,91.1506373394781
2029,91.1506373394781
2029,91.1506373394781
2029,91.1506373394781
2029,91.1506373394781
2030,91.14324052305908
2030,91.14324052305908
2030,91.14324052305908
2030,91.14324052305908
2030,91.14324052305908
2031,83.89903067931057
2031,83.89903067931057
2031,83.89903067931057
2031,83.89903067931057
2031,83.89903067931057
2032,83.93881168205247
2032,83.93881168205247
2032,83.93881168205247
2032,83.93881168205247
2032,83.93881168205247
2033,83.90546820125994
2033,83.90546820125994
2033,83.90546820125994
2033,83.90546820125994
2033,83.90546820125994
2034,83.87178449877374
2034,83.87178449877374
2034,83.87178449877374
2034,83.87178449877374
2034,83.87178449877374
2035,87.58712360628252
2035,87.58712360628252
2035,87.58712360628252
2035,87.58712360628252
2035,87.58712360628252
2036,87.56504568085862
2036,87.56504568085862
2036,87.56504568085862
2036,87.56504568085862
2036,87.56504568085862
2037,91.21015656835077
2037,91.21015656835077
2037,91.21015656835077
2037,91.21015656835077
2037,91.21015656835077
2038,87.47808704939332
2038,87.47808704939332
2038,87.47808704939332
2038,87.47808704939332
2038,87.47808704939332
2039,71.58572237978258
2039,71.58572237978258
2039,71.58572237978258
2039,71.58572237978258
2039,71.58572237978258
2040,71.61383592409649
2040,71.61383592409649
2040,71.61383592409649
2040,71.61383592409649
2040,71.61383592409649
2041,55.66347396210945
2041,55.66347396210945
2041,55.66347396210945
2041,55.66347396210945
2041,55.66347396210945
2042,71.62618407381233
2042,71.62618407381233
2042,71.62618407381233
2042,71.62618407381233
2042,71.62618407381233
2043,71.48831194513161
2043,71.48831194513161
2043,71.48831194513161
2043,71.48831194513161
2043,71.48831194513161
2044,75.12124152570755
2044,75.12124152570755
2044,75.12124152570755
2044,75.12124152570755
2044,75.12124152570755
2045,75.12337880751102
2045,75.12337880751102
2045,75.12337880751102
2045,75.12337880751102
2045,75.12337880751102
2046,71.39427688143225
2046,71.39427688143225
2046,71.39427688143225
2046,71.39427688143225
2046,71.39427688143225
2047,71.41976889587464
2047,71.41976889587464
2047,71.41976889587464
2047,71.41976889587464
2047,71.41976889587464
2048,71.44007477657807
2048,71.44007477657807
2048,71.44007477657807
2048,71.44007477657807
2048,71.44007477657807
2049,55.59532252792908
2049,55.59532252792908
2049,55.59532252792908
2049,55.59532252792908
2049,55.59532252792908
2050,55.60097188471133
2050,55.60097188471133
2050,55.60097188471133
2050,55.60097188471133
2050,55.60097188471133
2051,55.607379798893
2051,55.607379798893
2051,55.607379798893
2051,55.607379798893
2051,55.607379798893
2052,71.64351483868163
2052,71.64351483868163
2052,71.64351483868163
2052,71.64351483868163
2052,71.64351483868163
2053,87.55620517481334
2053,87.55620517481334
2053,87.55620517481334
2053,87.55620517481334
2053,87.55620517481334
2054,87.47961072864203
2054,87.47961072864203
2054,87.47961072864203
2054,87.47961072864203
2054,87.47961072864203
2055,83.84612223121347
2055,83.84612223121347
2055,83.84612223121347
2055,83.84612223121347
2055,83.84612223121347
2056,64.36657471207226
2056,64.36657471207226
2056,64.36657471207226
2056,64.36657471207226
2056,64.36657471207226
2057,32.63804764357888
2057,32.63804764357888
2057,32.63804764357888
2057,32.63804764357888
2057,32.63804764357888
2058,32.62375455731747
2058,32.62375455731747
2058,32.62375455731747
2058,32.62375455731747
2058,32.62375455731747
2059,32.63155470654829
2059,32.63155470654829
2059,32.63155470654829
2059,32.63155470654829
2059,32.63155470654829
2060,48.454199098581384
2060,48.454199098581384
2060,48.454199098581384
2060,48.454199098581384
2060,48.454199098581384
2061,48.45455528203332
2061,48.45455528203332
2061,48.45455528203332
2061,48.45455528203332
2061,48.45455528203332
2062,32.624270985687915
2062,32.624270985687915
2062,32.624270985687915
2062,32.624270985687915
2062,32.624270985687915
2063,48.5685482836701
2063,48.5685482836701
2063,48.5685482836701
2063,48.5685482836701
2063,48.5685482836701
2064,48.448937487520524
2064,48.448937487520524
2064,48.448937487520524
2064,48.448937487520524
2064,48.448937487520524
2065,64.44218856558088
2065,64.44218856558088
2065,64.44218856558088
2065,64.44218856558088
2065,64.44218856558088
2066,48.49364044870589
2066,48.49364044870589
2066,48.49364044870589
2066,48.49364044870589
2066,48.49364044870589
2067,48.49667762053467
2067,48.49667762053467
2067,48.49667762053467
2067,48.49667762053467
2067,48.49667762053467
2068,48.370544075856614
2068,48.370544075856614
2068,48.370544075856614
2068,48.370544075856614
2068,48.370544075856614
2069,48.366197304688974
2069,48.366197304688974
2069,48.366197304688974
2069,48.366197304688974
2069,48.366197304688974
2070,16.478399994825956
2070,16.478399994825956
2070,16.478399994825956
2070,16.478399994825956
2070,16.478399994825956
2071,36.00349617183484
2071,36.00349617183484
2071,36.00349617183484
2071,36.00349617183484
2071,36.00349617183484
2072,35.98246095327137
2072,35.98246095327137
2072,35.98246095327137
2072,35.98246095327137
2072,35.98246095327137
2073,35.97589064005772
2073,35.97589064005772
2073,35.97589064005772
2073,35.97589064005772
2073,35.97589064005772
2074,35.954976789350425
2074,35.954976789350425
2074,35.954976789350425
2074,35.954976789350425
2074,35.954976789350425
2075,32.32737528727489
2075,32.32737528727489
2075,32.32737528727489
2075,32.32737528727489
2075,32.32737528727489
2076,32.325744948780425
2076,32.325744948780425
2076,32.325744948780425
2076,32.325744948780425
2076,32.325744948780425
2077,32.29396681131719
2077,32.29396681131719
2077,32.29396681131719
2077,32.29396681131719
2077,32.29396681131719
2078,48.23670657786753
2078,48.23670657786753
2078,48.23670657786753
2078,48.23670657786753
2078,48.23670657786753
2079,51.834951568428
2079,51.834951568428
2079,51.834951568428
2079,51.834951568428
2079,51.834951568428
2080,64.33062743798594
2080,64.33062743798594
2080,64.33062743798594
2080,64.33062743798594
2080,64.33062743798594
2081,52.05470906364495
2081,52.05470906364495
2081,52.05470906364495
2081,52.05470906364495
2081,52.05470906364495
2082,52.04454494337175
2082,52.04454494337175
2082,52.04454494337175
2082,52.04454494337175
2082,52.04454494337175
2083,52.033132789451074
2083,52.033132789451074
2083,52.033132789451074
2083,52.033132789451074
2083,52.033132789451074
2084,36.08643501355172
2084,36.08643501355172
2084,36.08643501355172
2084,36.08643501355172
2084,36.08643501355172
2085,35.956147038730805
2085,35.956147038730805
2085,35.956147038730805
2085,35.956147038730805
2085,35.956147038730805
2086,35.90858059443794
2086,35.90858059443794
2086,35.90858059443794
2086,35.90858059443794
2086,35.90858059443794
2087,48.31329571182655
2087,48.31329571182655
2087,48.31329571182655
2087,48.31329571182655
2087,48.31329571182655
2088,32.33015712026406
2088,32.33015712026406
2088,32.33015712026406
2088,32.33015712026406
2088,32.33015712026406
2089,32.32758574350546
2089,32.32758574350546
2089,32.32758574350546
2089,32.32758574350546
2089,32.32758574350546
2090,35.877272840636216
2090,35.877272840636216
2090,35.877272840636216
2090,35.877272840636216
2090,35.877272840636216
2091,35.778240394983165
2091,35.778240394983165
2091,35.778240394983165
2091,35.778240394983165
2091,35.778240394983165
2092,39.39044848048779
2092,39.39044848048779
2092,39.39044848048779
2092,39.39044848048779
2092,39.39044848048779
2093,39.37118448483955
2093,39.37118448483955
2093,39.37118448483955
2093,39.37118448483955
2093,39.37118448483955
2094,39.44044557371559
2094,39.44044557371559
2094,39.44044557371559
2094,39.44044557371559
2094,39.44044557371559
2095,39.47544642268616
2095,39.47544642268616
2095,39.47544642268616
2095,39.47544642268616
2095,39.47544642268616
2096,39.68880292073163
2096,39.68880292073163
2096,39.68880292073163
2096,39.68880292073163
2096,39.68880292073163
2097,39.665325783042555
2097,39.665325783042555
2097,39.665325783042555
2097,39.665325783042555
2097,39.665325783042555
2098,39.56029357953162
2098,39.56029357953162
2098,39.56029357953162
2098,39.56029357953162
2098,39.56029357953162
2099,35.87845607699394
2099,35.87845607699394
2099,35.87845607699394
2099,35.87845607699394
2099,35.87845607699394
2100,39.49238874327405
2100,39.49238874327405
2100,39.49238874327405
2100,39.49238874327405
2100,39.49238874327405
2101,39.53952740413623
2101,39.53952740413623
2101,39.53952740413623
2101,39.53952740413623
2101,39.53952740413623
2102,35.97816396592352
2102,35.97816396592352
2102,35.97816396592352
2102,35.97816396592352
2102,35.97816396592352
2103,35.83977793080099
2103,35.83977793080099
2103,35.83977793080099
2103,35.83977793080099
2103,35.83977793080099
2104,35.8384840347157
2104,35.8384840347157
2104,35.8384840347157
2104,35.8384840347157
2104,35.8384840347157
2105,35.865088023695066
2105,35.865088023695066
2105,35.865088023695066
2105,35.865088023695066
2105,35.865088023695066
2106,19.94042037946657
2106,19.94042037946657
2106,19.94042037946657
2106,19.94042037946657
2106,19.94042037946657
2107,19.957899574561218
2107,19.957899574561218
2107,19.957899574561218
2107,19.957899574561218
2107,19.957899574561218
2108,19.952932002379335
2108,19.952932002379335
2108,19.952932002379335
2108,19.952932002379335
2108,19.952932002379335
2109,19.953266156103183
2109,19.953266156103183
2109,19.953266156103183
2109,19.953266156103183
2109,19.953266156103183
2110,19.98112652699542
2110,19.98112652699542
2110,19.98112652699542
2110,19.98112652699542
2110,19.98112652699542
2111,35.92623387169185
2111,35.92623387169185
2111,35.92623387169185
2111,35.92623387169185
2111,35.92623387169185
2112,35.87494890781794
2112,35.87494890781794
2112,35.87494890781794
2112,35.87494890781794
2112,35.87494890781794
2113,35.88856803253882
2113,35.88856803253882
2113,35.88856803253882
2113,35.88856803253882
2113,35.88856803253882
2114,32.194999803238716
2114,32.194999803238716
2114,32.194999803238716
2114,32.194999803238716
2114,32.194999803238716
2115,32.18833490555695
2115,32.18833490555695
2115,32.18833490555695
2115,32.18833490555695
2115,32.18833490555695
2116,32.22118709699455
2116,32.22118709699455
2116,32.22118709699455
2116,32.22118709699455
2116,32.22118709699455
2117,0.36881466241426936
2117,0.36881466241426936
2117,0.36881466241426936
2117,0.36881466241426936
2117,0.36881466241426936
2118,0.37761638025119526
2118,0.37761638025119526
2118,0.37761638025119526
2118,0.37761638025119526
2118,0.37761638025119526
2119,16.36004567323145
2119,16.36004567323145
2119,16.36004567323145
2119,16.36004567323145
2119,16.36004567323145
2120,16.355195780026158
2120,16.355195780026158
2120,16.355195780026158
2120,16.355195780026158
2120,16.355195780026158
2121,16.378507681159228
2121,16.378507681159228
2121,16.378507681159228
2121,16.378507681159228
2121,16.378507681159228
2122,32.283867271440215
2122,32.283867271440215
2122,32.283867271440215
2122,32.283867271440215
2122,32.283867271440215
2123,32.28828315991713
2123,32.28828315991713
2123,32.28828315991713
2123,32.28828315991713
2123,32.28828315991713
2124,32.27525335369644
2124,32.27525335369644
2124,32.27525335369644
2124,32.27525335369644
2124,32.27525335369644
2125,32.258156893402145
2125,32.258156893402145
2125,32.258156893402145
2125,32.258156893402145
2125,32.258156893402145
2126,32.25049090136129
2126,32.25049090136129
2126,32.25049090136129
2126,32.25049090136129
2126,32.25049090136129
2127,0.38736445993868196
2127,0.38736445993868196
2127,0.38736445993868196
2127,0.38736445993868196
2127,0.38736445993868196
2128,0.3927155782862092
2128,0.3927155782862092
2128,0.3927155782862092
2128,0.3927155782862092
2128,0.3927155782862092
2129,0.41258894359513987
2129,0.41258894359513987
2129,0.41258894359513987
2129,0.41258894359513987
2129,0.41258894359513987
2130,0.4221443150855609
2130,0.4221443150855609
2130,0.4221443150855609
2130,0.4221443150855609
2130,0.4221443150855609
2131,0.40888516449543777
2131,0.40888516449543777
2131,0.40888516449543777
2131,0.40888516449543777
2131,0.40888516449543777
2132,16.35455449519786
2132,16.35455449519786
2132,16.35455449519786
2132,16.35455449519786
2132,16.35455449519786
2133,32.296099022447905
2133,32.296099022447905
2133,32.296099022447905
2133,32.296099022447905
2133,32.296099022447905
2134,32.302936578384355
2134,32.302936578384355
2134,32.302936578384355
2134,32.302936578384355
2134,32.302936578384355
2135,16.325555890199944
2135,16.325555890199944
2135,16.325555890199944
2135,16.325555890199944
2135,16.325555890199944
2136,16.347463228508374
2136,16.347463228508374
2136,16.347463228508374
2136,16.347463228508374
2136,16.347463228508374
2137,16.312919620006
2137,16.312919620006
2137,16.312919620006
2137,16.312919620006
2137,16.312919620006
2138,16.28671109152373
2138,16.28671109152373
2138,16.28671109152373
2138,16.28671109152373
2138,16.28671109152373
2139,16.29777156225125
2139,16.29777156225125
2139,16.29777156225125
2139,16.29777156225125
2139,16.29777156225125
2140,16.399795169425882
2140,16.399795169425882
2140,16.399795169425882
2140,16.399795169425882
2140,16.399795169425882
2141,16.386981553303066
2141,16.386981553303066
2141,16.386981553303066
2141,16.386981553303066
2141,16.386981553303066
2142,16.39578337656011
2142,16.39578337656011
2142,16.39578337656011
2142,16.39578337656011
2142,16.39578337656011
2143,16.38375143819993
2143,16.38375143819993
2143,16.38375143819993
2143,16.38375143819993
2143,16.38375143819993
2144,19.94693152987855
2144,19.94693152987855
2144,19.94693152987855
2144,19.94693152987855
2144,19.94693152987855
2145,19.964516478408818
2145,19.964516478408818
2145,19.964516478408818
2145,19.964516478408818
2145,19.964516478408818
2146,19.94213798976676
2146,19.94213798976676
2146,19.94213798976676
2146,19.94213798976676
2146,19.94213798976676
2147,16.343782117684533
2147,16.343782117684533
2147,16.343782117684533
2147,16.343782117684533
2147,16.343782117684533
2148,16.351566101778015
2148,16.351566101778015
2148,16.351566101778015
2148,16.351566101778015
2148,16.351566101778015
2149,16.36624289202754
2149,16.36624289202754
2149,16.36624289202754
2149,16.36624289202754
2149,16.36624289202754
2150,16.41676505796786
2150,16.41676505796786
2150,16.41676505796786
2150,16.41676505796786
2150,16.41676505796786
2151,16.43616657871287
2151,16.43616657871287
2151,16.43616657871287
2151,16.43616657871287
2151,16.43616657871287
2152,16.424553530951453
2152,16.424553530951453
2152,16.424553530951453
2152,16.424553530951453
2152,16.424553530951453
2153,16.418741334267065
2153,16.418741334267065
2153,16.418741334267065
2153,16.418741334267065
2153,16.418741334267065
2154,16.4175735078343
2154,16.4175735078343
2154,16.4175735078343
2154,16.4175735078343
2154,16.4175735078343
2155,16.467270087001637
2155,16.467270087001637
2155,16.467270087001637
2155,16.467270087001637
2155,16.467270087001637
2156,32.45442846027825
2156,32.45442846027825
2156,32.45442846027825
2156,32.45442846027825
2156,32.45442846027825
2157,32.31673527404321
2157,32.31673527404321
2157,32.31673527404321
2157,32.31673527404321
2157,32.31673527404321
2158,36.04939192712269
2158,36.04939192712269
2158,36.04939192712269
2158,36.04939192712269
2158,36.04939192712269
2159,36.0483793294878
2159,36.0483793294878
2159,36.0483793294878
2159,36.0483793294878
2159,36.0483793294878
2160,36.040467655056815
2160,36.040467655056815
2160,36.040467655056815
2160,36.040467655056815
2160,36.040467655056815
2161,35.8898423251086
2161,35.8898423251086
2161,35.8898423251086
2161,35.8898423251086
2161,35.8898423251086
2162,32.28104172343625
2162,32.28104172343625
2162,32.28104172343625
2162,32.28104172343625
2162,32.28104172343625
2163,32.361149638061576
2163,32.361149638061576
2163,32.361149638061576
2163,32.361149638061576
2163,32.361149638061576
2164,16.414592144605326
2164,16.414592144605326
2164,16.414592144605326
2164,16.414592144605326
2164,16.414592144605326
2165,16.396773825610566
2165,16.396773825610566
2165,16.396773825610566
2165,16.396773825610566
2165,16.396773825610566
2166,16.48398084288689
2166,16.48398084288689
2166,16.48398084288689
2166,16.48398084288689
2166,16.48398084288689
2167,32.34889120739541
2167,32.34889120739541
2167,32.34889120739541
2167,32.34889120739541
2167,32.34889120739541
2168,32.28143594805981
2168,32.28143594805981
2168,32.28143594805981
2168,32.28143594805981
2168,32.28143594805981
2169,32.39493074682682
2169,32.39493074682682
2169,32.39493074682682
2169,32.39493074682682
2169,32.39493074682682
2170,32.369972402846074
2170,32.369972402846074
2170,32.369972402846074
2170,32.369972402846074
2170,32.369972402846074
2171,32.43457933374363
2171,32.43457933374363
2171,32.43457933374363
2171,32.43457933374363
2171,32.43457933374363
2172,32.370447563570295
2172,32.370447563570295
2172,32.370447563570295
2172,32.370447563570295
2172,32.370447563570295
2173,32.37148005009194
2173,32.37148005009194
2173,32.37148005009194
2173,32.37148005009194
2173,32.37148005009194
2174,32.37773651393168
2174,32.37773651393168
2174,32.37773651393168
2174,32.37773651393168
2174,32.37773651393168
2175,16.40435620463712
2175,16.40435620463712
2175,16.40435620463712
2175,16.40435620463712
2175,16.40435620463712
2176,16.387231564549037
2176,16.387231564549037
2176,16.387231564549037
2176,16.387231564549037
2176,16.387231564549037
2177,16.390068006301973
2177,16.390068006301973
2177,16.390068006301973
2177,16.390068006301973
2177,16.390068006301973
2178,32.274305054140754
2178,32.274305054140754
2178,32.274305054140754
2178,32.274305054140754
2178,32.274305054140754
2179,32.30107960628176
2179,32.30107960628176
2179,32.30107960628176
2179,32.30107960628176
2179,32.30107960628176
2180,16.391115941679754
2180,16.391115941679754
2180,16.391115941679754
2180,16.391115941679754
2180,16.391115941679754
2181,48.28459938653415
2181,48.28459938653415
2181,48.28459938653415
2181,48.28459938653415
2181,48.28459938653415
2182,48.30540307670941
2182,48.30540307670941
2182,48.30540307670941
2182,48.30540307670941
2182,48.30540307670941
2183,64.37034816940317
2183,64.37034816940317
2183,64.37034816940317
2183,64.37034816940317
2183,64.37034816940317
2184,48.384625090416264
2184,48.384625090416264
2184,48.384625090416264
2184,48.384625090416264
2184,48.384625090416264
2185,36.089630860736094
2185,36.089630860736094
2185,36.089630860736094
2185,36.089630860736094
2185,36.089630860736094
2186,36.04232156611486
2186,36.04232156611486
2186,36.04232156611486
2186,36.04232156611486
2186,36.04232156611486
2187,36.11714264200287
2187,36.11714264200287
2187,36.11714264200287
2187,36.11714264200287
2187,36.11714264200287
2188,36.096953415906306
2188,36.096953415906306
2188,36.096953415906306
2188,36.096953415906306
2188,36.096953415906306
2189,36.08484892539783
2189,36.08484892539783
2189,36.08484892539783
2189,36.08484892539783
2189,36.08484892539783
2190,36.073922924457335
2190,36.073922924457335
2190,36.073922924457335
2190,36.073922924457335
2190,36.073922924457335
2191,35.978403482142305
2191,35.978403482142305
2191,35.978403482142305
2191,35.978403482142305
2191,35.978403482142305
2192,35.9986157016902
2192,35.9986157016902
2192,35.9986157016902
2192,35.9986157016902
2192,35.9986157016902
2193,32.38903554731296
2193,32.38903554731296
2193,32.38903554731296
2193,32.38903554731296
2193,32.38903554731296
2194,32.390283974938875
2194,32.390283974938875
2194,32.390283974938875
2194,32.390283974938875
2194,32.390283974938875
2195,48.36018292266009
2195,48.36018292266009
2195,48.36018292266009
2195,48.36018292266009
2195,48.36018292266009
2196,48.36934089911659
2196,48.36934089911659
2196,48.36934089911659
2196,48.36934089911659
2196,48.36934089911659
2197,48.52303172816756
2197,48.52303172816756
2197,48.52303172816756
2197,48.52303172816756
2197,48.52303172816756
2198,48.38743165162465
2198,48.38743165162465
2198,48.38743165162465
2198,48.38743165162465
2198,48.38743165162465
2199,48.40991565721842
2199,48.40991565721842
2199,48.40991565721842
2199,48.40991565721842
2199,48.40991565721842
2200,39.561228660398406
2200,39.561228660398406
2200,39.561228660398406
2200,39.561228660398406
2200,39.561228660398406
2201,39.58772418618781
2201,39.58772418618781
2201,39.58772418618781
2201,39.58772418618781
2201,39.58772418618781
2202,35.94725650081631
2202,35.94725650081631
2202,35.94725650081631
2202,35.94725650081631
2202,35.94725650081631
2203,35.91867301759639
2203,35.91867301759639
2203,35.91867301759639
2203,35.91867301759639
2203,35.91867301759639
2204,35.91797789191226
2204,35.91797789191226
2204,35.91797789191226
2204,35.91797789191226
2204,35.91797789191226
2205,35.944170875023254
2205,35.944170875023254
2205,35.944170875023254
2205,35.944170875023254
2205,35.944170875023254
2206,32.303954832346946
2206,32.303954832346946
2206,32.303954832346946
2206,32.303954832346946
2206,32.303954832346946
2207,32.41252385490254
2207,32.41252385490254
2207,32.41252385490254
2207,32.41252385490254
2207,32.41252385490254
2208,32.385280119356985
2208,32.385280119356985
2208,32.385280119356985
2208,32.385280119356985
2208,32.385280119356985
2209,16.386340940293532
2209,16.386340940293532
2209,16.386340940293532
2209,16.386340940293532
2209,16.386340940293532
2210,20.000781176657572
2210,20.000781176657572
2210,20.000781176657572
2210,20.000781176657572
2210,20.000781176657572
2211,20.02175534212654
2211,20.02175534212654
2211,20.02175534212654
2211,20.02175534212654
2211,20.02175534212654
2212,36.107839852050475
2212,36.107839852050475
2212,36.107839852050475
2212,36.107839852050475
2212,36.107839852050475
2213,36.04966687717498
2213,36.04966687717498
2213,36.04966687717498
2213,36.04966687717498
2213,36.04966687717498
2214,36.20076604487907
2214,36.20076604487907
2214,36.20076604487907
2214,36.20076604487907
2214,36.20076604487907
2215,32.5005810571219
2215,32.5005810571219
2215,32.5005810571219
2215,32.5005810571219
2215,32.5005810571219
2216,52.107151678941776
2216,52.107151678941776
2216,52.107151678941776
2216,52.107151678941776
2216,52.107151678941776
2217,48.50068389370146
2217,48.50068389370146
2217,48.50068389370146
2217,48.50068389370146
2217,48.50068389370146
2218,48.38319441026804
2218,48.38319441026804
2218,48.38319441026804
2218,48.38319441026804
2218,48.38319441026804
2219,32.44401125926982
2219,32.44401125926982
2219,32.44401125926982
2219,32.44401125926982
2219,32.44401125926982
2220,16.46130599869099
2220,16.46130599869099
2220,16.46130599869099
2220,16.46130599869099
2220,16.46130599869099
2221,0.4501493777218067
2221,0.4501493777218067
2221,0.4501493777218067
2221,0.4501493777218067
2221,0.4501493777218067
2222,0.3902165590476468
2222,0.3902165590476468
2222,0.3902165590476468
2222,0.3902165590476468
2222,0.3902165590476468
2223,0.36489740525901554
2223,0.36489740525901554
2223,0.36489740525901554
2223,0.36489740525901554
2223,0.36489740525901554
2224,0.3191136510913325
2224,0.3191136510913325
2224,0.3191136510913325
2224,0.3191136510913325
2224,0.3191136510913325
2225,0.33524356202399846
2225,0.33524356202399846
2225,0.33524356202399846
2225,0.33524356202399846
2225,0.33524356202399846
2226,0.328061692365517
2226,0.328061692365517
2226,0.328061692365517
2226,0.328061692365517
2226,0.328061692365517
2227,0.33251304029514933
2227,0.33251304029514933
2227,0.33251304029514933
2227,0.33251304029514933
2227,0.33251304029514933
2228,0.3093069226665068
2228,0.3093069226665068
2228,0.3093069226665068
2228,0.3093069226665068
2228,0.3093069226665068
2229,0.343094225686755
2229,0.343094225686755
2229,0.343094225686755
2229,0.343094225686755
2229,0.343094225686755
2230,0.35689831452471427
2230,0.35689831452471427
2230,0.35689831452471427
2230,0.35689831452471427
2230,0.35689831452471427
2231,0.3819238597302843
2231,0.3819238597302843
2231,0.3819238597302843
2231,0.3819238597302843
2231,0.3819238597302843
2232,16.354928646002175
2232,16.354928646002175
2232,16.354928646002175
2232,16.354928646002175
2232,16.354928646002175
2233,35.862132553124475
2233,35.862132553124475
2233,35.862132553124475
2233,35.862132553124475
2233,35.862132553124475
2234,32.273270276376635
2234,32.273270276376635
2234,32.273270276376635
2234,32.273270276376635
2234,32.273270276376635
2235,32.38962176389718
2235,32.38962176389718
2235,32.38962176389718
2235,32.38962176389718
2235,32.38962176389718
2236,32.50171779828114
2236,32.50171779828114
2236,32.50171779828114
2236,32.50171779828114
2236,32.50171779828114
2237,36.02178815859888
2237,36.02178815859888
2237,36.02178815859888
2237,36.02178815859888
2237,36.02178815859888
2238,36.00347133273163
2238,36.00347133273163
2238,36.00347133273163
2238,36.00347133273163
2238,36.00347133273163
2239,51.97335145432104
2239,51.97335145432104
2239,51.97335145432104
2239,51.97335145432104
2239,51.97335145432104
2240,52.044008330782255
2240,52.044008330782255
2240,52.044008330782255
2240,52.044008330782255
2240,52.044008330782255
2241,52.049605289575105
2241,52.049605289575105
2241,52.049605289575105
2241,52.049605289575105
2241,52.049605289575105
2242,52.08605934522402
2242,52.08605934522402
2242,52.08605934522402
2242,52.08605934522402
2242,52.08605934522402
2243,35.93796769120589
2243,35.93796769120589
2243,35.93796769120589
2243,35.93796769120589
2243,35.93796769120589
2244,35.96882062816411
2244,35.96882062816411
2244,35.96882062816411
2244,35.96882062816411
2244,35.96882062816411
2245,16.485807960913917
2245,16.485807960913917
2245,16.485807960913917
2245,16.485807960913917
2245,16.485807960913917
2246,16.48455550609624
2246,16.48455550609624
2246,16.48455550609624
2246,16.48455550609624
2246,16.48455550609624
2247,16.344737564109348
2247,16.344737564109348
2247,16.344737564109348
2247,16.344737564109348
2247,16.344737564109348
2248,19.972997711774
2248,19.972997711774
2248,19.972997711774
2248,19.972997711774
2248,19.972997711774
2249,32.31332350534009
2249,32.31332350534009
2249,32.31332350534009
2249,32.31332350534009
2249,32.31332350534009
2250,32.324080898980824
2250,32.324080898980824
2250,32.324080898980824
2250,32.324080898980824
2250,32.324080898980824
2251,32.484124220065375
2251,32.484124220065375
2251,32.484124220065375
2251,32.484124220065375
2251,32.484124220065375
2252,16.54858983470917
2252,16.54858983470917
2252,16.54858983470917
2252,16.54858983470917
2252,16.54858983470917
2253,16.509593657265242
2253,16.509593657265242
2253,16.509593657265242
2253,16.509593657265242
2253,16.509593657265242
2254,32.431225353761704
2254,32.431225353761704
2254,32.431225353761704
2254,32.431225353761704
2254,32.431225353761704
2255,48.40921717764347
2255,48.40921717764347
2255,48.40921717764347
2255,48.40921717764347
2255,48.40921717764347
2256,48.381483727303134
2256,48.381483727303134
2256,48.381483727303134
2256,48.381483727303134
2256,48.381483727303134
2257,48.3986576350076
2257,48.3986576350076
2257,48.3986576350076
2257,48.3986576350076
2257,48.3986576350076
2258,32.41908112502056
2258,32.41908112502056
2258,32.41908112502056
2258,32.41908112502056
2258,32.41908112502056
2259,32.40063402831312
2259,32.40063402831312
2259,32.40063402831312
2259,32.40063402831312
2259,32.40063402831312
2260,32.35963852183795
2260,32.35963852183795
2260,32.35963852183795
2260,32.35963852183795
2260,32.35963852183795
2261,32.375945085377154
2261,32.375945085377154
2261,32.375945085377154
2261,32.375945085377154
2261,32.375945085377154
2262,32.36658794467849
2262,32.36658794467849
2262,32.36658794467849
2262,32.36658794467849
2262,32.36658794467849
2263,32.22030125995736
2263,32.22030125995736
2263,32.22030125995736
2263,32.22030125995736
2263,32.22030125995736
2264,35.868938890721424
2264,35.868938890721424
2264,35.868938890721424
2264,35.868938890721424
2264,35.868938890721424
2265,35.87957213503912
2265,35.87957213503912
2265,35.87957213503912
2265,35.87957213503912
2265,35.87957213503912
2266,19.946822796580932
2266,19.946822796580932
2266,19.946822796580932
2266,19.946822796580932
2266,19.946822796580932
2267,32.30127655568069
2267,32.30127655568069
2267,32.30127655568069
2267,32.30127655568069
2267,32.30127655568069
2268,32.23613656834301
2268,32.23613656834301
2268,32.23613656834301
2268,32.23613656834301
2268,32.23613656834301
2269,32.249398375355526
2269,32.249398375355526
2269,32.249398375355526
2269,32.249398375355526
2269,32.249398375355526
2270,16.310009640271907
2270,16.310009640271907
2270,16.310009640271907
2270,16.310009640271907
2270,16.310009640271907
2271,16.30015156462745
2271,16.30015156462745
2271,16.30015156462745
2271,16.30015156462745
2271,16.30015156462745
2272,16.31161288211475
2272,16.31161288211475
2272,16.31161288211475
2272,16.31161288211475
2272,16.31161288211475
2273,0.3165751723876919
2273,0.3165751723876919
2273,0.3165751723876919
2273,0.3165751723876919
2273,0.3165751723876919
2274,0.3075171411424861
2274,0.3075171411424861
2274,0.3075171411424861
2274,0.3075171411424861
2274,0.3075171411424861
2275,0.30196661522932855
2275,0.30196661522932855
2275,0.30196661522932855
2275,0.30196661522932855
2275,0.30196661522932855
2276,0.30373194903529555
2276,0.30373194903529555
2276,0.30373194903529555
2276,0.30373194903529555
2276,0.30373194903529555
2277,0.3273096520820391
2277,0.3273096520820391
2277,0.3273096520820391
2277,0.3273096520820391
2277,0.3273096520820391
2278,0.3597777879175835
2278,0.3597777879175835
2278,0.3597777879175835
2278,0.3597777879175835
2278,0.3597777879175835
2279,0.3885753947821938
2279,0.3885753947821938
2279,0.3885753947821938
2279,0.3885753947821938
2279,0.3885753947821938
2280,0.40905245188210493
2280,0.40905245188210493
2280,0.40905245188210493
2280,0.40905245188210493
2280,0.40905245188210493
2281,19.967140699309944
2281,19.967140699309944
2281,19.967140699309944
2281,19.967140699309944
2281,19.967140699309944
2282,19.92599274213829
2282,19.92599274213829
2282,19.92599274213829
2282,19.92599274213829
2282,19.92599274213829
2283,19.930744895692577
2283,19.930744895692577
2283,19.930744895692577
2283,19.930744895692577
2283,19.930744895692577
2284,19.91949011262505
2284,19.91949011262505
2284,19.91949011262505
2284,19.91949011262505
2284,19.91949011262505
2285,19.96765316591314
2285,19.96765316591314
2285,19.96765316591314
2285,19.96765316591314
2285,19.96765316591314
2286,19.95761773005817
2286,19.95761773005817
2286,19.95761773005817
2286,19.95761773005817
2286,19.95761773005817
2287,19.983781301856546
2287,19.983781301856546
2287,19.983781301856546
2287,19.983781301856546
2287,19.983781301856546
2288,35.87269615202531
2288,35.87269615202531
2288,35.87269615202531
2288,35.87269615202531
2288,35.87269615202531
2289,35.92761086333291
2289,35.92761086333291
2289,35.92761086333291
2289,35.92761086333291
2289,35.92761086333291
2290,35.93115690807377
2290,35.93115690807377
2290,35.93115690807377
2290,35.93115690807377
2290,35.93115690807377
2291,51.88242633408991
2291,51.88242633408991
2291,51.88242633408991
2291,51.88242633408991
2291,51.88242633408991
2292,51.891085612621
2292,51.891085612621
2292,51.891085612621
2292,51.891085612621
2292,51.891085612621
2293,51.930431967627115
2293,51.930431967627115
2293,51.930431967627115
2293,51.930431967627115
2293,51.930431967627115
2294,35.98486584087419
2294,35.98486584087419
2294,35.98486584087419
2294,35.98486584087419
2294,35.98486584087419
2295,35.979926079738036
2295,35.979926079738036
2295,35.979926079738036
2295,35.979926079738036
2295,35.979926079738036
2296,35.96501638922958
2296,35.96501638922958
2296,35.96501638922958
2296,35.96501638922958
2296,35.96501638922958
2297,35.96739759979882
2297,35.96739759979882
2297,35.96739759979882
2297,35.96739759979882
2297,35.96739759979882
2298,35.99115476186028
2298,35.99115476186028
2298,35.99115476186028
2298,35.99115476186028
2298,35.99115476186028
2299,20.02615768108425
2299,20.02615768108425
2299,20.02615768108425
2299,20.02615768108425
2299,20.02615768108425
2300,19.998876389560007
2300,19.998876389560007
2300,19.998876389560007
2300,19.998876389560007
2300,19.998876389560007
2301,19.936117723575475
2301,19.936117723575475
2301,19.936117723575475
2301,19.936117723575475
2301,19.936117723575475
2302,19.921227542602146
2302,19.921227542602146
2302,19.921227542602146
2302,19.921227542602146
2302,19.921227542602146
2303,19.960203920776824
2303,19.960203920776824
2303,19.960203920776824
2303,19.960203920776824
2303,19.960203920776824
2304,19.851956257828974
2304,19.851956257828974
2304,19.851956257828974
2304,19.851956257828974
2304,19.851956257828974
2305,19.847205366191496
2305,19.847205366191496
2305,19.847205366191496
2305,19.847205366191496
2305,19.847205366191496
2306,19.857083730879165
2306,19.857083730879165
2306,19.857083730879165
2306,19.857083730879165
2306,19.857083730879165
2307,35.846400333941816
2307,35.846400333941816
2307,35.846400333941816
2307,35.846400333941816
2307,35.846400333941816
2308,35.87151015462662
2308,35.87151015462662
2308,35.87151015462662
2308,35.87151015462662
2308,35.87151015462662
2309,35.958171551287776
2309,35.958171551287776
2309,35.958171551287776
2309,35.958171551287776
2309,35.958171551287776
2310,35.92583134724217
2310,35.92583134724217
2310,35.92583134724217
2310,35.92583134724217
2310,35.92583134724217
2311,36.084690785902886
2311,36.084690785902886
2311,36.084690785902886
2311,36.084690785902886
2311,36.084690785902886
2312,36.03724378535854
2312,36.03724378535854
2312,36.03724378535854
2312,36.03724378535854
2312,36.03724378535854
2313,48.38179089451428
2313,48.38179089451428
2313,48.38179089451428
2313,48.38179089451428
2313,48.38179089451428
2314,16.455147264867165
2314,16.455147264867165
2314,16.455147264867165
2314,16.455147264867165
2314,16.455147264867165
2315,16.44645385605401
2315,16.44645385605401
2315,16.44645385605401
2315,16.44645385605401
2315,16.44645385605401
2316,16.460946924676087
2316,16.460946924676087
2316,16.460946924676087
2316,16.460946924676087
2316,16.460946924676087
2317,32.32388052967907
2317,32.32388052967907
2317,32.32388052967907
2317,32.32388052967907
2317,32.32388052967907
2318,32.33124829461282
2318,32.33124829461282
2318,32.33124829461282
2318,32.33124829461282
2318,32.33124829461282
2319,32.360850311176854
2319,32.360850311176854
2319,32.360850311176854
2319,32.360850311176854
2319,32.360850311176854
2320,48.26714991345815
2320,48.26714991345815
2320,48.26714991345815
2320,48.26714991345815
2320,48.26714991345815
2321,48.28468480715399
2321,48.28468480715399
2321,48.28468480715399
2321,48.28468480715399
2321,48.28468480715399
2322,16.476201450440467
2322,16.476201450440467
2322,16.476201450440467
2322,16.476201450440467
2322,16.476201450440467
2323,16.46125516676305
2323,16.46125516676305
2323,16.46125516676305
2323,16.46125516676305
2323,16.46125516676305
2324,48.38327052695375
2324,48.38327052695375
2324,48.38327052695375
2324,48.38327052695375
2324,48.38327052695375
2325,64.2456451532267
2325,64.2456451532267
2325,64.2456451532267
2325,64.2456451532267
2325,64.2456451532267
2326,71.63614545939937
2326,71.63614545939937
2326,71.63614545939937
2326,71.63614545939937
2326,71.63614545939937
2327,68.11391833132453
2327,68.11391833132453
2327,68.11391833132453
2327,68.11391833132453
2327,68.11391833132453
2328,52.257444003631655
2328,52.257444003631655
2328,52.257444003631655
2328,52.257444003631655
2328,52.257444003631655
2329,52.245732457530075
2329,52.245732457530075
2329,52.245732457530075
2329,52.245732457530075
2329,52.245732457530075
2330,52.28609068945305
2330,52.28609068945305
2330,52.28609068945305
2330,52.28609068945305
2330,52.28609068945305
2331,52.146674255295274
2331,52.146674255295274
2331,52.146674255295274
2331,52.146674255295274
2331,52.146674255295274
2332,52.20849637968705
2332,52.20849637968705
2332,52.20849637968705
2332,52.20849637968705
2332,52.20849637968705
2333,52.121271446295474
2333,52.121271446295474
2333,52.121271446295474
2333,52.121271446295474
2333,52.121271446295474
2334,68.05839211805961
2334,68.05839211805961
2334,68.05839211805961
2334,68.05839211805961
2334,68.05839211805961
2335,68.12131895088024
2335,68.12131895088024
2335,68.12131895088024
2335,68.12131895088024
2335,68.12131895088024
2336,64.38403946658472
2336,64.38403946658472
2336,64.38403946658472
2336,64.38403946658472
2336,64.38403946658472
2337,67.96839277204688
2337,67.96839277204688
2337,67.96839277204688
2337,67.96839277204688
2337,67.96839277204688
2338,55.65554202243993
2338,55.65554202243993
2338,55.65554202243993
2338,55.65554202243993
2338,55.65554202243993
2339,55.589904714811574
2339,55.589904714811574
2339,55.589904714811574
2339,55.589904714811574
2339,55.589904714811574
2340,51.96917549194096
2340,51.96917549194096
2340,51.96917549194096
2340,51.96917549194096
2340,51.96917549194096
2341,64.27181333124231
2341,64.27181333124231
2341,64.27181333124231
2341,64.27181333124231
2341,64.27181333124231
2342,64.25987821453812
2342,64.25987821453812
2342,64.25987821453812
2342,64.25987821453812
2342,64.25987821453812
2343,64.25310958318599
2343,64.25310958318599
2343,64.25310958318599
2343,64.25310958318599
2343,64.25310958318599
2344,64.24037114411315
2344,64.24037114411315
2344,64.24037114411315
2344,64.24037114411315
2344,64.24037114411315
2345,68.00722651527424
2345,68.00722651527424
2345,68.00722651527424
2345,68.00722651527424
2345,68.00722651527424
2346,52.04218422051075
2346,52.04218422051075
2346,52.04218422051075
2346,52.04218422051075
2346,52.04218422051075
2347,75.15353723710251
2347,75.15353723710251
2347,75.15353723710251
2347,75.15353723710251
2347,75.15353723710251
2348,75.15648245416392
2348,75.15648245416392
2348,75.15648245416392
2348,75.15648245416392
2348,75.15648245416392
2349,75.08300251199532
2349,75.08300251199532
2349,75.08300251199532
2349,75.08300251199532
2349,75.08300251199532
2350,75.15754398813641
2350,75.15754398813641
2350,75.15754398813641
2350,75.15754398813641
2350,75.15754398813641
2351,75.23343501714905
2351,75.23343501714905
2351,75.23343501714905
2351,75.23343501714905
2351,75.23343501714905
2352,71.57436147701682
2352,71.57436147701682
2352,71.57436147701682
2352,71.57436147701682
2352,71.57436147701682
2353,71.42359441631785
2353,71.42359441631785
2353,71.42359441631785
2353,71.42359441631785
2353,71.42359441631785
2354,71.45224237072196
2354,71.45224237072196
2354,71.45224237072196
2354,71.45224237072196
2354,71.45224237072196
2355,67.78014801860978
2355,67.78014801860978
2355,67.78014801860978
2355,67.78014801860978
2355,67.78014801860978
2356,67.77791627308957
2356,67.77791627308957
2356,67.77791627308957
2356,67.77791627308957
2356,67.77791627308957
2357,67.85475208392538
2357,67.85475208392538
2357,67.85475208392538
2357,67.85475208392538
2357,67.85475208392538
2358,51.8628348903551
2358,51.8628348903551
2358,51.8628348903551
2358,51.8628348903551
2358,51.8628348903551
2359,75.04301511253453
2359,75.04301511253453
2359,75.04301511253453
2359,75.04301511253453
2359,75.04301511253453
2360,71.45821979680414
2360,71.45821979680414
2360,71.45821979680414
2360,71.45821979680414
2360,71.45821979680414
2361,59.24626080972429
2361,59.24626080972429
2361,59.24626080972429
2361,59.24626080972429
2361,59.24626080972429
2362,59.21624568459595
2362,59.21624568459595
2362,59.21624568459595
2362,59.21624568459595
2362,59.21624568459595
2363,59.363410971777924
2363,59.363410971777924
2363,59.363410971777924
2363,59.363410971777924
2363,59.363410971777924
2364,55.50333992759871
2364,55.50333992759871
2364,55.50333992759871
2364,55.50333992759871
2364,55.50333992759871
2365,55.52799718039447
2365,55.52799718039447
2365,55.52799718039447
2365,55.52799718039447
2365,55.52799718039447
2366,51.9165131611692
2366,51.9165131611692
2366,51.9165131611692
2366,51.9165131611692
2366,51.9165131611692
2367,67.8533141094869
2367,67.8533141094869
2367,67.8533141094869
2367,67.8533141094869
2367,67.8533141094869
2368,51.86056259790244
2368,51.86056259790244
2368,51.86056259790244
2368,51.86056259790244
2368,51.86056259790244
2369,52.00545287500195
2369,52.00545287500195
2369,52.00545287500195
2369,52.00545287500195
2369,52.00545287500195
2370,48.38463788965542
2370,48.38463788965542
2370,48.38463788965542
2370,48.38463788965542
2370,48.38463788965542
2371,64.50674574102706
2371,64.50674574102706
2371,64.50674574102706
2371,64.50674574102706
2371,64.50674574102706
2372,67.99578309971322
2372,67.99578309971322
2372,67.99578309971322
2372,67.99578309971322
2372,67.99578309971322
2373,68.00886191080724
2373,68.00886191080724
2373,68.00886191080724
2373,68.00886191080724
2373,68.00886191080724
2374,84.06971778511706
2374,84.06971778511706
2374,84.06971778511706
2374,84.06971778511706
2374,84.06971778511706
2375,84.07391160870432
2375,84.07391160870432
2375,84.07391160870432
2375,84.07391160870432
2375,84.07391160870432
2376,84.05996206786683
2376,84.05996206786683
2376,84.05996206786683
2376,84.05996206786683
2376,84.05996206786683
2377,68.1122792712695
2377,68.1122792712695
2377,68.1122792712695
2377,68.1122792712695
2377,68.1122792712695
2378,52.139011355112075
2378,52.139011355112075
2378,52.139011355112075
2378,52.139011355112075
2378,52.139011355112075
2379,52.03296900513332
2379,52.03296900513332
2379,52.03296900513332
2379,52.03296900513332
2379,52.03296900513332
2380,36.06232311265145
2380,36.06232311265145
2380,36.06232311265145
2380,36.06232311265145
2380,36.06232311265145
2381,48.41913293706274
2381,48.41913293706274
2381,48.41913293706274
2381,48.41913293706274
2381,48.41913293706274
2382,48.28253912493452
2382,48.28253912493452
2382,48.28253912493452
2382,48.28253912493452
2382,48.28253912493452
2383,51.85106004585182
2383,51.85106004585182
2383,51.85106004585182
2383,51.85106004585182
2383,51.85106004585182
2384,35.90153762782861
2384,35.90153762782861
2384,35.90153762782861
2384,35.90153762782861
2384,35.90153762782861
2385,35.89914040449531
2385,35.89914040449531
2385,35.89914040449531
2385,35.89914040449531
2385,35.89914040449531
2386,35.983713513711265
2386,35.983713513711265
2386,35.983713513711265
2386,35.983713513711265
2386,35.983713513711265
2387,35.95431818282405
2387,35.95431818282405
2387,35.95431818282405
2387,35.95431818282405
2387,35.95431818282405
2388,51.871304633839756
2388,51.871304633839756
2388,51.871304633839756
2388,51.871304633839756
2388,51.871304633839756
2389,51.838449475601124
2389,51.838449475601124
2389,51.838449475601124
2389,51.838449475601124
2389,51.838449475601124
2390,51.84820523142962
2390,51.84820523142962
2390,51.84820523142962
2390,51.84820523142962
2390,51.84820523142962
2391,67.8380247440613
2391,67.8380247440613
2391,67.8380247440613
2391,67.8380247440613
2391,67.8380247440613
2392,67.84195440609295
2392,67.84195440609295
2392,67.84195440609295
2392,67.84195440609295
2392,67.84195440609295
2393,67.85368392901918
2393,67.85368392901918
2393,67.85368392901918
2393,67.85368392901918
2393,67.85368392901918
2394,52.03471180567874
2394,52.03471180567874
2394,52.03471180567874
2394,52.03471180567874
2394,52.03471180567874
2395,51.97526410915439
2395,51.97526410915439
2395,51.97526410915439
2395,51.97526410915439
2395,51.97526410915439
2396,51.9221553791602
2396,51.9221553791602
2396,51.9221553791602
2396,51.9221553791602
2396,51.9221553791602
2397,51.9257610000048
2397,51.9257610000048
2397,51.9257610000048
2397,51.9257610000048
2397,51.9257610000048
2398,51.91795610780889
2398,51.91795610780889
2398,51.91795610780889
2398,51.91795610780889
2398,51.91795610780889
2399,51.918071567380096
2399,51.918071567380096
2399,51.918071567380096
2399,51.918071567380096
2399,51.918071567380096
2400,51.98800296019878
2400,51.98800296019878
2400,51.98800296019878
2400,51.98800296019878
2400,51.98800296019878
2401,36.00113012475606
2401,36.00113012475606
2401,36.00113012475606
2401,36.00113012475606
2401,36.00113012475606
2402,36.032530018189235
2402,36.032530018189235
2402,36.032530018189235
2402,36.032530018189235
2402,36.032530018189235
2403,36.039942302881414
2403,36.039942302881414
2403,36.039942302881414
2403,36.039942302881414
2403,36.039942302881414
2404,35.99710445833651
2404,35.99710445833651
2404,35.99710445833651
2404,35.99710445833651
2404,35.99710445833651
2405,51.956301620076644
2405,51.956301620076644
2405,51.956301620076644
2405,51.956301620076644
2405,51.956301620076644
2406,51.94205460785677
2406,51.94205460785677
2406,51.94205460785677
2406,51.94205460785677
2406,51.94205460785677
2407,51.81810823801338
2407,51.81810823801338
2407,51.81810823801338
2407,51.81810823801338
2407,51.81810823801338
2408,48.17753508688563
2408,48.17753508688563
2408,48.17753508688563
2408,48.17753508688563
2408,48.17753508688563
2409,16.293586274227067
2409,16.293586274227067
2409,16.293586274227067
2409,16.293586274227067
2409,16.293586274227067
2410,35.83960532083471
2410,35.83960532083471
2410,35.83960532083471
2410,35.83960532083471
2410,35.83960532083471
2411,19.907741412021526
2411,19.907741412021526
2411,19.907741412021526
2411,19.907741412021526
2411,19.907741412021526
2412,32.278929078491785
2412,32.278929078491785
2412,32.278929078491785
2412,32.278929078491785
2412,32.278929078491785
2413,32.248091916255675
2413,32.248091916255675
2413,32.248091916255675
2413,32.248091916255675
2413,32.248091916255675
2414,32.255366745131276
2414,32.255366745131276
2414,32.255366745131276
2414,32.255366745131276
2414,32.255366745131276
2415,32.291206425508236
2415,32.291206425508236
2415,32.291206425508236
2415,32.291206425508236
2415,32.291206425508236
2416,35.88692487790466
2416,35.88692487790466
2416,35.88692487790466
2416,35.88692487790466
2416,35.88692487790466
2417,39.52296463090376
2417,39.52296463090376
2417,39.52296463090376
2417,39.52296463090376
2417,39.52296463090376
2418,39.621352319899586
2418,39.621352319899586
2418,39.621352319899586
2418,39.621352319899586
2418,39.621352319899586
2419,52.01736109634675
2419,52.01736109634675
2419,52.01736109634675
2419,52.01736109634675
2419,52.01736109634675
2420,52.03906402843025
2420,52.03906402843025
2420,52.03906402843025
2420,52.03906402843025
2420,52.03906402843025
2421,36.11959137739018
2421,36.11959137739018
2421,36.11959137739018
2421,36.11959137739018
2421,36.11959137739018
2422,20.16059544846459
2422,20.16059544846459
2422,20.16059544846459
2422,20.16059544846459
2422,20.16059544846459
2423,20.096274228307053
2423,20.096274228307053
2423,20.096274228307053
2423,20.096274228307053
2423,20.096274228307053
2424,20.08966660531295
2424,20.08966660531295
2424,20.08966660531295
2424,20.08966660531295
2424,20.08966660531295
2425,20.07919043252838
2425,20.07919043252838
2425,20.07919043252838
2425,20.07919043252838
2425,20.07919043252838
2426,20.181391198092978
2426,20.181391198092978
2426,20.181391198092978
2426,20.181391198092978
2426,20.181391198092978
2427,36.07784547658294
2427,36.07784547658294
2427,36.07784547658294
2427,36.07784547658294
2427,36.07784547658294
2428,35.99987074700358
2428,35.99987074700358
2428,35.99987074700358
2428,35.99987074700358
2428,35.99987074700358
2429,35.98791965213345
2429,35.98791965213345
2429,35.98791965213345
2429,35.98791965213345
2429,35.98791965213345
2430,35.99953290444773
2430,35.99953290444773
2430,35.99953290444773
2430,35.99953290444773
2430,35.99953290444773
2431,51.91124155395811
2431,51.91124155395811
2431,51.91124155395811
2431,51.91124155395811
2431,51.91124155395811
2432,36.018392398444966
2432,36.018392398444966
2432,36.018392398444966
2432,36.018392398444966
2432,36.018392398444966
2433,36.07434306716195
2433,36.07434306716195
2433,36.07434306716195
2433,36.07434306716195
2433,36.07434306716195
2434,36.03558195613178
2434,36.03558195613178
2434,36.03558195613178
2434,36.03558195613178
2434,36.03558195613178
2435,32.322592280094966
2435,32.322592280094966
2435,32.322592280094966
2435,32.322592280094966
2435,32.322592280094966
2436,32.321870298822404
2436,32.321870298822404
2436,32.321870298822404
2436,32.321870298822404
2436,32.321870298822404
2437,32.329372670412376
2437,32.329372670412376
2437,32.329372670412376
2437,32.329372670412376
2437,32.329372670412376
2438,32.32567730658188
2438,32.32567730658188
2438,32.32567730658188
2438,32.32567730658188
2438,32.32567730658188
2439,32.46493504085305
2439,32.46493504085305
2439,32.46493504085305
2439,32.46493504085305
2439,32.46493504085305
2440,16.532745707256502
2440,16.532745707256502
2440,16.532745707256502
2440,16.532745707256502
2440,16.532745707256502
2441,32.43527231889902
2441,32.43527231889902
2441,32.43527231889902
2441,32.43527231889902
2441,32.43527231889902
2442,32.36536386541243
2442,32.36536386541243
2442,32.36536386541243
2442,32.36536386541243
2442,32.36536386541243
2443,32.281275498648704
2443,32.281275498648704
2443,32.281275498648704
2443,32.281275498648704
2443,32.281275498648704
2444,35.98244554289817
2444,35.98244554289817
2444,35.98244554289817
2444,35.98244554289817
2444,35.98244554289817
2445,67.88705955164367
2445,67.88705955164367
2445,67.88705955164367
2445,67.88705955164367
2445,67.88705955164367
2446,51.90859993702195
2446,51.90859993702195
2446,51.90859993702195
2446,51.90859993702195
2446,51.90859993702195
2447,52.00681343209767
2447,52.00681343209767
2447,52.00681343209767
2447,52.00681343209767
2447,52.00681343209767
2448,52.001326183500325
2448,52.001326183500325
2448,52.001326183500325
2448,52.001326183500325
2448,52.001326183500325
2449,55.5764128037403
2449,55.5764128037403
2449,55.5764128037403
2449,55.5764128037403
2449,55.5764128037403
2450,48.421098613356705
2450,48.421098613356705
2450,48.421098613356705
2450,48.421098613356705
2450,48.421098613356705
2451,52.092875680593906
2451,52.092875680593906
2451,52.092875680593906
2451,52.092875680593906
2451,52.092875680593906
2452,52.10844602098282
2452,52.10844602098282
2452,52.10844602098282
2452,52.10844602098282
2452,52.10844602098282
2453,52.073934767699676
2453,52.073934767699676
2453,52.073934767699676
2453,52.073934767699676
2453,52.073934767699676
2454,52.0811828400111
2454,52.0811828400111
2454,52.0811828400111
2454,52.0811828400111
2454,52.0811828400111
2455,68.02971004073109
2455,68.02971004073109
2455,68.02971004073109
2455,68.02971004073109
2455,68.02971004073109
2456,68.00795022132944
2456,68.00795022132944
2456,68.00795022132944
2456,68.00795022132944
2456,68.00795022132944
2457,68.00111753132467
2457,68.00111753132467
2457,68.00111753132467
2457,68.00111753132467
2457,68.00111753132467
2458,67.87539114074177
2458,67.87539114074177
2458,67.87539114074177
2458,67.87539114074177
2458,67.87539114074177
2459,64.3569662711386
2459,64.3569662711386
2459,64.3569662711386
2459,64.3569662711386
2459,64.3569662711386
2460,48.36754430143118
2460,48.36754430143118
2460,48.36754430143118
2460,48.36754430143118
2460,48.36754430143118
2461,52.10244141810574
2461,52.10244141810574
2461,52.10244141810574
2461,52.10244141810574
2461,52.10244141810574
2462,52.13159787003997
2462,52.13159787003997
2462,52.13159787003997
2462,52.13159787003997
2462,52.13159787003997
2463,52.15915995622596
2463,52.15915995622596
2463,52.15915995622596
2463,52.15915995622596
2463,52.15915995622596
2464,55.70032893551634
2464,55.70032893551634
2464,55.70032893551634
2464,55.70032893551634
2464,55.70032893551634
2465,59.35574485940865
2465,59.35574485940865
2465,59.35574485940865
2465,59.35574485940865
2465,59.35574485940865
2466,55.78676719142025
2466,55.78676719142025
2466,55.78676719142025
2466,55.78676719142025
2466,55.78676719142025
2467,55.81626358604931
2467,55.81626358604931
2467,55.81626358604931
2467,55.81626358604931
2467,55.81626358604931
2468,55.753040276328804
2468,55.753040276328804
2468,55.753040276328804
2468,55.753040276328804
2468,55.753040276328804
2469,55.70933643515258
2469,55.70933643515258
2469,55.70933643515258
2469,55.70933643515258
2469,55.70933643515258
2470,55.64843130966135
2470,55.64843130966135
2470,55.64843130966135
2470,55.64843130966135
2470,55.64843130966135
2471,55.613564290136125
2471,55.613564290136125
2471,55.613564290136125
2471,55.613564290136125
2471,55.613564290136125
2472,71.55289809871563
2472,71.55289809871563
2472,71.55289809871563
2472,71.55289809871563
2472,71.55289809871563
2473,71.53724485356021
2473,71.53724485356021
2473,71.53724485356021
2473,71.53724485356021
2473,71.53724485356021
2474,71.55868932218202
2474,71.55868932218202
2474,71.55868932218202
2474,71.55868932218202
2474,71.55868932218202
2475,71.47512550339589
2475,71.47512550339589
2475,71.47512550339589
2475,71.47512550339589
2475,71.47512550339589
2476,75.16972134257864
2476,75.16972134257864
2476,75.16972134257864
2476,75.16972134257864
2476,75.16972134257864
2477,75.14298876654064
2477,75.14298876654064
2477,75.14298876654064
2477,75.14298876654064
2477,75.14298876654064
2478,75.12026849977931
2478,75.12026849977931
2478,75.12026849977931
2478,75.12026849977931
2478,75.12026849977931
2479,75.19816046152005
2479,75.19816046152005
2479,75.19816046152005
2479,75.19816046152005
2479,75.19816046152005
2480,75.1887028246202
2480,75.1887028246202
2480,75.1887028246202
2480,75.1887028246202
2480,75.1887028246202
2481,75.15044308541935
2481,75.15044308541935
2481,75.15044308541935
2481,75.15044308541935
2481,75.15044308541935
2482,75.13307381203792
2482,75.13307381203792
2482,75.13307381203792
2482,75.13307381203792
2482,75.13307381203792
2483,71.5527587196591
2483,71.5527587196591
2483,71.5527587196591
2483,71.5527587196591
2483,71.5527587196591
2484,71.54900893920174
2484,71.54900893920174
2484,71.54900893920174
2484,71.54900893920174
2484,71.54900893920174
2485,71.44460057655995
2485,71.44460057655995
2485,71.44460057655995
2485,71.44460057655995
2485,71.44460057655995
2486,55.51442996713047
2486,55.51442996713047
2486,55.51442996713047
2486,55.51442996713047
2486,55.51442996713047
2487,55.54395677420813
2487,55.54395677420813
2487,55.54395677420813
2487,55.54395677420813
2487,55.54395677420813
2488,39.711652630247265
2488,39.711652630247265
2488,39.711652630247265
2488,39.711652630247265
2488,39.711652630247265
2489,39.634386404467755
2489,39.634386404467755
2489,39.634386404467755
2489,39.634386404467755
2489,39.634386404467755
2490,39.635609425376956
2490,39.635609425376956
2490,39.635609425376956
2490,39.635609425376956
2490,39.635609425376956
2491,39.58849425453559
2491,39.58849425453559
2491,39.58849425453559
2491,39.58849425453559
2491,39.58849425453559
2492,39.55205745421511
2492,39.55205745421511
2492,39.55205745421511
2492,39.55205745421511
2492,39.55205745421511
2493,39.531308619620305
2493,39.531308619620305
2493,39.531308619620305
2493,39.531308619620305
2493,39.531308619620305
2494,39.49689876453881
2494,39.49689876453881
2494,39.49689876453881
2494,39.49689876453881
2494,39.49689876453881
2495,39.55602454298707
2495,39.55602454298707
2495,39.55602454298707
2495,39.55602454298707
2495,39.55602454298707
2496,39.50402784676946
2496,39.50402784676946
2496,39.50402784676946
2496,39.50402784676946
2496,39.50402784676946
2497,35.91043758091317
2497,35.91043758091317
2497,35.91043758091317
2497,35.91043758091317
2497,35.91043758091317
2498,39.596605840437626
2498,39.596605840437626
2498,39.596605840437626
2498,39.596605840437626
2498,39.596605840437626
2499,39.60195794714001
2499,39.60195794714001
2499,39.60195794714001
2499,39.60195794714001
2499,39.60195794714001
2500,39.554592609948756
2500,39.554592609948756
2500,39.554592609948756
2500,39.554592609948756
2500,39.554592609948756
2501,35.93172905637688
2501,35.93172905637688
2501,35.93172905637688
2501,35.93172905637688
2501,35.93172905637688
2502,35.992769647976715
2502,35.992769647976715
2502,35.992769647976715
2502,35.992769647976715
2502,35.992769647976715
2503,20.11225413663404
2503,20.11225413663404
2503,20.11225413663404
2503,20.11225413663404
2503,20.11225413663404
2504,35.993043257051816
2504,35.993043257051816
2504,35.993043257051816
2504,35.993043257051816
2504,35.993043257051816
2505,36.02366679933205
2505,36.02366679933205
2505,36.02366679933205
2505,36.02366679933205
2505,36.02366679933205
2506,48.33335809095469
2506,48.33335809095469
2506,48.33335809095469
2506,48.33335809095469
2506,48.33335809095469
2507,67.99878328382806
2507,67.99878328382806
2507,67.99878328382806
2507,67.99878328382806
2507,67.99878328382806
2508,68.04669284281066
2508,68.04669284281066
2508,68.04669284281066
2508,68.04669284281066
2508,68.04669284281066
2509,68.02362368288982
2509,68.02362368288982
2509,68.02362368288982
2509,68.02362368288982
2509,68.02362368288982
2510,71.69944477648093
2510,71.69944477648093
2510,71.69944477648093
2510,71.69944477648093
2510,71.69944477648093
2511,59.29353644344853
2511,59.29353644344853
2511,59.29353644344853
2511,59.29353644344853
2511,59.29353644344853
2512,59.2748873542334
2512,59.2748873542334
2512,59.2748873542334
2512,59.2748873542334
2512,59.2748873542334
2513,75.20311221896218
2513,75.20311221896218
2513,75.20311221896218
2513,75.20311221896218
2513,75.20311221896218
2514,75.25046593403286
2514,75.25046593403286
2514,75.25046593403286
2514,75.25046593403286
2514,75.25046593403286
2515,75.22017543068077
2515,75.22017543068077
2515,75.22017543068077
2515,75.22017543068077
2515,75.22017543068077
2516,71.59728038089028
2516,71.59728038089028
2516,71.59728038089028
2516,71.59728038089028
2516,71.59728038089028
2517,71.62970849058782
2517,71.62970849058782
2517,71.62970849058782
2517,71.62970849058782
2517,71.62970849058782
2518,71.68363206298183
2518,71.68363206298183
2518,71.68363206298183
2518,71.68363206298183
2518,71.68363206298183
2519,71.66994713731783
2519,71.66994713731783
2519,71.66994713731783
2519,71.66994713731783
2519,71.66994713731783
2520,52.11412431081526
2520,52.11412431081526
2520,52.11412431081526
2520,52.11412431081526
2520,52.11412431081526
2521,52.07868766727013
2521,52.07868766727013
2521,52.07868766727013
2521,52.07868766727013
2521,52.07868766727013
2522,51.98801405475806
2522,51.98801405475806
2522,51.98801405475806
2522,51.98801405475806
2522,51.98801405475806
2523,48.34985182044687
2523,48.34985182044687
2523,48.34985182044687
2523,48.34985182044687
2523,48.34985182044687
2524,52.00435853238754
2524,52.00435853238754
2524,52.00435853238754
2524,52.00435853238754
2524,52.00435853238754
2525,52.02961689090373
2525,52.02961689090373
2525,52.02961689090373
2525,52.02961689090373
2525,52.02961689090373
2526,71.62450107839176
2526,71.62450107839176
2526,71.62450107839176
2526,71.62450107839176
2526,71.62450107839176
2527,75.30161400121456
2527,75.30161400121456
2527,75.30161400121456
2527,75.30161400121456
2527,75.30161400121456
2528,71.62075862240947
2528,71.62075862240947
2528,71.62075862240947
2528,71.62075862240947
2528,71.62075862240947
2529,67.98014004840795
2529,67.98014004840795
2529,67.98014004840795
2529,67.98014004840795
2529,67.98014004840795
2530,64.35069973161893
2530,64.35069973161893
2530,64.35069973161893
2530,64.35069973161893
2530,64.35069973161893
2531,48.42172890514192
2531,48.42172890514192
2531,48.42172890514192
2531,48.42172890514192
2531,48.42172890514192
2532,52.051812604605075
2532,52.051812604605075
2532,52.051812604605075
2532,52.051812604605075
2532,52.051812604605075
2533,52.02827379664207
2533,52.02827379664207
2533,52.02827379664207
2533,52.02827379664207
2533,52.02827379664207
2534,36.094320702206325
2534,36.094320702206325
2534,36.094320702206325
2534,36.094320702206325
2534,36.094320702206325
2535,36.070212289134126
2535,36.070212289134126
2535,36.070212289134126
2535,36.070212289134126
2535,36.070212289134126
2536,36.083996059862166
2536,36.083996059862166
2536,36.083996059862166
2536,36.083996059862166
2536,36.083996059862166
2537,20.13851426830625
2537,20.13851426830625
2537,20.13851426830625
2537,20.13851426830625
2537,20.13851426830625
2538,20.122609082906425
2538,20.122609082906425
2538,20.122609082906425
2538,20.122609082906425
2538,20.122609082906425
2539,32.457063040975356
2539,32.457063040975356
2539,32.457063040975356
2539,32.457063040975356
2539,32.457063040975356
2540,32.358693087299095
2540,32.358693087299095
2540,32.358693087299095
2540,32.358693087299095
2540,32.358693087299095
2541,16.44526679645697
2541,16.44526679645697
2541,16.44526679645697
2541,16.44526679645697
2541,16.44526679645697
2542,16.42569071634643
2542,16.42569071634643
2542,16.42569071634643
2542,16.42569071634643
2542,16.42569071634643
2543,16.477510616930168
2543,16.477510616930168
2543,16.477510616930168
2543,16.477510616930168
2543,16.477510616930168
2544,32.41079427494329
2544,32.41079427494329
2544,32.41079427494329
2544,32.41079427494329
2544,32.41079427494329
2545,32.30279183489966
2545,32.30279183489966
2545,32.30279183489966
2545,32.30279183489966
2545,32.30279183489966
2546,32.29587301830311
2546,32.29587301830311
2546,32.29587301830311
2546,32.29587301830311
2546,32.29587301830311
2547,64.17892373828748
2547,64.17892373828748
2547,64.17892373828748
2547,64.17892373828748
2547,64.17892373828748
2548,67.85886554780771
2548,67.85886554780771
2548,67.85886554780771
2548,67.85886554780771
2548,67.85886554780771
2549,52.02954287017468
2549,52.02954287017468
2549,52.02954287017468
2549,52.02954287017468
2549,52.02954287017468
2550,52.04217999623709
2550,52.04217999623709
2550,52.04217999623709
2550,52.04217999623709
2550,52.04217999623709
2551,52.02704044955392
2551,52.02704044955392
2551,52.02704044955392
2551,52.02704044955392
2551,52.02704044955392
2552,52.00270702146422
2552,52.00270702146422
2552,52.00270702146422
2552,52.00270702146422
2552,52.00270702146422
2553,48.35956089841185
2553,48.35956089841185
2553,48.35956089841185
2553,48.35956089841185
2553,48.35956089841185
2554,48.370167030458695
2554,48.370167030458695
2554,48.370167030458695
2554,48.370167030458695
2554,48.370167030458695
2555,32.43574486121603
2555,32.43574486121603
2555,32.43574486121603
2555,32.43574486121603
2555,32.43574486121603
2556,32.45118339628702
2556,32.45118339628702
2556,32.45118339628702
2556,32.45118339628702
2556,32.45118339628702
2557,32.48683777118633
2557,32.48683777118633
2557,32.48683777118633
2557,32.48683777118633
2557,32.48683777118633
2558,32.53812526783644
2558,32.53812526783644
2558,32.53812526783644
2558,32.53812526783644
2558,32.53812526783644
2559,32.549552056677854
2559,32.549552056677854
2559,32.549552056677854
2559,32.549552056677854
2559,32.549552056677854
2560,48.3543234396364
2560,48.3543234396364
2560,48.3543234396364
2560,48.3543234396364
2560,48.3543234396364
2561,55.563668747991144
2561,55.563668747991144
2561,55.563668747991144
2561,55.563668747991144
2561,55.563668747991144
2562,55.5750884017031
2562,55.5750884017031
2562,55.5750884017031
2562,55.5750884017031
2562,55.5750884017031
2563,55.67249339443524
2563,55.67249339443524
2563,55.67249339443524
2563,55.67249339443524
2563,55.67249339443524
2564,55.6050800923436
2564,55.6050800923436
2564,55.6050800923436
2564,55.6050800923436
2564,55.6050800923436
2565,55.53616368911152
2565,55.53616368911152
2565,55.53616368911152
2565,55.53616368911152
2565,55.53616368911152
2566,39.543673328272476
2566,39.543673328272476
2566,39.543673328272476
2566,39.543673328272476
2566,39.543673328272476
2567,32.34932915933273
2567,32.34932915933273
2567,32.34932915933273
2567,32.34932915933273
2567,32.34932915933273
2568,16.40565699044658
2568,16.40565699044658
2568,16.40565699044658
2568,16.40565699044658
2568,16.40565699044658
2569,16.456670737799634
2569,16.456670737799634
2569,16.456670737799634
2569,16.456670737799634
2569,16.456670737799634
2570,16.42422435424688
2570,16.42422435424688
2570,16.42422435424688
2570,16.42422435424688
2570,16.42422435424688
2571,16.38788270091772
2571,16.38788270091772
2571,16.38788270091772
2571,16.38788270091772
2571,16.38788270091772
2572,0.47408606839058703
2572,0.47408606839058703
2572,0.47408606839058703
2572,0.47408606839058703
2572,0.47408606839058703
2573,0.4657227004276046
2573,0.4657227004276046
2573,0.4657227004276046
2573,0.4657227004276046
2573,0.4657227004276046
2574,0.41686528764620806
2574,0.41686528764620806
2574,0.41686528764620806
2574,0.41686528764620806
2574,0.41686528764620806
2575,0.4163047588797409
2575,0.4163047588797409
2575,0.4163047588797409
2575,0.4163047588797409
2575,0.4163047588797409
2576,0.38586084414497945
2576,0.38586084414497945
2576,0.38586084414497945
2576,0.38586084414497945
2576,0.38586084414497945
2577,16.313738128116796
2577,16.313738128116796
2577,16.313738128116796
2577,16.313738128116796
2577,16.313738128116796
2578,16.311284946078942
2578,16.311284946078942
2578,16.311284946078942
2578,16.311284946078942
2578,16.311284946078942
2579,16.330130631921573
2579,16.330130631921573
2579,16.330130631921573
2579,16.330130631921573
2579,16.330130631921573
2580,16.317324744334027
2580,16.317324744334027
2580,16.317324744334027
2580,16.317324744334027
2580,16.317324744334027
2581,16.32687794331192
2581,16.32687794331192
2581,16.32687794331192
2581,16.32687794331192
2581,16.32687794331192
2582,16.31115267488662
2582,16.31115267488662
2582,16.31115267488662
2582,16.31115267488662
2582,16.31115267488662
2583,16.34281351415571
2583,16.34281351415571
2583,16.34281351415571
2583,16.34281351415571
2583,16.34281351415571
2584,16.31832300576749
2584,16.31832300576749
2584,16.31832300576749
2584,16.31832300576749
2584,16.31832300576749
2585,16.309730707509488
2585,16.309730707509488
2585,16.309730707509488
2585,16.309730707509488
2585,16.309730707509488
2586,0.3536778307408246
2586,0.3536778307408246
2586,0.3536778307408246
2586,0.3536778307408246
2586,0.3536778307408246
2587,0.3640104409011557
2587,0.3640104409011557
2587,0.3640104409011557
2587,0.3640104409011557
2587,0.3640104409011557
2588,0.3988215013840486
2588,0.3988215013840486
2588,0.3988215013840486
2588,0.3988215013840486
2588,0.3988215013840486
2589,0.4371182380211952
2589,0.4371182380211952
2589,0.4371182380211952
2589,0.4371182380211952
2589,0.4371182380211952
2590,0.43292659022812197
2590,0.43292659022812197
2590,0.43292659022812197
2590,0.43292659022812197
2590,0.43292659022812197
2591,16.386276345864893
2591,16.386276345864893
2591,16.386276345864893
2591,16.386276345864893
2591,16.386276345864893
2592,16.373827285825847
2592,16.373827285825847
2592,16.373827285825847
2592,16.373827285825847
2592,16.373827285825847
2593,16.34297759665915
2593,16.34297759665915
2593,16.34297759665915
2593,16.34297759665915
2593,16.34297759665915
2594,16.344180069192483
2594,16.344180069192483
2594,16.344180069192483
2594,16.344180069192483
2594,16.344180069192483
2595,16.340554673335838
2595,16.340554673335838
2595,16.340554673335838
2595,16.340554673335838
2595,16.340554673335838
2596,16.365385892032883
2596,16.365385892032883
2596,16.365385892032883
2596,16.365385892032883
2596,16.365385892032883
2597,0.48238975703991843
2597,0.48238975703991843
2597,0.48238975703991843
2597,0.48238975703991843
2597,0.48238975703991843
2598,0.4607207297817573
2598,0.4607207297817573
2598,0.4607207297817573
2598,0.4607207297817573
2598,0.4607207297817573
2599,16.390962314656633
2599,16.390962314656633
2599,16.390962314656633
2599,16.390962314656633
2599,16.390962314656633
2600,20.00446222680447
2600,20.00446222680447
2600,20.00446222680447
2600,20.00446222680447
2600,20.00446222680447
2601,20.03043627132382
2601,20.03043627132382
2601,20.03043627132382
2601,20.03043627132382
2601,20.03043627132382
2602,20.056853812912387
2602,20.056853812912387
2602,20.056853812912387
2602,20.056853812912387
2602,20.056853812912387
2603,20.06745751468552
2603,20.06745751468552
2603,20.06745751468552
2603,20.06745751468552
2603,20.06745751468552
2604,16.508798584381545
2604,16.508798584381545
2604,16.508798584381545
2604,16.508798584381545
2604,16.508798584381545
2605,16.505962834908736
2605,16.505962834908736
2605,16.505962834908736
2605,16.505962834908736
2605,16.505962834908736
2606,16.489635765279566
2606,16.489635765279566
2606,16.489635765279566
2606,16.489635765279566
2606,16.489635765279566
2607,16.42707407347377
2607,16.42707407347377
2607,16.42707407347377
2607,16.42707407347377
2607,16.42707407347377
2608,16.47894986340352
2608,16.47894986340352
2608,16.47894986340352
2608,16.47894986340352
2608,16.47894986340352
2609,16.507827984028218
2609,16.507827984028218
2609,16.507827984028218
2609,16.507827984028218
2609,16.507827984028218
2610,16.495220521102674
2610,16.495220521102674
2610,16.495220521102674
2610,16.495220521102674
2610,16.495220521102674
2611,16.392005002787666
2611,16.392005002787666
2611,16.392005002787666
2611,16.392005002787666
2611,16.392005002787666
2612,16.38122753864979
2612,16.38122753864979
2612,16.38122753864979
2612,16.38122753864979
2612,16.38122753864979
2613,0.40956754652313804
2613,0.40956754652313804
2613,0.40956754652313804
2613,0.40956754652313804
2613,0.40956754652313804
2614,0.4143819485538872
2614,0.4143819485538872
2614,0.4143819485538872
2614,0.4143819485538872
2614,0.4143819485538872
2615,0.35406956764317754
2615,0.35406956764317754
2615,0.35406956764317754
2615,0.35406956764317754
2615,0.35406956764317754
2616,0.36199879580278077
2616,0.36199879580278077
2616,0.36199879580278077
2616,0.36199879580278077
2616,0.36199879580278077
2617,0.377110238886199
2617,0.377110238886199
2617,0.377110238886199
2617,0.377110238886199
2617,0.377110238886199
2618,16.255572074053468
2618,16.255572074053468
2618,16.255572074053468
2618,16.255572074053468
2618,16.255572074053468
2619,16.242070649691357
2619,16.242070649691357
2619,16.242070649691357
2619,16.242070649691357
2619,16.242070649691357
2620,16.255261435149396
2620,16.255261435149396
2620,16.255261435149396
2620,16.255261435149396
2620,16.255261435149396
2621,16.28286088349852
2621,16.28286088349852
2621,16.28286088349852
2621,16.28286088349852
2621,16.28286088349852
2622,16.32738857554362
2622,16.32738857554362
2622,16.32738857554362
2622,16.32738857554362
2622,16.32738857554362
2623,16.37997872815256
2623,16.37997872815256
2623,16.37997872815256
2623,16.37997872815256
2623,16.37997872815256
2624,16.361713944793983
2624,16.361713944793983
2624,16.361713944793983
2624,16.361713944793983
2624,16.361713944793983
2625,16.365221628083606
2625,16.365221628083606
2625,16.365221628083606
2625,16.365221628083606
2625,16.365221628083606
2626,16.384624432056416
2626,16.384624432056416
2626,16.384624432056416
2626,16.384624432056416
2626,16.384624432056416
2627,16.38935850474907
2627,16.38935850474907
2627,16.38935850474907
2627,16.38935850474907
2627,16.38935850474907
2628,16.370106054156402
2628,16.370106054156402
2628,16.370106054156402
2628,16.370106054156402
2628,16.370106054156402
2629,16.334888546579112
2629,16.334888546579112
2629,16.334888546579112
2629,16.334888546579112
2629,16.334888546579112
2630,16.339423588298814
2630,16.339423588298814
2630,16.339423588298814
2630,16.339423588298814
2630,16.339423588298814
2631,16.351199598203173
2631,16.351199598203173
2631,16.351199598203173
2631,16.351199598203173
2631,16.351199598203173
2632,16.356909568076407
2632,16.356909568076407
2632,16.356909568076407
2632,16.356909568076407
2632,16.356909568076407
2633,16.359070675340302
2633,16.359070675340302
2633,16.359070675340302
2633,16.359070675340302
2633,16.359070675340302
2634,16.334515684910563
2634,16.334515684910563
2634,16.334515684910563
2634,16.334515684910563
2634,16.334515684910563
2635,16.32854676454912
2635,16.32854676454912
2635,16.32854676454912
2635,16.32854676454912
2635,16.32854676454912
2636,16.247650903174794
2636,16.247650903174794
2636,16.247650903174794
2636,16.247650903174794
2636,16.247650903174794
2637,16.226196219226303
2637,16.226196219226303
2637,16.226196219226303
2637,16.226196219226303
2637,16.226196219226303
2638,19.843237182975457
2638,19.843237182975457
2638,19.843237182975457
2638,19.843237182975457
2638,19.843237182975457
2639,16.29426986737769
2639,16.29426986737769
2639,16.29426986737769
2639,16.29426986737769
2639,16.29426986737769
2640,16.301923588744152
2640,16.301923588744152
2640,16.301923588744152
2640,16.301923588744152
2640,16.301923588744152
2641,0.32331371105490647
2641,0.32331371105490647
2641,0.32331371105490647
2641,0.32331371105490647
2641,0.32331371105490647
2642,0.42985864185653655
2642,0.42985864185653655
2642,0.42985864185653655
2642,0.42985864185653655
2642,0.42985864185653655
2643,16.360164705351725
2643,16.360164705351725
2643,16.360164705351725
2643,16.360164705351725
2643,16.360164705351725
2644,16.33052050410642
2644,16.33052050410642
2644,16.33052050410642
2644,16.33052050410642
2644,16.33052050410642
2645,16.314264942128272
2645,16.314264942128272
2645,16.314264942128272
2645,16.314264942128272
2645,16.314264942128272
2646,16.301561307314564
2646,16.301561307314564
2646,16.301561307314564
2646,16.301561307314564
2646,16.301561307314564
2647,16.33108469949935
2647,16.33108469949935
2647,16.33108469949935
2647,16.33108469949935
2647,16.33108469949935
2648,16.30144628478948
2648,16.30144628478948
2648,16.30144628478948
2648,16.30144628478948
2648,16.30144628478948
2649,16.31467559611331
2649,16.31467559611331
2649,16.31467559611331
2649,16.31467559611331
2649,16.31467559611331
2650,19.973185076944898
2650,19.973185076944898
2650,19.973185076944898
2650,19.973185076944898
2650,19.973185076944898
2651,19.995319862750602
2651,19.995319862750602
2651,19.995319862750602
2651,19.995319862750602
2651,19.995319862750602
2652,19.988189105853515
2652,19.988189105853515
2652,19.988189105853515
2652,19.988189105853515
2652,19.988189105853515
2653,19.969124750996407
2653,19.969124750996407
2653,19.969124750996407
2653,19.969124750996407
2653,19.969124750996407
2654,19.969072194594105
2654,19.969072194594105
2654,19.969072194594105
2654,19.969072194594105
2654,19.969072194594105
2655,16.292356684356545
2655,16.292356684356545
2655,16.292356684356545
2655,16.292356684356545
2655,16.292356684356545
2656,16.278403256703974
2656,16.278403256703974
2656,16.278403256703974
2656,16.278403256703974
2656,16.278403256703974
2657,16.29424723135982
2657,16.29424723135982
2657,16.29424723135982
2657,16.29424723135982
2657,16.29424723135982
2658,19.948191836207176
2658,19.948191836207176
2658,19.948191836207176
2658,19.948191836207176
2658,19.948191836207176
2659,19.920400340877997
2659,19.920400340877997
2659,19.920400340877997
2659,19.920400340877997
2659,19.920400340877997
2660,19.931451043043687
2660,19.931451043043687
2660,19.931451043043687
2660,19.931451043043687
2660,19.931451043043687
2661,19.928175083475384
2661,19.928175083475384
2661,19.928175083475384
2661,19.928175083475384
2661,19.928175083475384
2662,16.33066265049638
2662,16.33066265049638
2662,16.33066265049638
2662,16.33066265049638
2662,16.33066265049638
2663,16.328149567095842
2663,16.328149567095842
2663,16.328149567095842
2663,16.328149567095842
2663,16.328149567095842
2664,16.42421313488706
2664,16.42421313488706
2664,16.42421313488706
2664,16.42421313488706
2664,16.42421313488706
2665,16.329127188427627
2665,16.329127188427627
2665,16.329127188427627
2665,16.329127188427627
2665,16.329127188427627
2666,0.3509205471536494
2666,0.3509205471536494
2666,0.3509205471536494
2666,0.3509205471536494
2666,0.3509205471536494
2667,32.21801130451296
2667,32.21801130451296
2667,32.21801130451296
2667,32.21801130451296
2667,32.21801130451296
2668,32.25795345095748
2668,32.25795345095748
2668,32.25795345095748
2668,32.25795345095748
2668,32.25795345095748
2669,16.29149490946056
2669,16.29149490946056
2669,16.29149490946056
2669,16.29149490946056
2669,16.29149490946056
2670,32.329505006612116
2670,32.329505006612116
2670,32.329505006612116
2670,32.329505006612116
2670,32.329505006612116
2671,32.38383417787691
2671,32.38383417787691
2671,32.38383417787691
2671,32.38383417787691
2671,32.38383417787691
2672,32.348747559263714
2672,32.348747559263714
2672,32.348747559263714
2672,32.348747559263714
2672,32.348747559263714
2673,32.28551219776249
2673,32.28551219776249
2673,32.28551219776249
2673,32.28551219776249
2673,32.28551219776249
2674,32.28239650116591
2674,32.28239650116591
2674,32.28239650116591
2674,32.28239650116591
2674,32.28239650116591
2675,16.330829992805377
2675,16.330829992805377
2675,16.330829992805377
2675,16.330829992805377
2675,16.330829992805377
2676,16.327087663252453
2676,16.327087663252453
2676,16.327087663252453
2676,16.327087663252453
2676,16.327087663252453
2677,16.30747430505311
2677,16.30747430505311
2677,16.30747430505311
2677,16.30747430505311
2677,16.30747430505311
2678,0.34475004886331606
2678,0.34475004886331606
2678,0.34475004886331606
2678,0.34475004886331606
2678,0.34475004886331606
2679,0.3317375485507809
2679,0.3317375485507809
2679,0.3317375485507809
2679,0.3317375485507809
2679,0.3317375485507809
2680,0.31452267297727265
2680,0.31452267297727265
2680,0.31452267297727265
2680,0.31452267297727265
2680,0.31452267297727265
2681,0.2941021158712959
2681,0.2941021158712959
2681,0.2941021158712959
2681,0.2941021158712959
2681,0.2941021158712959
2682,0.34107598818736157
2682,0.34107598818736157
2682,0.34107598818736157
2682,0.34107598818736157
2682,0.34107598818736157
2683,0.3544617809650799
2683,0.3544617809650799
2683,0.3544617809650799
2683,0.3544617809650799
2683,0.3544617809650799
2684,0.37863325211810744
2684,0.37863325211810744
2684,0.37863325211810744
2684,0.37863325211810744
2684,0.37863325211810744
2685,0.37381132622615026
2685,0.37381132622615026
2685,0.37381132622615026
2685,0.37381132622615026
2685,0.37381132622615026
2686,0.38575508012230453
2686,0.38575508012230453
2686,0.38575508012230453
2686,0.38575508012230453
2686,0.38575508012230453
2687,0.36696834470639617
2687,0.36696834470639617
2687,0.36696834470639617
2687,0.36696834470639617
2687,0.36696834470639617
2688,0.3729011252068536
2688,0.3729011252068536
2688,0.3729011252068536
2688,0.3729011252068536
2688,0.3729011252068536
2689,0.37381061562473017
2689,0.37381061562473017
2689,0.37381061562473017
2689,0.37381061562473017
2689,0.37381061562473017
2690,0.3626757515620055
2690,0.3626757515620055
2690,0.3626757515620055
2690,0.3626757515620055
2690,0.3626757515620055
2691,0.34990462554674817
2691,0.34990462554674817
2691,0.34990462554674817
2691,0.34990462554674817
2691,0.34990462554674817
2692,0.38092929281637106
2692,0.38092929281637106
2692,0.38092929281637106
2692,0.38092929281637106
2692,0.38092929281637106
2693,0.3855497290688139
2693,0.3855497290688139
2693,0.3855497290688139
2693,0.3855497290688139
2693,0.3855497290688139
2694,16.442898251639757
2694,16.442898251639757
2694,16.442898251639757
2694,16.442898251639757
2694,16.442898251639757
2695,16.47670300571722
2695,16.47670300571722
2695,16.47670300571722
2695,16.47670300571722
2695,16.47670300571722
2696,16.466821529514945
2696,16.466821529514945
2696,16.466821529514945
2696,16.466821529514945
2696,16.466821529514945
2697,16.35848660940197
2697,16.35848660940197
2697,16.35848660940197
2697,16.35848660940197
2697,16.35848660940197
2698,32.38756233839118
2698,32.38756233839118
2698,32.38756233839118
2698,32.38756233839118
2698,32.38756233839118
2699,16.43600368514281
2699,16.43600368514281
2699,16.43600368514281
2699,16.43600368514281
2699,16.43600368514281
2700,16.41576188780537
2700,16.41576188780537
2700,16.41576188780537
2700,16.41576188780537
2700,16.41576188780537
2701,16.430413592259335
2701,16.430413592259335
2701,16.430413592259335
2701,16.430413592259335
2701,16.430413592259335
2702,16.40277028535227
2702,16.40277028535227
2702,16.40277028535227
2702,16.40277028535227
2702,16.40277028535227
2703,16.355702398088983
2703,16.355702398088983
2703,16.355702398088983
2703,16.355702398088983
2703,16.355702398088983
2704,16.300278234555115
2704,16.300278234555115
2704,16.300278234555115
2704,16.300278234555115
2704,16.300278234555115
2705,0.32458931447256184
2705,0.32458931447256184
2705,0.32458931447256184
2705,0.32458931447256184
2705,0.32458931447256184
2706,0.28348429914720424
2706,0.28348429914720424
2706,0.28348429914720424
2706,0.28348429914720424
2706,0.28348429914720424
2707,0.2647896408663514
2707,0.2647896408663514
2707,0.2647896408663514
2707,0.2647896408663514
2707,0.2647896408663514
2708,0.3273047689030485
2708,0.3273047689030485
2708,0.3273047689030485
2708,0.3273047689030485
2708,0.3273047689030485
2709,0.3571558832980249
2709,0.3571558832980249
2709,0.3571558832980249
2709,0.3571558832980249
2709,0.3571558832980249
2710,0.3691742851154767
2710,0.3691742851154767
2710,0.3691742851154767
2710,0.3691742851154767
2710,0.3691742851154767
2711,0.4002548411335634
2711,0.4002548411335634
2711,0.4002548411335634
2711,0.4002548411335634
2711,0.4002548411335634
2712,0.41290503209610663
2712,0.41290503209610663
2712,0.41290503209610663
2712,0.41290503209610663
2712,0.41290503209610663
2713,0.4415577499242869
2713,0.4415577499242869
2713,0.4415577499242869
2713,0.4415577499242869
2713,0.4415577499242869
2714,16.25760411529887
2714,16.25760411529887
2714,16.25760411529887
2714,16.25760411529887
2714,16.25760411529887
2715,16.29411615204105
2715,16.29411615204105
2715,16.29411615204105
2715,16.29411615204105
2715,16.29411615204105
2716,16.292598578816367
2716,16.292598578816367
2716,16.292598578816367
2716,16.292598578816367
2716,16.292598578816367
2717,16.301644371648905
2717,16.301644371648905
2717,16.301644371648905
2717,16.301644371648905
2717,16.301644371648905
2718,16.331176806179904
2718,16.331176806179904
2718,16.331176806179904
2718,16.331176806179904
2718,16.331176806179904
2719,16.33931014536524
2719,16.33931014536524
2719,16.33931014536524
2719,16.33931014536524
2719,16.33931014536524
2720,32.30730972427345
2720,32.30730972427345
2720,32.30730972427345
2720,32.30730972427345
2720,32.30730972427345
2721,32.363192779218956
2721,32.363192779218956
2721,32.363192779218956
2721,32.363192779218956
2721,32.363192779218956
2722,32.417307715515165
2722,32.417307715515165
2722,32.417307715515165
2722,32.417307715515165
2722,32.417307715515165
2723,32.44563593054471
2723,32.44563593054471
2723,32.44563593054471
2723,32.44563593054471
2723,32.44563593054471
2724,36.00081927108128
2724,36.00081927108128
2724,36.00081927108128
2724,36.00081927108128
2724,36.00081927108128
2725,36.00953217437737
2725,36.00953217437737
2725,36.00953217437737
2725,36.00953217437737
2725,36.00953217437737
2726,36.02732156739349
2726,36.02732156739349
2726,36.02732156739349
2726,36.02732156739349
2726,36.02732156739349
2727,35.99844291383745
2727,35.99844291383745
2727,35.99844291383745
2727,35.99844291383745
2727,35.99844291383745
2728,35.94585286822852
2728,35.94585286822852
2728,35.94585286822852
2728,35.94585286822852
2728,35.94585286822852
2729,35.89469977928436
2729,35.89469977928436
2729,35.89469977928436
2729,35.89469977928436
2729,35.89469977928436
2730,51.83371122690405
2730,51.83371122690405
2730,51.83371122690405
2730,51.83371122690405
2730,51.83371122690405
2731,35.90455770469895
2731,35.90455770469895
2731,35.90455770469895
2731,35.90455770469895
2731,35.90455770469895
2732,32.29906640747556
2732,32.29906640747556
2732,32.29906640747556
2732,32.29906640747556
2732,32.29906640747556
2733,32.34787489223441
2733,32.34787489223441
2733,32.34787489223441
2733,32.34787489223441
2733,32.34787489223441
2734,32.43493463287448
2734,32.43493463287448
2734,32.43493463287448
2734,32.43493463287448
2734,32.43493463287448
2735,32.493251936501395
2735,32.493251936501395
2735,32.493251936501395
2735,32.493251936501395
2735,32.493251936501395
2736,32.5083519013944
2736,32.5083519013944
2736,32.5083519013944
2736,32.5083519013944
2736,32.5083519013944
2737,16.580868544380113
2737,16.580868544380113
2737,16.580868544380113
2737,16.580868544380113
2737,16.580868544380113
2738,16.600335570981176
2738,16.600335570981176
2738,16.600335570981176
2738,16.600335570981176
2738,16.600335570981176
2739,16.583908315294153
2739,16.583908315294153
2739,16.583908315294153
2739,16.583908315294153
2739,16.583908315294153
2740,16.507863689856787
2740,16.507863689856787
2740,16.507863689856787
2740,16.507863689856787
2740,16.507863689856787
2741,32.4266267647453
2741,32.4266267647453
2741,32.4266267647453
2741,32.4266267647453
2741,32.4266267647453
2742,32.41901960268335
2742,32.41901960268335
2742,32.41901960268335
2742,32.41901960268335
2742,32.41901960268335
2743,32.40047615211369
2743,32.40047615211369
2743,32.40047615211369
2743,32.40047615211369
2743,32.40047615211369
2744,32.39751175941798
2744,32.39751175941798
2744,32.39751175941798
2744,32.39751175941798
2744,32.39751175941798
2745,48.265802329744666
2745,48.265802329744666
2745,48.265802329744666
2745,48.265802329744666
2745,48.265802329744666
2746,32.33558220737092
2746,32.33558220737092
2746,32.33558220737092
2746,32.33558220737092
2746,32.33558220737092
2747,32.41159761475671
2747,32.41159761475671
2747,32.41159761475671
2747,32.41159761475671
2747,32.41159761475671
2748,32.51242772134631
2748,32.51242772134631
2748,32.51242772134631
2748,32.51242772134631
2748,32.51242772134631
2749,16.422193117218107
2749,16.422193117218107
2749,16.422193117218107
2749,16.422193117218107
2749,16.422193117218107
2750,16.409134003957124
2750,16.409134003957124
2750,16.409134003957124
2750,16.409134003957124
2750,16.409134003957124
2751,16.36022676555664
2751,16.36022676555664
2751,16.36022676555664
2751,16.36022676555664
2751,16.36022676555664
2752,16.334899537367033
2752,16.334899537367033
2752,16.334899537367033
2752,16.334899537367033
2752,16.334899537367033
2753,16.33921223833956
2753,16.33921223833956
2753,16.33921223833956
2753,16.33921223833956
2753,16.33921223833956
2754,16.329928295918194
2754,16.329928295918194
2754,16.329928295918194
2754,16.329928295918194
2754,16.329928295918194
2755,16.379741223811983
2755,16.379741223811983
2755,16.379741223811983
2755,16.379741223811983
2755,16.379741223811983
2756,16.3753947474472
2756,16.3753947474472
2756,16.3753947474472
2756,16.3753947474472
2756,16.3753947474472
2757,16.37084732131199
2757,16.37084732131199
2757,16.37084732131199
2757,16.37084732131199
2757,16.37084732131199
2758,16.375410817982875
2758,16.375410817982875
2758,16.375410817982875
2758,16.375410817982875
2758,16.375410817982875
2759,16.353581543617036
2759,16.353581543617036
2759,16.353581543617036
2759,16.353581543617036
2759,16.353581543617036
2760,16.33991319908753
2760,16.33991319908753
2760,16.33991319908753
2760,16.33991319908753
2760,16.33991319908753
2761,16.30362819257028
2761,16.30362819257028
2761,16.30362819257028
2761,16.30362819257028
2761,16.30362819257028
2762,16.2754470474544
2762,16.2754470474544
2762,16.2754470474544
2762,16.2754470474544
2762,16.2754470474544
2763,32.19806977774059
2763,32.19806977774059
2763,32.19806977774059
2763,32.19806977774059
2763,32.19806977774059
2764,16.27216525730312
2764,16.27216525730312
2764,16.27216525730312
2764,16.27216525730312
2764,16.27216525730312
2765,16.316074602105846
2765,16.316074602105846
2765,16.316074602105846
2765,16.316074602105846
2765,16.316074602105846
2766,0.47992704969318833
2766,0.47992704969318833
2766,0.47992704969318833
2766,0.47992704969318833
2766,0.47992704969318833
2767,0.488594839706143
2767,0.488594839706143
2767,0.488594839706143
2767,0.488594839706143
2767,0.488594839706143
2768,0.4729739103617442
2768,0.4729739103617442
2768,0.4729739103617442
2768,0.4729739103617442
2768,0.4729739103617442
2769,0.4093659939655442
2769,0.4093659939655442
2769,0.4093659939655442
2769,0.4093659939655442
2769,0.4093659939655442
2770,16.304582421260328
2770,16.304582421260328
2770,16.304582421260328
2770,16.304582421260328
2770,16.304582421260328
2771,16.30953335351687
2771,16.30953335351687
2771,16.30953335351687
2771,16.30953335351687
2771,16.30953335351687
2772,19.959618966897537
2772,19.959618966897537
2772,19.959618966897537
2772,19.959618966897537
2772,19.959618966897537
2773,19.976178134349574
2773,19.976178134349574
2773,19.976178134349574
2773,19.976178134349574
2773,19.976178134349574
2774,16.333507236722777
2774,16.333507236722777
2774,16.333507236722777
2774,16.333507236722777
2774,16.333507236722777
2775,16.35841142390749
2775,16.35841142390749
2775,16.35841142390749
2775,16.35841142390749
2775,16.35841142390749
2776,16.419206394523535
2776,16.419206394523535
2776,16.419206394523535
2776,16.419206394523535
2776,16.419206394523535
2777,32.362217461455785
2777,32.362217461455785
2777,32.362217461455785
2777,32.362217461455785
2777,32.362217461455785
2778,32.312107665743746
2778,32.312107665743746
2778,32.312107665743746
2778,32.312107665743746
2778,32.312107665743746
2779,16.39919222210721
2779,16.39919222210721
2779,16.39919222210721
2779,16.39919222210721
2779,16.39919222210721
2780,16.384859245292173
2780,16.384859245292173
2780,16.384859245292173
2780,16.384859245292173
2780,16.384859245292173
2781,16.403549877131713
2781,16.403549877131713
2781,16.403549877131713
2781,16.403549877131713
2781,16.403549877131713
2782,16.4314355180261
2782,16.4314355180261
2782,16.4314355180261
2782,16.4314355180261
2782,16.4314355180261
2783,16.458332478198443
2783,16.458332478198443
2783,16.458332478198443
2783,16.458332478198443
2783,16.458332478198443
2784,16.46223254539082
2784,16.46223254539082
2784,16.46223254539082
2784,16.46223254539082
2784,16.46223254539082
2785,16.458369378673375
2785,16.458369378673375
2785,16.458369378673375
2785,16.458369378673375
2785,16.458369378673375
2786,16.492762297860203
2786,16.492762297860203
2786,16.492762297860203
2786,16.492762297860203
2786,16.492762297860203
2787,16.544877164930405
2787,16.544877164930405
2787,16.544877164930405
2787,16.544877164930405
2787,16.544877164930405
2788,16.52201636630098
2788,16.52201636630098
2788,16.52201636630098
2788,16.52201636630098
2788,16.52201636630098
2789,16.51279384476778
2789,16.51279384476778
2789,16.51279384476778
2789,16.51279384476778
2789,16.51279384476778
2790,16.56397391188355
2790,16.56397391188355
2790,16.56397391188355
2790,16.56397391188355
2790,16.56397391188355
2791,32.42893807731114
2791,32.42893807731114
2791,32.42893807731114
2791,32.42893807731114
2791,32.42893807731114
2792,36.04848999434131
2792,36.04848999434131
2792,36.04848999434131
2792,36.04848999434131
2792,36.04848999434131
2793,39.630837415858444
2793,39.630837415858444
2793,39.630837415858444
2793,39.630837415858444
2793,39.630837415858444
2794,39.61962133984349
2794,39.61962133984349
2794,39.61962133984349
2794,39.61962133984349
2794,39.61962133984349
2795,36.01245697404716
2795,36.01245697404716
2795,36.01245697404716
2795,36.01245697404716
2795,36.01245697404716
2796,35.923372775859825
2796,35.923372775859825
2796,35.923372775859825
2796,35.923372775859825
2796,35.923372775859825
2797,35.974237032230626
2797,35.974237032230626
2797,35.974237032230626
2797,35.974237032230626
2797,35.974237032230626
2798,35.97478565400238
2798,35.97478565400238
2798,35.97478565400238
2798,35.97478565400238
2798,35.97478565400238
2799,51.962496820020604
2799,51.962496820020604
2799,51.962496820020604
2799,51.962496820020604
2799,51.962496820020604
2800,51.96583205756649
2800,51.96583205756649
2800,51.96583205756649
2800,51.96583205756649
2800,51.96583205756649
2801,51.97543033434126
2801,51.97543033434126
2801,51.97543033434126
2801,51.97543033434126
2801,51.97543033434126
2802,51.99098196134264
2802,51.99098196134264
2802,51.99098196134264
2802,51.99098196134264
2802,51.99098196134264
2803,52.04191166689452
2803,52.04191166689452
2803,52.04191166689452
2803,52.04191166689452
2803,52.04191166689452
2804,20.010604414162948
2804,20.010604414162948
2804,20.010604414162948
2804,20.010604414162948
2804,20.010604414162948
2805,16.44840676504922
2805,16.44840676504922
2805,16.44840676504922
2805,16.44840676504922
2805,16.44840676504922
2806,16.417712562070633
2806,16.417712562070633
2806,16.417712562070633
2806,16.417712562070633
2806,16.417712562070633
2807,16.479540453153255
2807,16.479540453153255
2807,16.479540453153255
2807,16.479540453153255
2807,16.479540453153255
2808,20.030081184012058
2808,20.030081184012058
2808,20.030081184012058
2808,20.030081184012058
2808,20.030081184012058
2809,20.02585184388213
2809,20.02585184388213
2809,20.02585184388213
2809,20.02585184388213
2809,20.02585184388213
2810,36.00121562021154
2810,36.00121562021154
2810,36.00121562021154
2810,36.00121562021154
2810,36.00121562021154
2811,35.94671110357278
2811,35.94671110357278
2811,35.94671110357278
2811,35.94671110357278
2811,35.94671110357278
2812,35.927013084559604
2812,35.927013084559604
2812,35.927013084559604
2812,35.927013084559604
2812,35.927013084559604
2813,39.53143712486845
2813,39.53143712486845
2813,39.53143712486845
2813,39.53143712486845
2813,39.53143712486845
2814,35.96929777271123
2814,35.96929777271123
2814,35.96929777271123
2814,35.96929777271123
2814,35.96929777271123
2815,35.93329349855195
2815,35.93329349855195
2815,35.93329349855195
2815,35.93329349855195
2815,35.93329349855195
2816,51.88907423264759
2816,51.88907423264759
2816,51.88907423264759
2816,51.88907423264759
2816,51.88907423264759
2817,51.881663981726874
2817,51.881663981726874
2817,51.881663981726874
2817,51.881663981726874
2817,51.881663981726874
2818,51.885606208757245
2818,51.885606208757245
2818,51.885606208757245
2818,51.885606208757245
2818,51.885606208757245
2819,51.89974777327642
2819,51.89974777327642
2819,51.89974777327642
2819,51.89974777327642
2819,51.89974777327642
2820,51.9552453878022
2820,51.9552453878022
2820,51.9552453878022
2820,51.9552453878022
2820,51.9552453878022
2821,51.989038595015586
2821,51.989038595015586
2821,51.989038595015586
2821,51.989038595015586
2821,51.989038595015586
2822,48.497399625887795
2822,48.497399625887795
2822,48.497399625887795
2822,48.497399625887795
2822,48.497399625887795
2823,48.4781659705871
2823,48.4781659705871
2823,48.4781659705871
2823,48.4781659705871
2823,48.4781659705871
2824,48.4365197336954
2824,48.4365197336954
2824,48.4365197336954
2824,48.4365197336954
2824,48.4365197336954
2825,48.43562553266164
2825,48.43562553266164
2825,48.43562553266164
2825,48.43562553266164
2825,48.43562553266164
2826,48.38621527408528
2826,48.38621527408528
2826,48.38621527408528
2826,48.38621527408528
2826,48.38621527408528
2827,36.01078216381394
2827,36.01078216381394
2827,36.01078216381394
2827,36.01078216381394
2827,36.01078216381394
2828,32.383070654274405
2828,32.383070654274405
2828,32.383070654274405
2828,32.383070654274405
2828,32.383070654274405
2829,32.305437165923436
2829,32.305437165923436
2829,32.305437165923436
2829,32.305437165923436
2829,32.305437165923436
2830,32.28845806688622
2830,32.28845806688622
2830,32.28845806688622
2830,32.28845806688622
2830,32.28845806688622
2831,0.3929413497330739
2831,0.3929413497330739
2831,0.3929413497330739
2831,0.3929413497330739
2831,0.3929413497330739
2832,16.291146772670743
2832,16.291146772670743
2832,16.291146772670743
2832,16.291146772670743
2832,16.291146772670743
2833,16.291320369042346
2833,16.291320369042346
2833,16.291320369042346
2833,16.291320369042346
2833,16.291320369042346
2834,16.34534665886799
2834,16.34534665886799
2834,16.34534665886799
2834,16.34534665886799
2834,16.34534665886799
2835,16.377573975469957
2835,16.377573975469957
2835,16.377573975469957
2835,16.377573975469957
2835,16.377573975469957
2836,32.27172095501747
2836,32.27172095501747
2836,32.27172095501747
2836,32.27172095501747
2836,32.27172095501747
2837,35.9539026126164
2837,35.9539026126164
2837,35.9539026126164
2837,35.9539026126164
2837,35.9539026126164
2838,35.95611859909898
2838,35.95611859909898
2838,35.95611859909898
2838,35.95611859909898
2838,35.95611859909898
2839,36.01202883921305
2839,36.01202883921305
2839,36.01202883921305
2839,36.01202883921305
2839,36.01202883921305
2840,36.015662355222304
2840,36.015662355222304
2840,36.015662355222304
2840,36.015662355222304
2840,36.015662355222304
2841,36.13866759796436
2841,36.13866759796436
2841,36.13866759796436
2841,36.13866759796436
2841,36.13866759796436
2842,36.09471666093678
2842,36.09471666093678
2842,36.09471666093678
2842,36.09471666093678
2842,36.09471666093678
2843,36.11473575830646
2843,36.11473575830646
2843,36.11473575830646
2843,36.11473575830646
2843,36.11473575830646
2844,55.64616067135265
2844,55.64616067135265
2844,55.64616067135265
2844,55.64616067135265
2844,55.64616067135265
2845,39.630605586513084
2845,39.630605586513084
2845,39.630605586513084
2845,39.630605586513084
2845,39.630605586513084
2846,39.606032022012634
2846,39.606032022012634
2846,39.606032022012634
2846,39.606032022012634
2846,39.606032022012634
2847,39.470840484946144
2847,39.470840484946144
2847,39.470840484946144
2847,39.470840484946144
2847,39.470840484946144
2848,35.853177123952165
2848,35.853177123952165
2848,35.853177123952165
2848,35.853177123952165
2848,35.853177123952165
2849,35.87202762215945
2849,35.87202762215945
2849,35.87202762215945
2849,35.87202762215945
2849,35.87202762215945
2850,39.45605968139283
2850,39.45605968139283
2850,39.45605968139283
2850,39.45605968139283
2850,39.45605968139283
2851,39.39988989781005
2851,39.39988989781005
2851,39.39988989781005
2851,39.39988989781005
2851,39.39988989781005
2852,39.46341387098242
2852,39.46341387098242
2852,39.46341387098242
2852,39.46341387098242
2852,39.46341387098242
2853,39.645588088075115
2853,39.645588088075115
2853,39.645588088075115
2853,39.645588088075115
2853,39.645588088075115
2854,39.63459005823461
2854,39.63459005823461
2854,39.63459005823461
2854,39.63459005823461
2854,39.63459005823461
2855,39.655885798051635
2855,39.655885798051635
2855,39.655885798051635
2855,39.655885798051635
2855,39.655885798051635
2856,35.987622420150416
2856,35.987622420150416
2856,35.987622420150416
2856,35.987622420150416
2856,35.987622420150416
2857,35.99762385488916
2857,35.99762385488916
2857,35.99762385488916
2857,35.99762385488916
2857,35.99762385488916
2858,39.56910237663358
2858,39.56910237663358
2858,39.56910237663358
2858,39.56910237663358
2858,39.56910237663358
2859,39.62185812561906
2859,39.62185812561906
2859,39.62185812561906
2859,39.62185812561906
2859,39.62185812561906
2860,39.59054371814507
2860,39.59054371814507
2860,39.59054371814507
2860,39.59054371814507
2860,39.59054371814507
2861,39.62620340531082
2861,39.62620340531082
2861,39.62620340531082
2861,39.62620340531082
2861,39.62620340531082
2862,36.06122497583473
2862,36.06122497583473
2862,36.06122497583473
2862,36.06122497583473
2862,36.06122497583473
2863,32.44607868330636
2863,32.44607868330636
2863,32.44607868330636
2863,32.44607868330636
2863,32.44607868330636
2864,32.43120665510973
2864,32.43120665510973
2864,32.43120665510973
2864,32.43120665510973
2864,32.43120665510973
2865,36.06545395930525
2865,36.06545395930525
2865,36.06545395930525
2865,36.06545395930525
2865,36.06545395930525
2866,36.131938185547526
2866,36.131938185547526
2866,36.131938185547526
2866,36.131938185547526
2866,36.131938185547526
2867,36.167969457816746
2867,36.167969457816746
2867,36.167969457816746
2867,36.167969457816746
2867,36.167969457816746
2868,36.16677444657363
2868,36.16677444657363
2868,36.16677444657363
2868,36.16677444657363
2868,36.16677444657363
2869,36.07804957688019
2869,36.07804957688019
2869,36.07804957688019
2869,36.07804957688019
2869,36.07804957688019
2870,36.030393062226906
2870,36.030393062226906
2870,36.030393062226906
2870,36.030393062226906
2870,36.030393062226906
2871,36.00548843982834
2871,36.00548843982834
2871,36.00548843982834
2871,36.00548843982834
2871,36.00548843982834
2872,51.94965183007307
2872,51.94965183007307
2872,51.94965183007307
2872,51.94965183007307
2872,51.94965183007307
2873,55.51905806474527
2873,55.51905806474527
2873,55.51905806474527
2873,55.51905806474527
2873,55.51905806474527
2874,55.520402315277195
2874,55.520402315277195
2874,55.520402315277195
2874,55.520402315277195
2874,55.520402315277195
2875,71.45098420021588
2875,71.45098420021588
2875,71.45098420021588
2875,71.45098420021588
2875,71.45098420021588
2876,67.88433049276111
2876,67.88433049276111
2876,67.88433049276111
2876,67.88433049276111
2876,67.88433049276111
2877,55.5851784117223
2877,55.5851784117223
2877,55.5851784117223
2877,55.5851784117223
2877,55.5851784117223
2878,55.57248752643611
2878,55.57248752643611
2878,55.57248752643611
2878,55.57248752643611
2878,55.57248752643611
2879,52.01307382379103
2879,52.01307382379103
2879,52.01307382379103
2879,52.01307382379103
2879,52.01307382379103
2880,68.02224939825638
2880,68.02224939825638
2880,68.02224939825638
2880,68.02224939825638
2880,68.02224939825638
2881,68.08809896369516
2881,68.08809896369516
2881,68.08809896369516
2881,68.08809896369516
2881,68.08809896369516
2882,68.06818345966434
2882,68.06818345966434
2882,68.06818345966434
2882,68.06818345966434
2882,68.06818345966434
2883,64.4676497383155
2883,64.4676497383155
2883,64.4676497383155
2883,64.4676497383155
2883,64.4676497383155
2884,64.44606634441656
2884,64.44606634441656
2884,64.44606634441656
2884,64.44606634441656
2884,64.44606634441656
2885,64.3985911913092
2885,64.3985911913092
2885,64.3985911913092
2885,64.3985911913092
2885,64.3985911913092
2886,64.42540370673319
2886,64.42540370673319
2886,64.42540370673319
2886,64.42540370673319
2886,64.42540370673319
2887,80.37771654890263
2887,80.37771654890263
2887,80.37771654890263
2887,80.37771654890263
2887,80.37771654890263
2888,83.95903408457832
2888,83.95903408457832
2888,83.95903408457832
2888,83.95903408457832
2888,83.95903408457832
2889,68.10370991917165
2889,68.10370991917165
2889,68.10370991917165
2889,68.10370991917165
2889,68.10370991917165
2890,68.06469075851291
2890,68.06469075851291
2890,68.06469075851291
2890,68.06469075851291
2890,68.06469075851291
2891,67.99956345551962
2891,67.99956345551962
2891,67.99956345551962
2891,67.99956345551962
2891,67.99956345551962
2892,67.97956583964857
2892,67.97956583964857
2892,67.97956583964857
2892,67.97956583964857
2892,67.97956583964857
2893,67.86604212676914
2893,67.86604212676914
2893,67.86604212676914
2893,67.86604212676914
2893,67.86604212676914
2894,71.52703781054825
2894,71.52703781054825
2894,71.52703781054825
2894,71.52703781054825
2894,71.52703781054825
2895,71.51356118698376
2895,71.51356118698376
2895,71.51356118698376
2895,71.51356118698376
2895,71.51356118698376
2896,51.79641618482073
2896,51.79641618482073
2896,51.79641618482073
2896,51.79641618482073
2896,51.79641618482073
2897,35.907384664739695
2897,35.907384664739695
2897,35.907384664739695
2897,35.907384664739695
2897,35.907384664739695
2898,20.095705385712467
2898,20.095705385712467
2898,20.095705385712467
2898,20.095705385712467
2898,20.095705385712467
2899,36.087042002525365
2899,36.087042002525365
2899,36.087042002525365
2899,36.087042002525365
2899,36.087042002525365
2900,36.04419212187212
2900,36.04419212187212
2900,36.04419212187212
2900,36.04419212187212
2900,36.04419212187212
2901,36.06633626915188
2901,36.06633626915188
2901,36.06633626915188
2901,36.06633626915188
2901,36.06633626915188
2902,51.96719861020229
2902,51.96719861020229
2902,51.96719861020229
2902,51.96719861020229
2902,51.96719861020229
2903,55.62092127339639
2903,55.62092127339639
2903,55.62092127339639
2903,55.62092127339639
2903,55.62092127339639
2904,55.610840185106056
2904,55.610840185106056
2904,55.610840185106056
2904,55.610840185106056
2904,55.610840185106056
2905,55.59845661876185
2905,55.59845661876185
2905,55.59845661876185
2905,55.59845661876185
2905,55.59845661876185
2906,71.51083426089889
2906,71.51083426089889
2906,71.51083426089889
2906,71.51083426089889
2906,71.51083426089889
2907,71.51454361434254
2907,71.51454361434254
2907,71.51454361434254
2907,71.51454361434254
2907,71.51454361434254
2908,71.48469586958254
2908,71.48469586958254
2908,71.48469586958254
2908,71.48469586958254
2908,71.48469586958254
2909,67.88144398313261
2909,67.88144398313261
2909,67.88144398313261
2909,67.88144398313261
2909,67.88144398313261
2910,48.35859603655539
2910,48.35859603655539
2910,48.35859603655539
2910,48.35859603655539
2910,48.35859603655539
2911,48.29232992708699
2911,48.29232992708699
2911,48.29232992708699
2911,48.29232992708699
2911,48.29232992708699
2912,51.93307978921149
2912,51.93307978921149
2912,51.93307978921149
2912,51.93307978921149
2912,51.93307978921149
2913,51.834139916124556
2913,51.834139916124556
2913,51.834139916124556
2913,51.834139916124556
2913,51.834139916124556
2914,48.207165626644574
2914,48.207165626644574
2914,48.207165626644574
2914,48.207165626644574
2914,48.207165626644574
2915,51.8453312245431
2915,51.8453312245431
2915,51.8453312245431
2915,51.8453312245431
2915,51.8453312245431
2916,48.28089497799163
2916,48.28089497799163
2916,48.28089497799163
2916,48.28089497799163
2916,48.28089497799163
2917,51.91929053031053
2917,51.91929053031053
2917,51.91929053031053
2917,51.91929053031053
2917,51.91929053031053
2918,51.92212580468764
2918,51.92212580468764
2918,51.92212580468764
2918,51.92212580468764
2918,51.92212580468764
2919,67.83744246485539
2919,67.83744246485539
2919,67.83744246485539
2919,67.83744246485539
2919,67.83744246485539
2920,75.0709534231438
2920,75.0709534231438
2920,75.0709534231438
2920,75.0709534231438
2920,75.0709534231438
2921,59.100307015407225
2921,59.100307015407225
2921,59.100307015407225
2921,59.100307015407225
2921,59.100307015407225
2922,59.17273500197946
2922,59.17273500197946
2922,59.17273500197946
2922,59.17273500197946
2922,59.17273500197946
2923,59.272307811506415
2923,59.272307811506415
2923,59.272307811506415
2923,59.272307811506415
2923,59.272307811506415
2924,59.35664786813633
2924,59.35664786813633
2924,59.35664786813633
2924,59.35664786813633
2924,59.35664786813633
2925,55.66068664948942
2925,55.66068664948942
2925,55.66068664948942
2925,55.66068664948942
2925,55.66068664948942
2926,55.70225817587787
2926,55.70225817587787
2926,55.70225817587787
2926,55.70225817587787
2926,55.70225817587787
2927,55.69629603920159
2927,55.69629603920159
2927,55.69629603920159
2927,55.69629603920159
2927,55.69629603920159
2928,55.69143940545648
2928,55.69143940545648
2928,55.69143940545648
2928,55.69143940545648
2928,55.69143940545648
2929,55.696355167994646
2929,55.696355167994646
2929,55.696355167994646
2929,55.696355167994646
2929,55.696355167994646
2930,55.73550216374124
2930,55.73550216374124
2930,55.73550216374124
2930,55.73550216374124
2930,55.73550216374124
2931,55.73636133258468
2931,55.73636133258468
2931,55.73636133258468
2931,55.73636133258468
2931,55.73636133258468
2932,55.7230611450952
2932,55.7230611450952
2932,55.7230611450952
2932,55.7230611450952
2932,55.7230611450952
2933,55.66588043336172
2933,55.66588043336172
2933,55.66588043336172
2933,55.66588043336172
2933,55.66588043336172
2934,52.0003187799569
2934,52.0003187799569
2934,52.0003187799569
2934,52.0003187799569
2934,52.0003187799569
2935,52.060912551039074
2935,52.060912551039074
2935,52.060912551039074
2935,52.060912551039074
2935,52.060912551039074
2936,51.99025059826855
2936,51.99025059826855
2936,51.99025059826855
2936,51.99025059826855
2936,51.99025059826855
2937,55.597337604780606
2937,55.597337604780606
2937,55.597337604780606
2937,55.597337604780606
2937,55.597337604780606
2938,39.56280632606392
2938,39.56280632606392
2938,39.56280632606392
2938,39.56280632606392
2938,39.56280632606392
2939,39.571840697906396
2939,39.571840697906396
2939,39.571840697906396
2939,39.571840697906396
2939,39.571840697906396
2940,55.49281303585205
2940,55.49281303585205
2940,55.49281303585205
2940,55.49281303585205
2940,55.49281303585205
2941,71.37862306171097
2941,71.37862306171097
2941,71.37862306171097
2941,71.37862306171097
2941,71.37862306171097
2942,67.75726321699537
2942,67.75726321699537
2942,67.75726321699537
2942,67.75726321699537
2942,67.75726321699537
2943,71.3655464860802
2943,71.3655464860802
2943,71.3655464860802
2943,71.3655464860802
2943,71.3655464860802
2944,67.72015966236809
2944,67.72015966236809
2944,67.72015966236809
2944,67.72015966236809
2944,67.72015966236809
2945,71.39488263381357
2945,71.39488263381357
2945,71.39488263381357
2945,71.39488263381357
2945,71.39488263381357
2946,71.39764321809503
2946,71.39764321809503
2946,71.39764321809503
2946,71.39764321809503
2946,71.39764321809503
2947,71.45242325123607
2947,71.45242325123607
2947,71.45242325123607
2947,71.45242325123607
2947,71.45242325123607
2948,71.60657943269956
2948,71.60657943269956
2948,71.60657943269956
2948,71.60657943269956
2948,71.60657943269956
2949,71.62072331307095
2949,71.62072331307095
2949,71.62072331307095
2949,71.62072331307095
2949,71.62072331307095
2950,55.743740632695946
2950,55.743740632695946
2950,55.743740632695946
2950,55.743740632695946
2950,55.743740632695946
2951,71.63937869664166
2951,71.63937869664166
2951,71.63937869664166
2951,71.63937869664166
2951,71.63937869664166
2952,68.03715747540511
2952,68.03715747540511
2952,68.03715747540511
2952,68.03715747540511
2952,68.03715747540511
2953,83.99642255547212
2953,83.99642255547212
2953,83.99642255547212
2953,83.99642255547212
2953,83.99642255547212
2954,80.49646720179486
2954,80.49646720179486
2954,80.49646720179486
2954,80.49646720179486
2954,80.49646720179486
2955,80.65398742884022
2955,80.65398742884022
2955,80.65398742884022
2955,80.65398742884022
2955,80.65398742884022
2956,80.67051013192496
2956,80.67051013192496
2956,80.67051013192496
2956,80.67051013192496
2956,80.67051013192496
2957,80.69915128180386
2957,80.69915128180386
2957,80.69915128180386
2957,80.69915128180386
2957,80.69915128180386
2958,84.14034915562965
2958,84.14034915562965
2958,84.14034915562965
2958,84.14034915562965
2958,84.14034915562965
2959,84.10430655810895
2959,84.10430655810895
2959,84.10430655810895
2959,84.10430655810895
2959,84.10430655810895
2960,68.1405469171591
2960,68.1405469171591
2960,68.1405469171591
2960,68.1405469171591
2960,68.1405469171591
2961,68.12467618616066
2961,68.12467618616066
2961,68.12467618616066
2961,68.12467618616066
2961,68.12467618616066
2962,71.70507911626734
2962,71.70507911626734
2962,71.70507911626734
2962,71.70507911626734
2962,71.70507911626734
2963,71.6175053389085
2963,71.6175053389085
2963,71.6175053389085
2963,71.6175053389085
2963,71.6175053389085
2964,67.9966240340844
2964,67.9966240340844
2964,67.9966240340844
2964,67.9966240340844
2964,67.9966240340844
2965,68.008064102859
2965,68.008064102859
2965,68.008064102859
2965,68.008064102859
2965,68.008064102859
2966,52.03370092404715
2966,52.03370092404715
2966,52.03370092404715
2966,52.03370092404715
2966,52.03370092404715
2967,52.02632946695244
2967,52.02632946695244
2967,52.02632946695244
2967,52.02632946695244
2967,52.02632946695244
2968,36.075403771287036
2968,36.075403771287036
2968,36.075403771287036
2968,36.075403771287036
2968,36.075403771287036
2969,36.0670292013717
2969,36.0670292013717
2969,36.0670292013717
2969,36.0670292013717
2969,36.0670292013717
2970,36.04082189969701
2970,36.04082189969701
2970,36.04082189969701
2970,36.04082189969701
2970,36.04082189969701
2971,20.08617112080944
2971,20.08617112080944
2971,20.08617112080944
2971,20.08617112080944
2971,20.08617112080944
2972,20.117371219243907
2972,20.117371219243907
2972,20.117371219243907
2972,20.117371219243907
2972,20.117371219243907
2973,16.5393128447047
2973,16.5393128447047
2973,16.5393128447047
2973,16.5393128447047
2973,16.5393128447047
2974,16.556050027357426
2974,16.556050027357426
2974,16.556050027357426
2974,16.556050027357426
2974,16.556050027357426
2975,16.58071979004778
2975,16.58071979004778
2975,16.58071979004778
2975,16.58071979004778
2975,16.58071979004778
2976,16.518992978341814
2976,16.518992978341814
2976,16.518992978341814
2976,16.518992978341814
2976,16.518992978341814
2977,16.504051379730065
2977,16.504051379730065
2977,16.504051379730065
2977,16.504051379730065
2977,16.504051379730065
2978,32.495720485142854
2978,32.495720485142854
2978,32.495720485142854
2978,32.495720485142854
2978,32.495720485142854
2979,20.14021381278942
2979,20.14021381278942
2979,20.14021381278942
2979,20.14021381278942
2979,20.14021381278942
2980,20.069856021632404
2980,20.069856021632404
2980,20.069856021632404
2980,20.069856021632404
2980,20.069856021632404
2981,20.06503186741896
2981,20.06503186741896
2981,20.06503186741896
2981,20.06503186741896
2981,20.06503186741896
2982,20.06567000693443
2982,20.06567000693443
2982,20.06567000693443
2982,20.06567000693443
2982,20.06567000693443
2983,20.06603470451484
2983,20.06603470451484
2983,20.06603470451484
2983,20.06603470451484
2983,20.06603470451484
2984,19.99386252972149
2984,19.99386252972149
2984,19.99386252972149
2984,19.99386252972149
2984,19.99386252972149
2985,19.94786260154756
2985,19.94786260154756
2985,19.94786260154756
2985,19.94786260154756
2985,19.94786260154756
2986,55.36415059030652
2986,55.36415059030652
2986,55.36415059030652
2986,55.36415059030652
2986,55.36415059030652
2987,55.395854722521186
2987,55.395854722521186
2987,55.395854722521186
2987,55.395854722521186
2987,55.395854722521186
2988,55.39905341396825
2988,55.39905341396825
2988,55.39905341396825
2988,55.39905341396825
2988,55.39905341396825
2989,55.530112176782794
2989,55.530112176782794
2989,55.530112176782794
2989,55.530112176782794
2989,55.530112176782794
2990,55.51273672386277
2990,55.51273672386277
2990,55.51273672386277
2990,55.51273672386277
2990,55.51273672386277
2991,55.554372484990076
2991,55.554372484990076
2991,55.554372484990076
2991,55.554372484990076
2991,55.554372484990076
2992,55.55305826792519
2992,55.55305826792519
2992,55.55305826792519
2992,55.55305826792519
2992,55.55305826792519
2993,36.02647449231047
2993,36.02647449231047
2993,36.02647449231047
2993,36.02647449231047
2993,36.02647449231047
2994,52.0460113961456
2994,52.0460113961456
2994,52.0460113961456
2994,52.0460113961456
2994,52.0460113961456
2995,68.01263322802465
2995,68.01263322802465
2995,68.01263322802465
2995,68.01263322802465
2995,68.01263322802465
2996,68.07308190553576
2996,68.07308190553576
2996,68.07308190553576
2996,68.07308190553576
2996,68.07308190553576
2997,64.54932411796783
2997,64.54932411796783
2997,64.54932411796783
2997,64.54932411796783
2997,64.54932411796783
2998,80.42673388867385
2998,80.42673388867385
2998,80.42673388867385
2998,80.42673388867385
2998,80.42673388867385
2999,80.3801692332355
2999,80.3801692332355
2999,80.3801692332355
2999,80.3801692332355
2999,80.3801692332355
3000,83.98251720809876
3000,83.98251720809876
3000,83.98251720809876
3000,83.98251720809876
3000,83.98251720809876
3001,83.9560248263597
3001,83.9560248263597
3001,83.9560248263597
3001,83.9560248263597
3001,83.9560248263597
3002,68.03209938712396
3002,68.03209938712396
3002,68.03209938712396
3002,68.03209938712396
3002,68.03209938712396
3003,68.04095708392713
3003,68.04095708392713
3003,68.04095708392713
3003,68.04095708392713
3003,68.04095708392713
3004,68.04829050454406
3004,68.04829050454406
3004,68.04829050454406
3004,68.04829050454406
3004,68.04829050454406
3005,67.9982441266845
3005,67.9982441266845
3005,67.9982441266845
3005,67.9982441266845
3005,67.9982441266845
3006,67.9774985189674
3006,67.9774985189674
3006,67.9774985189674
3006,67.9774985189674
3006,67.9774985189674
3007,71.59916122191495
3007,71.59916122191495
3007,71.59916122191495
3007,71.59916122191495
3007,71.59916122191495
3008,67.98819215001859
3008,67.98819215001859
3008,67.98819215001859
3008,67.98819215001859
3008,67.98819215001859
3009,52.04548108784297
3009,52.04548108784297
3009,52.04548108784297
3009,52.04548108784297
3009,52.04548108784297
3010,52.040812950952855
3010,52.040812950952855
3010,52.040812950952855
3010,52.040812950952855
3010,52.040812950952855
3011,52.05419749333233
3011,52.05419749333233
3011,52.05419749333233
3011,52.05419749333233
3011,52.05419749333233
3012,55.68013051589753
3012,55.68013051589753
3012,55.68013051589753
3012,55.68013051589753
3012,55.68013051589753
3013,52.080655378655976
3013,52.080655378655976
3013,52.080655378655976
3013,52.080655378655976
3013,52.080655378655976
3014,68.02100328029525
3014,68.02100328029525
3014,68.02100328029525
3014,68.02100328029525
3014,68.02100328029525
3015,64.36249715454538
3015,64.36249715454538
3015,64.36249715454538
3015,64.36249715454538
3015,64.36249715454538
3016,64.27112403536178
3016,64.27112403536178
3016,64.27112403536178
3016,64.27112403536178
3016,64.27112403536178
3017,51.93465986183223
3017,51.93465986183223
3017,51.93465986183223
3017,51.93465986183223
3017,51.93465986183223
3018,36.01097659971216
3018,36.01097659971216
3018,36.01097659971216
3018,36.01097659971216
3018,36.01097659971216
3019,35.99858507807537
3019,35.99858507807537
3019,35.99858507807537
3019,35.99858507807537
3019,35.99858507807537
3020,36.02751488118119
3020,36.02751488118119
3020,36.02751488118119
3020,36.02751488118119
3020,36.02751488118119
3021,36.07960917894237
3021,36.07960917894237
3021,36.07960917894237
3021,36.07960917894237
3021,36.07960917894237
3022,52.036493623169825
3022,52.036493623169825
3022,52.036493623169825
3022,52.036493623169825
3022,52.036493623169825
3023,52.03227575236379
3023,52.03227575236379
3023,52.03227575236379
3023,52.03227575236379
3023,52.03227575236379
3024,52.022601612657084
3024,52.022601612657084
3024,52.022601612657084
3024,52.022601612657084
3024,52.022601612657084
3025,55.70337808093696
3025,55.70337808093696
3025,55.70337808093696
3025,55.70337808093696
3025,55.70337808093696
3026,55.624068117017465
3026,55.624068117017465
3026,55.624068117017465
3026,55.624068117017465
3026,55.624068117017465
3027,59.21047147257707
3027,59.21047147257707
3027,59.21047147257707
3027,59.21047147257707
3027,59.21047147257707
3028,59.21756979302702
3028,59.21756979302702
3028,59.21756979302702
3028,59.21756979302702
3028,59.21756979302702
3029,59.23165760527225
3029,59.23165760527225
3029,59.23165760527225
3029,59.23165760527225
3029,59.23165760527225
3030,59.18448823884711
3030,59.18448823884711
3030,59.18448823884711
3030,59.18448823884711
3030,59.18448823884711
3031,51.96093345600193
3031,51.96093345600193
3031,51.96093345600193
3031,51.96093345600193
3031,51.96093345600193
3032,48.373847717599446
3032,48.373847717599446
3032,48.373847717599446
3032,48.373847717599446
3032,48.373847717599446
3033,32.539140039166185
3033,32.539140039166185
3033,32.539140039166185
3033,32.539140039166185
3033,32.539140039166185
3034,32.49270010088437
3034,32.49270010088437
3034,32.49270010088437
3034,32.49270010088437
3034,32.49270010088437
3035,64.3981154894759
3035,64.3981154894759
3035,64.3981154894759
3035,64.3981154894759
3035,64.3981154894759
3036,64.23498007558531
3036,64.23498007558531
3036,64.23498007558531
3036,64.23498007558531
3036,64.23498007558531
3037,67.81421781458016
3037,67.81421781458016
3037,67.81421781458016
3037,67.81421781458016
3037,67.81421781458016
3038,67.85707490425837
3038,67.85707490425837
3038,67.85707490425837
3038,67.85707490425837
3038,67.85707490425837
3039,51.94966513714341
3039,51.94966513714341
3039,51.94966513714341
3039,51.94966513714341
3039,51.94966513714341
3040,48.42989406581546
3040,48.42989406581546
3040,48.42989406581546
3040,48.42989406581546
3040,48.42989406581546
3041,48.43305944909091
3041,48.43305944909091
3041,48.43305944909091
3041,48.43305944909091
3041,48.43305944909091
3042,48.43625582231222
3042,48.43625582231222
3042,48.43625582231222
3042,48.43625582231222
3042,48.43625582231222
3043,68.04477799832037
3043,68.04477799832037
3043,68.04477799832037
3043,68.04477799832037
3043,68.04477799832037
3044,67.91408428374787
3044,67.91408428374787
3044,67.91408428374787
3044,67.91408428374787
3044,67.91408428374787
3045,71.51713144304875
3045,71.51713144304875
3045,71.51713144304875
3045,71.51713144304875
3045,71.51713144304875
3046,67.99698787121932
3046,67.99698787121932
3046,67.99698787121932
3046,67.99698787121932
3046,67.99698787121932
3047,68.00429918577824
3047,68.00429918577824
3047,68.00429918577824
3047,68.00429918577824
3047,68.00429918577824
3048,75.20793195784388
3048,75.20793195784388
3048,75.20793195784388
3048,75.20793195784388
3048,75.20793195784388
3049,71.69543245907842
3049,71.69543245907842
3049,71.69543245907842
3049,71.69543245907842
3049,71.69543245907842
3050,71.72649602563288
3050,71.72649602563288
3050,71.72649602563288
3050,71.72649602563288
3050,71.72649602563288
3051,68.08059238195742
3051,68.08059238195742
3051,68.08059238195742
3051,68.08059238195742
3051,68.08059238195742
3052,68.10053872079366
3052,68.10053872079366
3052,68.10053872079366
3052,68.10053872079366
3052,68.10053872079366
3053,68.10835100641438
3053,68.10835100641438
3053,68.10835100641438
3053,68.10835100641438
3053,68.10835100641438
3054,67.90132026647544
3054,67.90132026647544
3054,67.90132026647544
3054,67.90132026647544
3054,67.90132026647544
3055,67.86340651077326
3055,67.86340651077326
3055,67.86340651077326
3055,67.86340651077326
3055,67.86340651077326
3056,67.88434254467386
3056,67.88434254467386
3056,67.88434254467386
3056,67.88434254467386
3056,67.88434254467386
3057,67.9008424214697
3057,67.9008424214697
3057,67.9008424214697
3057,67.9008424214697
3057,67.9008424214697
3058,71.60399751273197
3058,71.60399751273197
3058,71.60399751273197
3058,71.60399751273197
3058,71.60399751273197
3059,71.62394118471417
3059,71.62394118471417
3059,71.62394118471417
3059,71.62394118471417
3059,71.62394118471417
3060,68.10295719461735
3060,68.10295719461735
3060,68.10295719461735
3060,68.10295719461735
3060,68.10295719461735
3061,64.38925003907377
3061,64.38925003907377
3061,64.38925003907377
3061,64.38925003907377
3061,64.38925003907377
3062,80.35940038224483
3062,80.35940038224483
3062,80.35940038224483
3062,80.35940038224483
3062,80.35940038224483
3063,83.94986127401964
3063,83.94986127401964
3063,83.94986127401964
3063,83.94986127401964
3063,83.94986127401964
3064,67.99450555204031
3064,67.99450555204031
3064,67.99450555204031
3064,67.99450555204031
3064,67.99450555204031
3065,68.06099861154146
3065,68.06099861154146
3065,68.06099861154146
3065,68.06099861154146
3065,68.06099861154146
3066,64.42185070232873
3066,64.42185070232873
3066,64.42185070232873
3066,64.42185070232873
3066,64.42185070232873
3067,64.37844684795054
3067,64.37844684795054
3067,64.37844684795054
3067,64.37844684795054
3067,64.37844684795054
3068,64.36715997544846
3068,64.36715997544846
3068,64.36715997544846
3068,64.36715997544846
3068,64.36715997544846
3069,48.305690675115365
3069,48.305690675115365
3069,48.305690675115365
3069,48.305690675115365
3069,48.305690675115365
3070,32.372300587556936
3070,32.372300587556936
3070,32.372300587556936
3070,32.372300587556936
3070,32.372300587556936
3071,32.32729785506951
3071,32.32729785506951
3071,32.32729785506951
3071,32.32729785506951
3071,32.32729785506951
3072,35.917106492794346
3072,35.917106492794346
3072,35.917106492794346
3072,35.917106492794346
3072,35.917106492794346
3073,35.9466729166622
3073,35.9466729166622
3073,35.9466729166622
3073,35.9466729166622
3073,35.9466729166622
3074,36.09301405646047
3074,36.09301405646047
3074,36.09301405646047
3074,36.09301405646047
3074,36.09301405646047
3075,36.04722673941581
3075,36.04722673941581
3075,36.04722673941581
3075,36.04722673941581
3075,36.04722673941581
3076,51.98247574294794
3076,51.98247574294794
3076,51.98247574294794
3076,51.98247574294794
3076,51.98247574294794
3077,55.666829847974256
3077,55.666829847974256
3077,55.666829847974256
3077,55.666829847974256
3077,55.666829847974256
3078,52.032051848327434
3078,52.032051848327434
3078,52.032051848327434
3078,52.032051848327434
3078,52.032051848327434
3079,67.94091122485634
3079,67.94091122485634
3079,67.94091122485634
3079,67.94091122485634
3079,67.94091122485634
3080,67.99183441468433
3080,67.99183441468433
3080,67.99183441468433
3080,67.99183441468433
3080,67.99183441468433
3081,68.14683740935853
3081,68.14683740935853
3081,68.14683740935853
3081,68.14683740935853
3081,68.14683740935853
3082,71.78742333768187
3082,71.78742333768187
3082,71.78742333768187
3082,71.78742333768187
3082,71.78742333768187
3083,71.78174798888021
3083,71.78174798888021
3083,71.78174798888021
3083,71.78174798888021
3083,71.78174798888021
3084,68.10522410256536
3084,68.10522410256536
3084,68.10522410256536
3084,68.10522410256536
3084,68.10522410256536
3085,68.08551672048495
3085,68.08551672048495
3085,68.08551672048495
3085,68.08551672048495
3085,68.08551672048495
3086,68.08236395361885
3086,68.08236395361885
3086,68.08236395361885
3086,68.08236395361885
3086,68.08236395361885
3087,68.05728977683066
3087,68.05728977683066
3087,68.05728977683066
3087,68.05728977683066
3087,68.05728977683066
3088,75.2215714561293
3088,75.2215714561293
3088,75.2215714561293
3088,75.2215714561293
3088,75.2215714561293
3089,78.78417049655029
3089,78.78417049655029
3089,78.78417049655029
3089,78.78417049655029
3089,78.78417049655029
3090,78.96119244545653
3090,78.96119244545653
3090,78.96119244545653
3090,78.96119244545653
3090,78.96119244545653
3091,75.34754254070046
3091,75.34754254070046
3091,75.34754254070046
3091,75.34754254070046
3091,75.34754254070046
3092,71.61265178272404
3092,71.61265178272404
3092,71.61265178272404
3092,71.61265178272404
3092,71.61265178272404
3093,68.0355755156106
3093,68.0355755156106
3093,68.0355755156106
3093,68.0355755156106
3093,68.0355755156106
3094,68.07834900848388
3094,68.07834900848388
3094,68.07834900848388
3094,68.07834900848388
3094,68.07834900848388
3095,71.6732305796576
3095,71.6732305796576
3095,71.6732305796576
3095,71.6732305796576
3095,71.6732305796576
3096,71.6840910722295
3096,71.6840910722295
3096,71.6840910722295
3096,71.6840910722295
3096,71.6840910722295
3097,71.66846353115297
3097,71.66846353115297
3097,71.66846353115297
3097,71.66846353115297
3097,71.66846353115297
3098,75.32401231527811
3098,75.32401231527811
3098,75.32401231527811
3098,75.32401231527811
3098,75.32401231527811
3099,78.92891653844084
3099,78.92891653844084
3099,78.92891653844084
3099,78.92891653844084
3099,78.92891653844084
3100,78.82458104659008
3100,78.82458104659008
3100,78.82458104659008
3100,78.82458104659008
3100,78.82458104659008
3101,75.19347111000903
3101,75.19347111000903
3101,75.19347111000903
3101,75.19347111000903
3101,75.19347111000903
3102,71.5254867208456
3102,71.5254867208456
3102,71.5254867208456
3102,71.5254867208456
3102,71.5254867208456
3103,71.56702942133882
3103,71.56702942133882
3103,71.56702942133882
3103,71.56702942133882
3103,71.56702942133882
3104,68.05414943980963
3104,68.05414943980963
3104,68.05414943980963
3104,68.05414943980963
3104,68.05414943980963
3105,71.70611670790434
3105,71.70611670790434
3105,71.70611670790434
3105,71.70611670790434
3105,71.70611670790434
3106,71.58709489684286
3106,71.58709489684286
3106,71.58709489684286
3106,71.58709489684286
3106,71.58709489684286
3107,75.25592802688848
3107,75.25592802688848
3107,75.25592802688848
3107,75.25592802688848
3107,75.25592802688848
3108,75.2583322299402
3108,75.2583322299402
3108,75.2583322299402
3108,75.2583322299402
3108,75.2583322299402
3109,59.38279548153671
3109,59.38279548153671
3109,59.38279548153671
3109,59.38279548153671
3109,59.38279548153671
3110,55.705308942226054
3110,55.705308942226054
3110,55.705308942226054
3110,55.705308942226054
3110,55.705308942226054
3111,55.68591777640806
3111,55.68591777640806
3111,55.68591777640806
3111,55.68591777640806
3111,55.68591777640806
3112,68.08053060456325
3112,68.08053060456325
3112,68.08053060456325
3112,68.08053060456325
3112,68.08053060456325
3113,68.02507530421468
3113,68.02507530421468
3113,68.02507530421468
3113,68.02507530421468
3113,68.02507530421468
3114,68.03980697615721
3114,68.03980697615721
3114,68.03980697615721
3114,68.03980697615721
3114,68.03980697615721
3115,68.05596820925348
3115,68.05596820925348
3115,68.05596820925348
3115,68.05596820925348
3115,68.05596820925348
3116,71.73388080621571
3116,71.73388080621571
3116,71.73388080621571
3116,71.73388080621571
3116,71.73388080621571
3117,71.84184111144364
3117,71.84184111144364
3117,71.84184111144364
3117,71.84184111144364
3117,71.84184111144364
3118,55.94179223900653
3118,55.94179223900653
3118,55.94179223900653
3118,55.94179223900653
3118,55.94179223900653
3119,55.915339756967185
3119,55.915339756967185
3119,55.915339756967185
3119,55.915339756967185
3119,55.915339756967185
3120,55.809700007148805
3120,55.809700007148805
3120,55.809700007148805
3120,55.809700007148805
3120,55.809700007148805
3121,55.80376645089882
3121,55.80376645089882
3121,55.80376645089882
3121,55.80376645089882
3121,55.80376645089882
3122,71.69096511873744
3122,71.69096511873744
3122,71.69096511873744
3122,71.69096511873744
3122,71.69096511873744
3123,71.65052575572197
3123,71.65052575572197
3123,71.65052575572197
3123,71.65052575572197
3123,71.65052575572197
3124,71.81055776179699
3124,71.81055776179699
3124,71.81055776179699
3124,71.81055776179699
3124,71.81055776179699
3125,75.29512081128355
3125,75.29512081128355
3125,75.29512081128355
3125,75.29512081128355
3125,75.29512081128355
3126,75.33525280971644
3126,75.33525280971644
3126,75.33525280971644
3126,75.33525280971644
3126,75.33525280971644
3127,75.26183185397512
3127,75.26183185397512
3127,75.26183185397512
3127,75.26183185397512
3127,75.26183185397512
3128,59.21878300160116
3128,59.21878300160116
3128,59.21878300160116
3128,59.21878300160116
3128,59.21878300160116
3129,59.21072976054249
3129,59.21072976054249
3129,59.21072976054249
3129,59.21072976054249
3129,59.21072976054249
3130,59.18874882456596
3130,59.18874882456596
3130,59.18874882456596
3130,59.18874882456596
3130,59.18874882456596
3131,55.592733220448984
3131,55.592733220448984
3131,55.592733220448984
3131,55.592733220448984
3131,55.592733220448984
3132,55.57518195864461
3132,55.57518195864461
3132,55.57518195864461
3132,55.57518195864461
3132,55.57518195864461
3133,55.55795875276302
3133,55.55795875276302
3133,55.55795875276302
3133,55.55795875276302
3133,55.55795875276302
3134,39.55231350021396
3134,39.55231350021396
3134,39.55231350021396
3134,39.55231350021396
3134,39.55231350021396
3135,39.56343941335209
3135,39.56343941335209
3135,39.56343941335209
3135,39.56343941335209
3135,39.56343941335209
3136,39.58915767431694
3136,39.58915767431694
3136,39.58915767431694
3136,39.58915767431694
3136,39.58915767431694
3137,39.59195964424406
3137,39.59195964424406
3137,39.59195964424406
3137,39.59195964424406
3137,39.59195964424406
3138,39.48276458623688
3138,39.48276458623688
3138,39.48276458623688
3138,39.48276458623688
3138,39.48276458623688
3139,59.064408160122504
3139,59.064408160122504
3139,59.064408160122504
3139,59.064408160122504
3139,59.064408160122504
3140,59.054442733759515
3140,59.054442733759515
3140,59.054442733759515
3140,59.054442733759515
3140,59.054442733759515
3141,59.25495808232339
3141,59.25495808232339
3141,59.25495808232339
3141,59.25495808232339
3141,59.25495808232339
3142,59.28419141233277
3142,59.28419141233277
3142,59.28419141233277
3142,59.28419141233277
3142,59.28419141233277
3143,59.224220846235255
3143,59.224220846235255
3143,59.224220846235255
3143,59.224220846235255
3143,59.224220846235255
3144,59.335738971887125
3144,59.335738971887125
3144,59.335738971887125
3144,59.335738971887125
3144,59.335738971887125
3145,55.75041800425176
3145,55.75041800425176
3145,55.75041800425176
3145,55.75041800425176
3145,55.75041800425176
3146,55.70953637633519
3146,55.70953637633519
3146,55.70953637633519
3146,55.70953637633519
3146,55.70953637633519
3147,55.62612952497231
3147,55.62612952497231
3147,55.62612952497231
3147,55.62612952497231
3147,55.62612952497231
3148,55.59135020356098
3148,55.59135020356098
3148,55.59135020356098
3148,55.59135020356098
3148,55.59135020356098
3149,48.45110066627793
3149,48.45110066627793
3149,48.45110066627793
3149,48.45110066627793
3149,48.45110066627793
3150,51.98969959286668
3150,51.98969959286668
3150,51.98969959286668
3150,51.98969959286668
3150,51.98969959286668
3151,51.98274392320519
3151,51.98274392320519
3151,51.98274392320519
3151,51.98274392320519
3151,51.98274392320519
3152,52.01000794971702
3152,52.01000794971702
3152,52.01000794971702
3152,52.01000794971702
3152,52.01000794971702
3153,51.85899705792788
3153,51.85899705792788
3153,51.85899705792788
3153,51.85899705792788
3153,51.85899705792788
3154,51.85077752350285
3154,51.85077752350285
3154,51.85077752350285
3154,51.85077752350285
3154,51.85077752350285
3155,51.89533748680532
3155,51.89533748680532
3155,51.89533748680532
3155,51.89533748680532
3155,51.89533748680532
3156,55.54997642882434
3156,55.54997642882434
3156,55.54997642882434
3156,55.54997642882434
3156,55.54997642882434
3157,71.56012740836218
3157,71.56012740836218
3157,71.56012740836218
3157,71.56012740836218
3157,71.56012740836218
3158,71.50526583537962
3158,71.50526583537962
3158,71.50526583537962
3158,71.50526583537962
3158,71.50526583537962
3159,67.92169827243023
3159,67.92169827243023
3159,67.92169827243023
3159,67.92169827243023
3159,67.92169827243023
3160,52.00225751303824
3160,52.00225751303824
3160,52.00225751303824
3160,52.00225751303824
3160,52.00225751303824
3161,32.35167582954235
3161,32.35167582954235
3161,32.35167582954235
3161,32.35167582954235
3161,32.35167582954235
3162,51.85529691582815
3162,51.85529691582815
3162,51.85529691582815
3162,51.85529691582815
3162,51.85529691582815
3163,51.9713578932802
3163,51.9713578932802
3163,51.9713578932802
3163,51.9713578932802
3163,51.9713578932802
3164,36.0393892683872
3164,36.0393892683872
3164,36.0393892683872
3164,36.0393892683872
3164,36.0393892683872
3165,36.07804357763742
3165,36.07804357763742
3165,36.07804357763742
3165,36.07804357763742
3165,36.07804357763742
3166,36.03575610788961
3166,36.03575610788961
3166,36.03575610788961
3166,36.03575610788961
3166,36.03575610788961
3167,51.957673904236444
3167,51.957673904236444
3167,51.957673904236444
3167,51.957673904236444
3167,51.957673904236444
3168,51.988339128314735
3168,51.988339128314735
3168,51.988339128314735
3168,51.988339128314735
3168,51.988339128314735
3169,52.05372935374942
3169,52.05372935374942
3169,52.05372935374942
3169,52.05372935374942
3169,52.05372935374942
3170,52.05196916964079
3170,52.05196916964079
3170,52.05196916964079
3170,52.05196916964079
3170,52.05196916964079
3171,52.021861305322886
3171,52.021861305322886
3171,52.021861305322886
3171,52.021861305322886
3171,52.021861305322886
3172,52.0101352409575
3172,52.0101352409575
3172,52.0101352409575
3172,52.0101352409575
3172,52.0101352409575
3173,71.69663616769226
3173,71.69663616769226
3173,71.69663616769226
3173,71.69663616769226
3173,71.69663616769226
3174,71.521978468632
3174,71.521978468632
3174,71.521978468632
3174,71.521978468632
3174,71.521978468632
3175,71.53866808094423
3175,71.53866808094423
3175,71.53866808094423
3175,71.53866808094423
3175,71.53866808094423
3176,55.57791658823383
3176,55.57791658823383
3176,55.57791658823383
3176,55.57791658823383
3176,55.57791658823383
3177,55.628749766616366
3177,55.628749766616366
3177,55.628749766616366
3177,55.628749766616366
3177,55.628749766616366
3178,39.54714850248939
3178,39.54714850248939
3178,39.54714850248939
3178,39.54714850248939
3178,39.54714850248939
3179,39.54651994423064
3179,39.54651994423064
3179,39.54651994423064
3179,39.54651994423064
3179,39.54651994423064
3180,39.57889615172691
3180,39.57889615172691
3180,39.57889615172691
3180,39.57889615172691
3180,39.57889615172691
3181,39.538717690385575
3181,39.538717690385575
3181,39.538717690385575
3181,39.538717690385575
3181,39.538717690385575
3182,55.43734101394322
3182,55.43734101394322
3182,55.43734101394322
3182,55.43734101394322
3182,55.43734101394322
3183,55.464130057546264
3183,55.464130057546264
3183,55.464130057546264
3183,55.464130057546264
3183,55.464130057546264
3184,55.49103396583789
3184,55.49103396583789
3184,55.49103396583789
3184,55.49103396583789
3184,55.49103396583789
3185,55.619445259137095
3185,55.619445259137095
3185,55.619445259137095
3185,55.619445259137095
3185,55.619445259137095
3186,71.64542335038286
3186,71.64542335038286
3186,71.64542335038286
3186,71.64542335038286
3186,71.64542335038286
3187,71.55472047992248
3187,71.55472047992248
3187,71.55472047992248
3187,71.55472047992248
3187,71.55472047992248
3188,51.96700280671187
3188,51.96700280671187
3188,51.96700280671187
3188,51.96700280671187
3188,51.96700280671187
3189,52.00800474198322
3189,52.00800474198322
3189,52.00800474198322
3189,52.00800474198322
3189,52.00800474198322
3190,55.591622249979295
3190,55.591622249979295
3190,55.591622249979295
3190,55.591622249979295
3190,55.591622249979295
3191,52.03362990616688
3191,52.03362990616688
3191,52.03362990616688
3191,52.03362990616688
3191,52.03362990616688
3192,48.41497892657951
3192,48.41497892657951
3192,48.41497892657951
3192,48.41497892657951
3192,48.41497892657951
3193,48.464109857558896
3193,48.464109857558896
3193,48.464109857558896
3193,48.464109857558896
3193,48.464109857558896
3194,48.49647779538684
3194,48.49647779538684
3194,48.49647779538684
3194,48.49647779538684
3194,48.49647779538684
3195,48.47161741213607
3195,48.47161741213607
3195,48.47161741213607
3195,48.47161741213607
3195,48.47161741213607
3196,52.02969078431786
3196,52.02969078431786
3196,52.02969078431786
3196,52.02969078431786
3196,52.02969078431786
3197,39.54618414623003
3197,39.54618414623003
3197,39.54618414623003
3197,39.54618414623003
3197,39.54618414623003
3198,39.56141680454898
3198,39.56141680454898
3198,39.56141680454898
3198,39.56141680454898
3198,39.56141680454898
3199,39.43142235501535
3199,39.43142235501535
3199,39.43142235501535
3199,39.43142235501535
3199,39.43142235501535
3200,39.5069304369508
3200,39.5069304369508
3200,39.5069304369508
3200,39.5069304369508
3200,39.5069304369508
3201,32.345372587508606
3201,32.345372587508606
3201,32.345372587508606
3201,32.345372587508606
3201,32.345372587508606
3202,35.89588613830178
3202,35.89588613830178
3202,35.89588613830178
3202,35.89588613830178
3202,35.89588613830178
3203,35.85913385545157
3203,35.85913385545157
3203,35.85913385545157
3203,35.85913385545157
3203,35.85913385545157
3204,35.8751367658334
3204,35.8751367658334
3204,35.8751367658334
3204,35.8751367658334
3204,35.8751367658334
3205,35.88869518281946
3205,35.88869518281946
3205,35.88869518281946
3205,35.88869518281946
3205,35.88869518281946
3206,35.86559867518936
3206,35.86559867518936
3206,35.86559867518936
3206,35.86559867518936
3206,35.86559867518936
3207,35.866382500751925
3207,35.866382500751925
3207,35.866382500751925
3207,35.866382500751925
3207,35.866382500751925
3208,35.85662356935857
3208,35.85662356935857
3208,35.85662356935857
3208,35.85662356935857
3208,35.85662356935857
3209,35.98253243824615
3209,35.98253243824615
3209,35.98253243824615
3209,35.98253243824615
3209,35.98253243824615
3210,51.969986337184665
3210,51.969986337184665
3210,51.969986337184665
3210,51.969986337184665
3210,51.969986337184665
3211,51.91654824089145
3211,51.91654824089145
3211,51.91654824089145
3211,51.91654824089145
3211,51.91654824089145
3212,51.79690508505155
3212,51.79690508505155
3212,51.79690508505155
3212,51.79690508505155
3212,51.79690508505155
3213,51.80270554873575
3213,51.80270554873575
3213,51.80270554873575
3213,51.80270554873575
3213,51.80270554873575
3214,35.87471586871845
3214,35.87471586871845
3214,35.87471586871845
3214,35.87471586871845
3214,35.87471586871845
3215,35.93187187551952
3215,35.93187187551952
3215,35.93187187551952
3215,35.93187187551952
3215,35.93187187551952
3216,35.90282101539217
3216,35.90282101539217
3216,35.90282101539217
3216,35.90282101539217
3216,35.90282101539217
3217,32.264329791799184
3217,32.264329791799184
3217,32.264329791799184
3217,32.264329791799184
3217,32.264329791799184
3218,35.85899177102003
3218,35.85899177102003
3218,35.85899177102003
3218,35.85899177102003
3218,35.85899177102003
3219,35.81499647320453
3219,35.81499647320453
3219,35.81499647320453
3219,35.81499647320453
3219,35.81499647320453
3220,35.7743396488667
3220,35.7743396488667
3220,35.7743396488667
3220,35.7743396488667
3220,35.7743396488667
3221,35.752192733051594
3221,35.752192733051594
3221,35.752192733051594
3221,35.752192733051594
3221,35.752192733051594
3222,39.42251664027797
3222,39.42251664027797
3222,39.42251664027797
3222,39.42251664027797
3222,39.42251664027797
3223,19.90595756677161
3223,19.90595756677161
3223,19.90595756677161
3223,19.90595756677161
3223,19.90595756677161
3224,19.92751750801904
3224,19.92751750801904
3224,19.92751750801904
3224,19.92751750801904
3224,19.92751750801904
3225,19.919595438323277
3225,19.919595438323277
3225,19.919595438323277
3225,19.919595438323277
3225,19.919595438323277
3226,19.918080684250132
3226,19.918080684250132
3226,19.918080684250132
3226,19.918080684250132
3226,19.918080684250132
3227,19.875679127053534
3227,19.875679127053534
3227,19.875679127053534
3227,19.875679127053534
3227,19.875679127053534
3228,19.873332065187242
3228,19.873332065187242
3228,19.873332065187242
3228,19.873332065187242
3228,19.873332065187242
3229,19.89232808474679
3229,19.89232808474679
3229,19.89232808474679
3229,19.89232808474679
3229,19.89232808474679
3230,32.28212427926675
3230,32.28212427926675
3230,32.28212427926675
3230,32.28212427926675
3230,32.28212427926675
3231,32.29871113524321
3231,32.29871113524321
3231,32.29871113524321
3231,32.29871113524321
3231,32.29871113524321
3232,16.477701966554942
3232,16.477701966554942
3232,16.477701966554942
3232,16.477701966554942
3232,16.477701966554942
3233,16.449126669257712
3233,16.449126669257712
3233,16.449126669257712
3233,16.449126669257712
3233,16.449126669257712
3234,32.384894072472896
3234,32.384894072472896
3234,32.384894072472896
3234,32.384894072472896
3234,32.384894072472896
3235,32.403427384118956
3235,32.403427384118956
3235,32.403427384118956
3235,32.403427384118956
3235,32.403427384118956
3236,48.44737850646651
3236,48.44737850646651
3236,48.44737850646651
3236,48.44737850646651
3236,48.44737850646651
3237,48.41767690714643
3237,48.41767690714643
3237,48.41767690714643
3237,48.41767690714643
3237,48.41767690714643
3238,48.39628133766314
3238,48.39628133766314
3238,48.39628133766314
3238,48.39628133766314
3238,48.39628133766314
3239,32.38857811552317
3239,32.38857811552317
3239,32.38857811552317
3239,32.38857811552317
3239,32.38857811552317
3240,32.33901031478962
3240,32.33901031478962
3240,32.33901031478962
3240,32.33901031478962
3240,32.33901031478962
3241,48.34978292299138
3241,48.34978292299138
3241,48.34978292299138
3241,48.34978292299138
3241,48.34978292299138
3242,48.31565977149465
3242,48.31565977149465
3242,48.31565977149465
3242,48.31565977149465
3242,48.31565977149465
3243,48.31557173615483
3243,48.31557173615483
3243,48.31557173615483
3243,48.31557173615483
3243,48.31557173615483
3244,48.316847370981144
3244,48.316847370981144
3244,48.316847370981144
3244,48.316847370981144
3244,48.316847370981144
3245,48.35437482725474
3245,48.35437482725474
3245,48.35437482725474
3245,48.35437482725474
3245,48.35437482725474
3246,48.35511664556555
3246,48.35511664556555
3246,48.35511664556555
3246,48.35511664556555
3246,48.35511664556555
3247,64.36538587273044
3247,64.36538587273044
3247,64.36538587273044
3247,64.36538587273044
3247,64.36538587273044
3248,48.383800093580405
3248,48.383800093580405
3248,48.383800093580405
3248,48.383800093580405
3248,48.383800093580405
3249,51.97986638281584
3249,51.97986638281584
3249,51.97986638281584
3249,51.97986638281584
3249,51.97986638281584
3250,52.09417720263607
3250,52.09417720263607
3250,52.09417720263607
3250,52.09417720263607
3250,52.09417720263607
3251,52.05825469373053
3251,52.05825469373053
3251,52.05825469373053
3251,52.05825469373053
3251,52.05825469373053
3252,52.04864955020624
3252,52.04864955020624
3252,52.04864955020624
3252,52.04864955020624
3252,52.04864955020624
3253,59.17737407716102
3253,59.17737407716102
3253,59.17737407716102
3253,59.17737407716102
3253,59.17737407716102
3254,59.217393470635
3254,59.217393470635
3254,59.217393470635
3254,59.217393470635
3254,59.217393470635
3255,55.6046185887451
3255,55.6046185887451
3255,55.6046185887451
3255,55.6046185887451
3255,55.6046185887451
3256,55.561047709265246
3256,55.561047709265246
3256,55.561047709265246
3256,55.561047709265246
3256,55.561047709265246
3257,55.503988387526135
3257,55.503988387526135
3257,55.503988387526135
3257,55.503988387526135
3257,55.503988387526135
3258,55.478992783020146
3258,55.478992783020146
3258,55.478992783020146
3258,55.478992783020146
3258,55.478992783020146
3259,51.83183860938509
3259,51.83183860938509
3259,51.83183860938509
3259,51.83183860938509
3259,51.83183860938509
3260,55.47917637086599
3260,55.47917637086599
3260,55.47917637086599
3260,55.47917637086599
3260,55.47917637086599
3261,52.03278769332945
3261,52.03278769332945
3261,52.03278769332945
3261,52.03278769332945
3261,52.03278769332945
3262,51.90947419775853
3262,51.90947419775853
3262,51.90947419775853
3262,51.90947419775853
3262,51.90947419775853
3263,51.92356417718334
3263,51.92356417718334
3263,51.92356417718334
3263,51.92356417718334
3263,51.92356417718334
3264,51.921782978717395
3264,51.921782978717395
3264,51.921782978717395
3264,51.921782978717395
3264,51.921782978717395
3265,20.015768434304057
3265,20.015768434304057
3265,20.015768434304057
3265,20.015768434304057
3265,20.015768434304057
3266,19.941344494381458
3266,19.941344494381458
3266,19.941344494381458
3266,19.941344494381458
3266,19.941344494381458
3267,19.922191960198795
3267,19.922191960198795
3267,19.922191960198795
3267,19.922191960198795
3267,19.922191960198795
3268,19.937519916569773
3268,19.937519916569773
3268,19.937519916569773
3268,19.937519916569773
3268,19.937519916569773
3269,16.388888387593084
3269,16.388888387593084
3269,16.388888387593084
3269,16.388888387593084
3269,16.388888387593084
3270,16.404136941806406
3270,16.404136941806406
3270,16.404136941806406
3270,16.404136941806406
3270,16.404136941806406
3271,35.94345278440038
3271,35.94345278440038
3271,35.94345278440038
3271,35.94345278440038
3271,35.94345278440038
3272,35.98333206968736
3272,35.98333206968736
3272,35.98333206968736
3272,35.98333206968736
3272,35.98333206968736
3273,35.956848507738655
3273,35.956848507738655
3273,35.956848507738655
3273,35.956848507738655
3273,35.956848507738655
3274,35.95001618446515
3274,35.95001618446515
3274,35.95001618446515
3274,35.95001618446515
3274,35.95001618446515
3275,36.104883523545844
3275,36.104883523545844
3275,36.104883523545844
3275,36.104883523545844
3275,36.104883523545844
3276,36.10132649000599
3276,36.10132649000599
3276,36.10132649000599
3276,36.10132649000599
3276,36.10132649000599
3277,36.19830545925372
3277,36.19830545925372
3277,36.19830545925372
3277,36.19830545925372
3277,36.19830545925372
3278,36.162704665843776
3278,36.162704665843776
3278,36.162704665843776
3278,36.162704665843776
3278,36.162704665843776
3279,36.14862124568235
3279,36.14862124568235
3279,36.14862124568235
3279,36.14862124568235
3279,36.14862124568235
3280,55.66145840352715
3280,55.66145840352715
3280,55.66145840352715
3280,55.66145840352715
3280,55.66145840352715
3281,71.57063165859611
3281,71.57063165859611
3281,71.57063165859611
3281,71.57063165859611
3281,71.57063165859611
3282,71.55322067249726
3282,71.55322067249726
3282,71.55322067249726
3282,71.55322067249726
3282,71.55322067249726
3283,71.57904638568132
3283,71.57904638568132
3283,71.57904638568132
3283,71.57904638568132
3283,71.57904638568132
3284,75.25409957468341
3284,75.25409957468341
3284,75.25409957468341
3284,75.25409957468341
3284,75.25409957468341
3285,75.28829654881426
3285,75.28829654881426
3285,75.28829654881426
3285,75.28829654881426
3285,75.28829654881426
3286,71.71852553757597
3286,71.71852553757597
3286,71.71852553757597
3286,71.71852553757597
3286,71.71852553757597
3287,87.62444547729577
3287,87.62444547729577
3287,87.62444547729577
3287,87.62444547729577
3287,87.62444547729577
3288,71.68250208748202
3288,71.68250208748202
3288,71.68250208748202
3288,71.68250208748202
3288,71.68250208748202
3289,68.09530220910929
3289,68.09530220910929
3289,68.09530220910929
3289,68.09530220910929
3289,68.09530220910929
3290,68.16400955642257
3290,68.16400955642257
3290,68.16400955642257
3290,68.16400955642257
3290,68.16400955642257
3291,71.72751473661647
3291,71.72751473661647
3291,71.72751473661647
3291,71.72751473661647
3291,71.72751473661647
3292,71.67676361571719
3292,71.67676361571719
3292,71.67676361571719
3292,71.67676361571719
3292,71.67676361571719
3293,71.57590976953155
3293,71.57590976953155
3293,71.57590976953155
3293,71.57590976953155
3293,71.57590976953155
3294,71.61792833817599
3294,71.61792833817599
3294,71.61792833817599
3294,71.61792833817599
3294,71.61792833817599
3295,52.132160324997585
3295,52.132160324997585
3295,52.132160324997585
3295,52.132160324997585
3295,52.132160324997585
3296,52.061020052863185
3296,52.061020052863185
3296,52.061020052863185
3296,52.061020052863185
3296,52.061020052863185
3297,68.02393503106316
3297,68.02393503106316
3297,68.02393503106316
3297,68.02393503106316
3297,68.02393503106316
3298,68.06338453788456
3298,68.06338453788456
3298,68.06338453788456
3298,68.06338453788456
3298,68.06338453788456
3299,68.19103406940579
3299,68.19103406940579
3299,68.19103406940579
3299,68.19103406940579
3299,68.19103406940579
3300,67.97090203996704
3300,67.97090203996704
3300,67.97090203996704
3300,67.97090203996704
3300,67.97090203996704
3301,68.00918395508683
3301,68.00918395508683
3301,68.00918395508683
3301,68.00918395508683
3301,68.00918395508683
3302,36.2217565497132
3302,36.2217565497132
3302,36.2217565497132
3302,36.2217565497132
3302,36.2217565497132
3303,52.01959233381727
3303,52.01959233381727
3303,52.01959233381727
3303,52.01959233381727
3303,52.01959233381727
3304,51.97480874673323
3304,51.97480874673323
3304,51.97480874673323
3304,51.97480874673323
3304,51.97480874673323
3305,36.005182827935116
3305,36.005182827935116
3305,36.005182827935116
3305,36.005182827935116
3305,36.005182827935116
3306,51.93678601868179
3306,51.93678601868179
3306,51.93678601868179
3306,51.93678601868179
3306,51.93678601868179
3307,52.04859507198692
3307,52.04859507198692
3307,52.04859507198692
3307,52.04859507198692
3307,52.04859507198692
3308,68.08888663122482
3308,68.08888663122482
3308,68.08888663122482
3308,68.08888663122482
3308,68.08888663122482
3309,68.00317742449354
3309,68.00317742449354
3309,68.00317742449354
3309,68.00317742449354
3309,68.00317742449354
3310,64.22032970357208
3310,64.22032970357208
3310,64.22032970357208
3310,64.22032970357208
3310,64.22032970357208
3311,48.2646841832336
3311,48.2646841832336
3311,48.2646841832336
3311,48.2646841832336
3311,48.2646841832336
3312,32.30073722696575
3312,32.30073722696575
3312,32.30073722696575
3312,32.30073722696575
3312,32.30073722696575
3313,16.373798530076403
3313,16.373798530076403
3313,16.373798530076403
3313,16.373798530076403
3313,16.373798530076403
3314,16.36053912335144
3314,16.36053912335144
3314,16.36053912335144
3314,16.36053912335144
3314,16.36053912335144
3315,16.3280241967445
3315,16.3280241967445
3315,16.3280241967445
3315,16.3280241967445
3315,16.3280241967445
3316,16.377908574983117
3316,16.377908574983117
3316,16.377908574983117
3316,16.377908574983117
3316,16.377908574983117
3317,16.26392608024168
3317,16.26392608024168
3317,16.26392608024168
3317,16.26392608024168
3317,16.26392608024168
3318,16.25572241994551
3318,16.25572241994551
3318,16.25572241994551
3318,16.25572241994551
3318,16.25572241994551
3319,16.246133284717754
3319,16.246133284717754
3319,16.246133284717754
3319,16.246133284717754
3319,16.246133284717754
3320,19.862854825811493
3320,19.862854825811493
3320,19.862854825811493
3320,19.862854825811493
3320,19.862854825811493
3321,19.89423062805927
3321,19.89423062805927
3321,19.89423062805927
3321,19.89423062805927
3321,19.89423062805927
3322,19.93295087516566
3322,19.93295087516566
3322,19.93295087516566
3322,19.93295087516566
3322,19.93295087516566
3323,19.952729291271307
3323,19.952729291271307
3323,19.952729291271307
3323,19.952729291271307
3323,19.952729291271307
3324,35.896457573853
3324,35.896457573853
3324,35.896457573853
3324,35.896457573853
3324,35.896457573853
3325,35.92853476805437
3325,35.92853476805437
3325,35.92853476805437
3325,35.92853476805437
3325,35.92853476805437
3326,16.45427298327582
3326,16.45427298327582
3326,16.45427298327582
3326,16.45427298327582
3326,16.45427298327582
3327,35.93561178343977
3327,35.93561178343977
3327,35.93561178343977
3327,35.93561178343977
3327,35.93561178343977
3328,35.944597812217054
3328,35.944597812217054
3328,35.944597812217054
3328,35.944597812217054
3328,35.944597812217054
3329,35.9974286327508
3329,35.9974286327508
3329,35.9974286327508
3329,35.9974286327508
3329,35.9974286327508
3330,20.010300567491022
3330,20.010300567491022
3330,20.010300567491022
3330,20.010300567491022
3330,20.010300567491022
3331,19.996667660654914
3331,19.996667660654914
3331,19.996667660654914
3331,19.996667660654914
3331,19.996667660654914
3332,19.980562463626537
3332,19.980562463626537
3332,19.980562463626537
3332,19.980562463626537
3332,19.980562463626537
3333,19.964380829409684
3333,19.964380829409684
3333,19.964380829409684
3333,19.964380829409684
3333,19.964380829409684
3334,19.965011597445578
3334,19.965011597445578
3334,19.965011597445578
3334,19.965011597445578
3334,19.965011597445578
3335,51.933684461960425
3335,51.933684461960425
3335,51.933684461960425
3335,51.933684461960425
3335,51.933684461960425
3336,55.52302642234565
3336,55.52302642234565
3336,55.52302642234565
3336,55.52302642234565
3336,55.52302642234565
3337,51.89784143303971
3337,51.89784143303971
3337,51.89784143303971
3337,51.89784143303971
3337,51.89784143303971
3338,52.15056091425622
3338,52.15056091425622
3338,52.15056091425622
3338,52.15056091425622
3338,52.15056091425622
3339,52.13550371964796
3339,52.13550371964796
3339,52.13550371964796
3339,52.13550371964796
3339,52.13550371964796
3340,52.00137637822134
3340,52.00137637822134
3340,52.00137637822134
3340,52.00137637822134
3340,52.00137637822134
3341,48.37365622609482
3341,48.37365622609482
3341,48.37365622609482
3341,48.37365622609482
3341,48.37365622609482
3342,48.30861333587209
3342,48.30861333587209
3342,48.30861333587209
3342,48.30861333587209
3342,48.30861333587209
3343,32.43804633648728
3343,32.43804633648728
3343,32.43804633648728
3343,32.43804633648728
3343,32.43804633648728
3344,32.45176720223827
3344,32.45176720223827
3344,32.45176720223827
3344,32.45176720223827
3344,32.45176720223827
3345,16.53787756479843
3345,16.53787756479843
3345,16.53787756479843
3345,16.53787756479843
3345,16.53787756479843
3346,32.49411884448472
3346,32.49411884448472
3346,32.49411884448472
3346,32.49411884448472
3346,32.49411884448472
3347,55.562094817488344
3347,55.562094817488344
3347,55.562094817488344
3347,55.562094817488344
3347,55.562094817488344
3348,55.553125164032586
3348,55.553125164032586
3348,55.553125164032586
3348,55.553125164032586
3348,55.553125164032586
3349,68.00521676082684
3349,68.00521676082684
3349,68.00521676082684
3349,68.00521676082684
3349,68.00521676082684
3350,67.8403479067463
3350,67.8403479067463
3350,67.8403479067463
3350,67.8403479067463
3350,67.8403479067463
3351,51.86224728284945
3351,51.86224728284945
3351,51.86224728284945
3351,51.86224728284945
3351,51.86224728284945
3352,51.84900940127928
3352,51.84900940127928
3352,51.84900940127928
3352,51.84900940127928
3352,51.84900940127928
3353,35.9323354880121
3353,35.9323354880121
3353,35.9323354880121
3353,35.9323354880121
3353,35.9323354880121
3354,51.940262153400695
3354,51.940262153400695
3354,51.940262153400695
3354,51.940262153400695
3354,51.940262153400695
3355,51.968204662757216
3355,51.968204662757216
3355,51.968204662757216
3355,51.968204662757216
3355,51.968204662757216
3356,52.022379832543734
3356,52.022379832543734
3356,52.022379832543734
3356,52.022379832543734
3356,52.022379832543734
3357,52.05483627916825
3357,52.05483627916825
3357,52.05483627916825
3357,52.05483627916825
3357,52.05483627916825
3358,36.09437787782421
3358,36.09437787782421
3358,36.09437787782421
3358,36.09437787782421
3358,36.09437787782421
3359,36.0535265814732
3359,36.0535265814732
3359,36.0535265814732
3359,36.0535265814732
3359,36.0535265814732
3360,36.035752707311254
3360,36.035752707311254
3360,36.035752707311254
3360,36.035752707311254
3360,36.035752707311254
3361,32.465278158107424
3361,32.465278158107424
3361,32.465278158107424
3361,32.465278158107424
3361,32.465278158107424
3362,32.429361662770255
3362,32.429361662770255
3362,32.429361662770255
3362,32.429361662770255
3362,32.429361662770255
3363,32.37295317815377
3363,32.37295317815377
3363,32.37295317815377
3363,32.37295317815377
3363,32.37295317815377
3364,48.337620561967825
3364,48.337620561967825
3364,48.337620561967825
3364,48.337620561967825
3364,48.337620561967825
3365,48.35607844186265
3365,48.35607844186265
3365,48.35607844186265
3365,48.35607844186265
3365,48.35607844186265
3366,32.34954919777314
3366,32.34954919777314
3366,32.34954919777314
3366,32.34954919777314
3366,32.34954919777314
3367,36.0042219839849
3367,36.0042219839849
3367,36.0042219839849
3367,36.0042219839849
3367,36.0042219839849
3368,20.14210412655672
3368,20.14210412655672
3368,20.14210412655672
3368,20.14210412655672
3368,20.14210412655672
3369,20.25530014755131
3369,20.25530014755131
3369,20.25530014755131
3369,20.25530014755131
3369,20.25530014755131
3370,52.143920973948546
3370,52.143920973948546
3370,52.143920973948546
3370,52.143920973948546
3370,52.143920973948546
3371,55.76373359845329
3371,55.76373359845329
3371,55.76373359845329
3371,55.76373359845329
3371,55.76373359845329
3372,52.23885539706303
3372,52.23885539706303
3372,52.23885539706303
3372,52.23885539706303
3372,52.23885539706303
3373,52.06255116181073
3373,52.06255116181073
3373,52.06255116181073
3373,52.06255116181073
3373,52.06255116181073
3374,36.11357232438206
3374,36.11357232438206
3374,36.11357232438206
3374,36.11357232438206
3374,36.11357232438206
3375,32.542652549594344
3375,32.542652549594344
3375,32.542652549594344
3375,32.542652549594344
3375,32.542652549594344
3376,64.39870553659655
3376,64.39870553659655
3376,64.39870553659655
3376,64.39870553659655
3376,64.39870553659655
3377,68.06744868380993
3377,68.06744868380993
3377,68.06744868380993
3377,68.06744868380993
3377,68.06744868380993
3378,67.96798505398178
3378,67.96798505398178
3378,67.96798505398178
3378,67.96798505398178
3378,67.96798505398178
3379,64.32427808146994
3379,64.32427808146994
3379,64.32427808146994
3379,64.32427808146994
3379,64.32427808146994
3380,67.98059556832013
3380,67.98059556832013
3380,67.98059556832013
3380,67.98059556832013
3380,67.98059556832013
3381,71.74164571340847
3381,71.74164571340847
3381,71.74164571340847
3381,71.74164571340847
3381,71.74164571340847
3382,71.75135947508224
3382,71.75135947508224
3382,71.75135947508224
3382,71.75135947508224
3382,71.75135947508224
3383,71.68860832955437
3383,71.68860832955437
3383,71.68860832955437
3383,71.68860832955437
3383,71.68860832955437
3384,55.67181940052318
3384,55.67181940052318
3384,55.67181940052318
3384,55.67181940052318
3384,55.67181940052318
3385,55.65684985953946
3385,55.65684985953946
3385,55.65684985953946
3385,55.65684985953946
3385,55.65684985953946
3386,55.66101057250184
3386,55.66101057250184
3386,55.66101057250184
3386,55.66101057250184
3386,55.66101057250184
3387,59.297906264504476
3387,59.297906264504476
3387,59.297906264504476
3387,59.297906264504476
3387,59.297906264504476
3388,55.5767385651515
3388,55.5767385651515
3388,55.5767385651515
3388,55.5767385651515
3388,55.5767385651515
3389,55.57652059418846
3389,55.57652059418846
3389,55.57652059418846
3389,55.57652059418846
3389,55.57652059418846
3390,55.46863272345435
3390,55.46863272345435
3390,55.46863272345435
3390,55.46863272345435
3390,55.46863272345435
3391,59.037817460689986
3391,59.037817460689986
3391,59.037817460689986
3391,59.037817460689986
3391,59.037817460689986
3392,59.09710320983403
3392,59.09710320983403
3392,59.09710320983403
3392,59.09710320983403
3392,59.09710320983403
3393,39.51582051699209
3393,39.51582051699209
3393,39.51582051699209
3393,39.51582051699209
3393,39.51582051699209
3394,39.513832369886266
3394,39.513832369886266
3394,39.513832369886266
3394,39.513832369886266
3394,39.513832369886266
3395,39.53475683329551
3395,39.53475683329551
3395,39.53475683329551
3395,39.53475683329551
3395,39.53475683329551
3396,55.582576534480054
3396,55.582576534480054
3396,55.582576534480054
3396,55.582576534480054
3396,55.582576534480054
3397,39.60741739649229
3397,39.60741739649229
3397,39.60741739649229
3397,39.60741739649229
3397,39.60741739649229
3398,55.48492969747291
3398,55.48492969747291
3398,55.48492969747291
3398,55.48492969747291
3398,55.48492969747291
3399,55.48985842478528
3399,55.48985842478528
3399,55.48985842478528
3399,55.48985842478528
3399,55.48985842478528
3400,55.58739452754122
3400,55.58739452754122
3400,55.58739452754122
3400,55.58739452754122
3400,55.58739452754122
3401,55.564441024850325
3401,55.564441024850325
3401,55.564441024850325
3401,55.564441024850325
3401,55.564441024850325
3402,51.944583927162945
3402,51.944583927162945
3402,51.944583927162945
3402,51.944583927162945
3402,51.944583927162945
3403,36.03604657085907
3403,36.03604657085907
3403,36.03604657085907
3403,36.03604657085907
3403,36.03604657085907
3404,51.95086237299209
3404,51.95086237299209
3404,51.95086237299209
3404,51.95086237299209
3404,51.95086237299209
3405,51.80639402925139
3405,51.80639402925139
3405,51.80639402925139
3405,51.80639402925139
3405,51.80639402925139
3406,51.75884327379002
3406,51.75884327379002
3406,51.75884327379002
3406,51.75884327379002
3406,51.75884327379002
3407,51.780297974366036
3407,51.780297974366036
3407,51.780297974366036
3407,51.780297974366036
3407,51.780297974366036
3408,35.851870894286044
3408,35.851870894286044
3408,35.851870894286044
3408,35.851870894286044
3408,35.851870894286044
3409,51.84498173879415
3409,51.84498173879415
3409,51.84498173879415
3409,51.84498173879415
3409,51.84498173879415
3410,51.902811520010644
3410,51.902811520010644
3410,51.902811520010644
3410,51.902811520010644
3410,51.902811520010644
3411,83.87057626541761
3411,83.87057626541761
3411,83.87057626541761
3411,83.87057626541761
3411,83.87057626541761
3412,83.89544906872422
3412,83.89544906872422
3412,83.89544906872422
3412,83.89544906872422
3412,83.89544906872422
3413,68.03982139037892
3413,68.03982139037892
3413,68.03982139037892
3413,68.03982139037892
3413,68.03982139037892
3414,68.01845611324286
3414,68.01845611324286
3414,68.01845611324286
3414,68.01845611324286
3414,68.01845611324286
3415,52.00872300098011
3415,52.00872300098011
3415,52.00872300098011
3415,52.00872300098011
3415,52.00872300098011
3416,67.99962818461577
3416,67.99962818461577
3416,67.99962818461577
3416,67.99962818461577
3416,67.99962818461577
3417,52.02033208545994
3417,52.02033208545994
3417,52.02033208545994
3417,52.02033208545994
3417,52.02033208545994
3418,52.07427980005705
3418,52.07427980005705
3418,52.07427980005705
3418,52.07427980005705
3418,52.07427980005705
3419,52.090972262986135
3419,52.090972262986135
3419,52.090972262986135
3419,52.090972262986135
3419,52.090972262986135
3420,52.095735068719435
3420,52.095735068719435
3420,52.095735068719435
3420,52.095735068719435
3420,52.095735068719435
3421,35.97204295279102
3421,35.97204295279102
3421,35.97204295279102
3421,35.97204295279102
3421,35.97204295279102
3422,35.95390330060418
3422,35.95390330060418
3422,35.95390330060418
3422,35.95390330060418
3422,35.95390330060418
3423,35.94847563483024
3423,35.94847563483024
3423,35.94847563483024
3423,35.94847563483024
3423,35.94847563483024
3424,16.376353888944816
3424,16.376353888944816
3424,16.376353888944816
3424,16.376353888944816
3424,16.376353888944816
3425,16.373227894651485
3425,16.373227894651485
3425,16.373227894651485
3425,16.373227894651485
3425,16.373227894651485
3426,32.31825318227958
3426,32.31825318227958
3426,32.31825318227958
3426,32.31825318227958
3426,32.31825318227958
3427,32.33422906735267
3427,32.33422906735267
3427,32.33422906735267
3427,32.33422906735267
3427,32.33422906735267
3428,16.38553846073972
3428,16.38553846073972
3428,16.38553846073972
3428,16.38553846073972
3428,16.38553846073972
3429,16.471900729144505
3429,16.471900729144505
3429,16.471900729144505
3429,16.471900729144505
3429,16.471900729144505
3430,16.49580240185155
3430,16.49580240185155
3430,16.49580240185155
3430,16.49580240185155
3430,16.49580240185155
3431,16.48234343948134
3431,16.48234343948134
3431,16.48234343948134
3431,16.48234343948134
3431,16.48234343948134
3432,16.5075079608339
3432,16.5075079608339
3432,16.5075079608339
3432,16.5075079608339
3432,16.5075079608339
3433,16.48917918938444
3433,16.48917918938444
3433,16.48917918938444
3433,16.48917918938444
3433,16.48917918938444
3434,0.4589515431294406
3434,0.4589515431294406
3434,0.4589515431294406
3434,0.4589515431294406
3434,0.4589515431294406
3435,16.36171555163754
3435,16.36171555163754
3435,16.36171555163754
3435,16.36171555163754
3435,16.36171555163754
3436,32.26764186366352
3436,32.26764186366352
3436,32.26764186366352
3436,32.26764186366352
3436,32.26764186366352
3437,48.26388377191466
3437,48.26388377191466
3437,48.26388377191466
3437,48.26388377191466
3437,48.26388377191466
3438,48.24219228436538
3438,48.24219228436538
3438,48.24219228436538
3438,48.24219228436538
3438,48.24219228436538
3439,48.24189369078515
3439,48.24189369078515
3439,48.24189369078515
3439,48.24189369078515
3439,48.24189369078515
3440,16.3074782922697
3440,16.3074782922697
3440,16.3074782922697
3440,16.3074782922697
3440,16.3074782922697
3441,0.33934815837034327
3441,0.33934815837034327
3441,0.33934815837034327
3441,0.33934815837034327
3441,0.33934815837034327
3442,0.3331674780880726
3442,0.3331674780880726
3442,0.3331674780880726
3442,0.3331674780880726
3442,0.3331674780880726
3443,0.35601318961631684
3443,0.35601318961631684
3443,0.35601318961631684
3443,0.35601318961631684
3443,0.35601318961631684
3444,0.38129633229957016
3444,0.38129633229957016
3444,0.38129633229957016
3444,0.38129633229957016
3444,0.38129633229957016
3445,0.39272512744002025
3445,0.39272512744002025
3445,0.39272512744002025
3445,0.39272512744002025
3445,0.39272512744002025
3446,0.41484392723162483
3446,0.41484392723162483
3446,0.41484392723162483
3446,0.41484392723162483
3446,0.41484392723162483
3447,0.4251540814552108
3447,0.4251540814552108
3447,0.4251540814552108
3447,0.4251540814552108
3447,0.4251540814552108
3448,0.3745525998935655
3448,0.3745525998935655
3448,0.3745525998935655
3448,0.3745525998935655
3448,0.3745525998935655
3449,0.3677261328139044
3449,0.3677261328139044
3449,0.3677261328139044
3449,0.3677261328139044
3449,0.3677261328139044
3450,0.3334814848697789
3450,0.3334814848697789
3450,0.3334814848697789
3450,0.3334814848697789
3450,0.3334814848697789
3451,0.33689502690430634
3451,0.33689502690430634
3451,0.33689502690430634
3451,0.33689502690430634
3451,0.33689502690430634
3452,16.329734976461474
3452,16.329734976461474
3452,16.329734976461474
3452,16.329734976461474
3452,16.329734976461474
3453,16.377061147015198
3453,16.377061147015198
3453,16.377061147015198
3453,16.377061147015198
3453,16.377061147015198
3454,16.399970200558048
3454,16.399970200558048
3454,16.399970200558048
3454,16.399970200558048
3454,16.399970200558048
3455,32.3281399578485
3455,32.3281399578485
3455,32.3281399578485
3455,32.3281399578485
3455,32.3281399578485
3456,35.93859177493378
3456,35.93859177493378
3456,35.93859177493378
3456,35.93859177493378
3456,35.93859177493378
3457,19.98024448072051
3457,19.98024448072051
3457,19.98024448072051
3457,19.98024448072051
3457,19.98024448072051
3458,20.008762373221423
3458,20.008762373221423
3458,20.008762373221423
3458,20.008762373221423
3458,20.008762373221423
3459,32.37086879162132
3459,32.37086879162132
3459,32.37086879162132
3459,32.37086879162132
3459,32.37086879162132
3460,32.323184541857245
3460,32.323184541857245
3460,32.323184541857245
3460,32.323184541857245
3460,32.323184541857245
3461,32.316207346601004
3461,32.316207346601004
3461,32.316207346601004
3461,32.316207346601004
3461,32.316207346601004
3462,32.34134300023594
3462,32.34134300023594
3462,32.34134300023594
3462,32.34134300023594
3462,32.34134300023594
3463,32.33262332242342
3463,32.33262332242342
3463,32.33262332242342
3463,32.33262332242342
3463,32.33262332242342
3464,0.4481548636032642
3464,0.4481548636032642
3464,0.4481548636032642
3464,0.4481548636032642
3464,0.4481548636032642
3465,16.406076046571453
3465,16.406076046571453
3465,16.406076046571453
3465,16.406076046571453
3465,16.406076046571453
3466,16.40555059219019
3466,16.40555059219019
3466,16.40555059219019
3466,16.40555059219019
3466,16.40555059219019
3467,16.424388441810827
3467,16.424388441810827
3467,16.424388441810827
3467,16.424388441810827
3467,16.424388441810827
3468,16.43842953172517
3468,16.43842953172517
3468,16.43842953172517
3468,16.43842953172517
3468,16.43842953172517
3469,32.386844398282605
3469,32.386844398282605
3469,32.386844398282605
3469,32.386844398282605
3469,32.386844398282605
3470,32.381945057648025
3470,32.381945057648025
3470,32.381945057648025
3470,32.381945057648025
3470,32.381945057648025
3471,32.3763414061858
3471,32.3763414061858
3471,32.3763414061858
3471,32.3763414061858
3471,32.3763414061858
3472,16.44650492984549
3472,16.44650492984549
3472,16.44650492984549
3472,16.44650492984549
3472,16.44650492984549
3473,16.490699008113594
3473,16.490699008113594
3473,16.490699008113594
3473,16.490699008113594
3473,16.490699008113594
3474,32.38031692852493
3474,32.38031692852493
3474,32.38031692852493
3474,32.38031692852493
3474,32.38031692852493
3475,36.00168859577656
3475,36.00168859577656
3475,36.00168859577656
3475,36.00168859577656
3475,36.00168859577656
3476,36.0617660166691
3476,36.0617660166691
3476,36.0617660166691
3476,36.0617660166691
3476,36.0617660166691
3477,52.0088720124477
3477,52.0088720124477
3477,52.0088720124477
3477,52.0088720124477
3477,52.0088720124477
3478,36.07213035899369
3478,36.07213035899369
3478,36.07213035899369
3478,36.07213035899369
3478,36.07213035899369
3479,51.9950999836798
3479,51.9950999836798
3479,51.9950999836798
3479,51.9950999836798
3479,51.9950999836798
3480,36.02723225216408
3480,36.02723225216408
3480,36.02723225216408
3480,36.02723225216408
3480,36.02723225216408
3481,55.567886055460576
3481,55.567886055460576
3481,55.567886055460576
3481,55.567886055460576
3481,55.567886055460576
3482,55.516542901560776
3482,55.516542901560776
3482,55.516542901560776
3482,55.516542901560776
3482,55.516542901560776
3483,55.57734992740495
3483,55.57734992740495
3483,55.57734992740495
3483,55.57734992740495
3483,55.57734992740495
3484,55.591953105846144
3484,55.591953105846144
3484,55.591953105846144
3484,55.591953105846144
3484,55.591953105846144
3485,55.53176847278517
3485,55.53176847278517
3485,55.53176847278517
3485,55.53176847278517
3485,55.53176847278517
3486,55.55399877603453
3486,55.55399877603453
3486,55.55399877603453
3486,55.55399877603453
3486,55.55399877603453
3487,55.518200473915485
3487,55.518200473915485
3487,55.518200473915485
3487,55.518200473915485
3487,55.518200473915485
3488,55.585305785726916
3488,55.585305785726916
3488,55.585305785726916
3488,55.585305785726916
3488,55.585305785726916
3489,55.599991461623475
3489,55.599991461623475
3489,55.599991461623475
3489,55.599991461623475
3489,55.599991461623475
3490,51.9991129097635
3490,51.9991129097635
3490,51.9991129097635
3490,51.9991129097635
3490,51.9991129097635
3491,48.4862755484276
3491,48.4862755484276
3491,48.4862755484276
3491,48.4862755484276
3491,48.4862755484276
3492,48.40596900622626
3492,48.40596900622626
3492,48.40596900622626
3492,48.40596900622626
3492,48.40596900622626
3493,48.41062554098897
3493,48.41062554098897
3493,48.41062554098897
3493,48.41062554098897
3493,48.41062554098897
3494,48.411267845206524
3494,48.411267845206524
3494,48.411267845206524
3494,48.411267845206524
3494,48.411267845206524
3495,32.47222581691595
3495,32.47222581691595
3495,32.47222581691595
3495,32.47222581691595
3495,32.47222581691595
3496,32.476933156783296
3496,32.476933156783296
3496,32.476933156783296
3496,32.476933156783296
3496,32.476933156783296
3497,32.449753657594705
3497,32.449753657594705
3497,32.449753657594705
3497,32.449753657594705
3497,32.449753657594705
3498,32.455459186914574
3498,32.455459186914574
3498,32.455459186914574
3498,32.455459186914574
3498,32.455459186914574
3499,32.42973339846186
3499,32.42973339846186
3499,32.42973339846186
3499,32.42973339846186
3499,32.42973339846186
3500,36.151577076438926
3500,36.151577076438926
3500,36.151577076438926
3500,36.151577076438926
3500,36.151577076438926
3501,36.06870822822874
3501,36.06870822822874
3501,36.06870822822874
3501,36.06870822822874
3501,36.06870822822874
3502,36.08199443319162
3502,36.08199443319162
3502,36.08199443319162
3502,36.08199443319162
3502,36.08199443319162
3503,36.02666265687507
3503,36.02666265687507
3503,36.02666265687507
3503,36.02666265687507
3503,36.02666265687507
3504,36.01590755081746
3504,36.01590755081746
3504,36.01590755081746
3504,36.01590755081746
3504,36.01590755081746
3505,36.0314567591002
3505,36.0314567591002
3505,36.0314567591002
3505,36.0314567591002
3505,36.0314567591002
3506,36.08097688334746
3506,36.08097688334746
3506,36.08097688334746
3506,36.08097688334746
3506,36.08097688334746
3507,36.01364973098051
3507,36.01364973098051
3507,36.01364973098051
3507,36.01364973098051
3507,36.01364973098051
3508,36.0038089691899
3508,36.0038089691899
3508,36.0038089691899
3508,36.0038089691899
3508,36.0038089691899
3509,20.014228734136513
3509,20.014228734136513
3509,20.014228734136513
3509,20.014228734136513
3509,20.014228734136513
3510,32.38363034391636
3510,32.38363034391636
3510,32.38363034391636
3510,32.38363034391636
3510,32.38363034391636
3511,32.43164793709742
3511,32.43164793709742
3511,32.43164793709742
3511,32.43164793709742
3511,32.43164793709742
3512,36.0327445896412
3512,36.0327445896412
3512,36.0327445896412
3512,36.0327445896412
3512,36.0327445896412
3513,55.61951619816489
3513,55.61951619816489
3513,55.61951619816489
3513,55.61951619816489
3513,55.61951619816489
3514,55.62119660223251
3514,55.62119660223251
3514,55.62119660223251
3514,55.62119660223251
3514,55.62119660223251
3515,87.50834225022085
3515,87.50834225022085
3515,87.50834225022085
3515,87.50834225022085
3515,87.50834225022085
3516,87.58975912336084
3516,87.58975912336084
3516,87.58975912336084
3516,87.58975912336084
3516,87.58975912336084
3517,87.56225983571044
3517,87.56225983571044
3517,87.56225983571044
3517,87.56225983571044
3517,87.56225983571044
3518,87.5320086022407
3518,87.5320086022407
3518,87.5320086022407
3518,87.5320086022407
3518,87.5320086022407
3519,87.5246523492914
3519,87.5246523492914
3519,87.5246523492914
3519,87.5246523492914
3519,87.5246523492914
3520,91.20373625535245
3520,91.20373625535245
3520,91.20373625535245
3520,91.20373625535245
3520,91.20373625535245
3521,75.1700239040897
3521,75.1700239040897
3521,75.1700239040897
3521,75.1700239040897
3521,75.1700239040897
3522,39.67992423819491
3522,39.67992423819491
3522,39.67992423819491
3522,39.67992423819491
3522,39.67992423819491
3523,39.713210035275665
3523,39.713210035275665
3523,39.713210035275665
3523,39.713210035275665
3523,39.713210035275665
3524,39.78207574598084
3524,39.78207574598084
3524,39.78207574598084
3524,39.78207574598084
3524,39.78207574598084
3525,39.67599711897667
3525,39.67599711897667
3525,39.67599711897667
3525,39.67599711897667
3525,39.67599711897667
3526,39.63469155599811
3526,39.63469155599811
3526,39.63469155599811
3526,39.63469155599811
3526,39.63469155599811
3527,39.58618239886805
3527,39.58618239886805
3527,39.58618239886805
3527,39.58618239886805
3527,39.58618239886805
3528,39.61957540881737
3528,39.61957540881737
3528,39.61957540881737
3528,39.61957540881737
3528,39.61957540881737
3529,39.67205951576343
3529,39.67205951576343
3529,39.67205951576343
3529,39.67205951576343
3529,39.67205951576343
3530,39.66544969834991
3530,39.66544969834991
3530,39.66544969834991
3530,39.66544969834991
3530,39.66544969834991
3531,39.70234817205123
3531,39.70234817205123
3531,39.70234817205123
3531,39.70234817205123
3531,39.70234817205123
3532,39.711738129474895
3532,39.711738129474895
3532,39.711738129474895
3532,39.711738129474895
3532,39.711738129474895
3533,36.03960887484948
3533,36.03960887484948
3533,36.03960887484948
3533,36.03960887484948
3533,36.03960887484948
3534,36.079533471271105
3534,36.079533471271105
3534,36.079533471271105
3534,36.079533471271105
3534,36.079533471271105
3535,39.64458518038278
3535,39.64458518038278
3535,39.64458518038278
3535,39.64458518038278
3535,39.64458518038278
3536,35.99076114594245
3536,35.99076114594245
3536,35.99076114594245
3536,35.99076114594245
3536,35.99076114594245
3537,35.986256031561766
3537,35.986256031561766
3537,35.986256031561766
3537,35.986256031561766
3537,35.986256031561766
3538,32.42460232020452
3538,32.42460232020452
3538,32.42460232020452
3538,32.42460232020452
3538,32.42460232020452
3539,48.35728172015383
3539,48.35728172015383
3539,48.35728172015383
3539,48.35728172015383
3539,48.35728172015383
3540,48.392281603214904
3540,48.392281603214904
3540,48.392281603214904
3540,48.392281603214904
3540,48.392281603214904
3541,48.39184273819689
3541,48.39184273819689
3541,48.39184273819689
3541,48.39184273819689
3541,48.39184273819689
3542,32.412174527141175
3542,32.412174527141175
3542,32.412174527141175
3542,32.412174527141175
3542,32.412174527141175
3543,36.00748528289949
3543,36.00748528289949
3543,36.00748528289949
3543,36.00748528289949
3543,36.00748528289949
3544,32.42100800855856
3544,32.42100800855856
3544,32.42100800855856
3544,32.42100800855856
3544,32.42100800855856
3545,36.019476619174654
3545,36.019476619174654
3545,36.019476619174654
3545,36.019476619174654
3545,36.019476619174654
3546,36.00426504224605
3546,36.00426504224605
3546,36.00426504224605
3546,36.00426504224605
3546,36.00426504224605
3547,36.008987111283396
3547,36.008987111283396
3547,36.008987111283396
3547,36.008987111283396
3547,36.008987111283396
3548,36.039248925109646
3548,36.039248925109646
3548,36.039248925109646
3548,36.039248925109646
3548,36.039248925109646
3549,36.05046981227666
3549,36.05046981227666
3549,36.05046981227666
3549,36.05046981227666
3549,36.05046981227666
3550,51.99305577177836
3550,51.99305577177836
3550,51.99305577177836
3550,51.99305577177836
3550,51.99305577177836
3551,51.96755479362283
3551,51.96755479362283
3551,51.96755479362283
3551,51.96755479362283
3551,51.96755479362283
3552,36.020973139198546
3552,36.020973139198546
3552,36.020973139198546
3552,36.020973139198546
3552,36.020973139198546
3553,32.49966962719569
3553,32.49966962719569
3553,32.49966962719569
3553,32.49966962719569
3553,32.49966962719569
3554,32.479080198297495
3554,32.479080198297495
3554,32.479080198297495
3554,32.479080198297495
3554,32.479080198297495
3555,32.54506062427861
3555,32.54506062427861
3555,32.54506062427861
3555,32.54506062427861
3555,32.54506062427861
3556,48.464929474260536
3556,48.464929474260536
3556,48.464929474260536
3556,48.464929474260536
3556,48.464929474260536
3557,64.41074621019064
3557,64.41074621019064
3557,64.41074621019064
3557,64.41074621019064
3557,64.41074621019064
3558,67.94118283942699
3558,67.94118283942699
3558,67.94118283942699
3558,67.94118283942699
3558,67.94118283942699
3559,67.93636581738184
3559,67.93636581738184
3559,67.93636581738184
3559,67.93636581738184
3559,67.93636581738184
3560,71.5766144280864
3560,71.5766144280864
3560,71.5766144280864
3560,71.5766144280864
3560,71.5766144280864
3561,71.56349050716392
3561,71.56349050716392
3561,71.56349050716392
3561,71.56349050716392
3561,71.56349050716392
3562,71.5040378771316
3562,71.5040378771316
3562,71.5040378771316
3562,71.5040378771316
3562,71.5040378771316
3563,55.6186080929392
3563,55.6186080929392
3563,55.6186080929392
3563,55.6186080929392
3563,55.6186080929392
3564,67.85148389400533
3564,67.85148389400533
3564,67.85148389400533
3564,67.85148389400533
3564,67.85148389400533
3565,71.46674065554001
3565,71.46674065554001
3565,71.46674065554001
3565,71.46674065554001
3565,71.46674065554001
3566,71.45748537464809
3566,71.45748537464809
3566,71.45748537464809
3566,71.45748537464809
3566,71.45748537464809
3567,71.64000841690932
3567,71.64000841690932
3567,71.64000841690932
3567,71.64000841690932
3567,71.64000841690932
3568,71.657997439167
3568,71.657997439167
3568,71.657997439167
3568,71.657997439167
3568,71.657997439167
3569,71.67873342888399
3569,71.67873342888399
3569,71.67873342888399
3569,71.67873342888399
3569,71.67873342888399
3570,71.59564735132406
3570,71.59564735132406
3570,71.59564735132406
3570,71.59564735132406
3570,71.59564735132406
3571,71.56625977772259
3571,71.56625977772259
3571,71.56625977772259
3571,71.56625977772259
3571,71.56625977772259
3572,71.5045485536912
3572,71.5045485536912
3572,71.5045485536912
3572,71.5045485536912
3572,71.5045485536912
3573,51.92548518744964
3573,51.92548518744964
3573,51.92548518744964
3573,51.92548518744964
3573,51.92548518744964
3574,51.9019714947125
3574,51.9019714947125
3574,51.9019714947125
3574,51.9019714947125
3574,51.9019714947125
3575,55.47242007855234
3575,55.47242007855234
3575,55.47242007855234
3575,55.47242007855234
3575,55.47242007855234
3576,39.502926740820975
3576,39.502926740820975
3576,39.502926740820975
3576,39.502926740820975
3576,39.502926740820975
3577,55.392448194922245
3577,55.392448194922245
3577,55.392448194922245
3577,55.392448194922245
3577,55.392448194922245
3578,55.5018606938561
3578,55.5018606938561
3578,55.5018606938561
3578,55.5018606938561
3578,55.5018606938561
3579,55.57878998182365
3579,55.57878998182365
3579,55.57878998182365
3579,55.57878998182365
3579,55.57878998182365
3580,71.52814578942167
3580,71.52814578942167
3580,71.52814578942167
3580,71.52814578942167
3580,71.52814578942167
3581,71.52907967485571
3581,71.52907967485571
3581,71.52907967485571
3581,71.52907967485571
3581,71.52907967485571
3582,71.54046159646066
3582,71.54046159646066
3582,71.54046159646066
3582,71.54046159646066
3582,71.54046159646066
3583,67.86938306314879
3583,67.86938306314879
3583,67.86938306314879
3583,67.86938306314879
3583,67.86938306314879
3584,51.981204673597766
3584,51.981204673597766
3584,51.981204673597766
3584,51.981204673597766
3584,51.981204673597766
3585,51.99868122416564
3585,51.99868122416564
3585,51.99868122416564
3585,51.99868122416564
3585,51.99868122416564
3586,52.0672273006453
3586,52.0672273006453
3586,52.0672273006453
3586,52.0672273006453
3586,52.0672273006453
3587,52.03122463284253
3587,52.03122463284253
3587,52.03122463284253
3587,52.03122463284253
3587,52.03122463284253
3588,55.595563201764705
3588,55.595563201764705
3588,55.595563201764705
3588,55.595563201764705
3588,55.595563201764705
3589,55.53511634149845
3589,55.53511634149845
3589,55.53511634149845
3589,55.53511634149845
3589,55.53511634149845
3590,36.052942489497745
3590,36.052942489497745
3590,36.052942489497745
3590,36.052942489497745
3590,36.052942489497745
3591,20.104994952543056
3591,20.104994952543056
3591,20.104994952543056
3591,20.104994952543056
3591,20.104994952543056
3592,16.489112592172244
3592,16.489112592172244
3592,16.489112592172244
3592,16.489112592172244
3592,16.489112592172244
3593,32.4098664450676
3593,32.4098664450676
3593,32.4098664450676
3593,32.4098664450676
3593,32.4098664450676
3594,32.41707325730806
3594,32.41707325730806
3594,32.41707325730806
3594,32.41707325730806
3594,32.41707325730806
3595,35.993064089428614
3595,35.993064089428614
3595,35.993064089428614
3595,35.993064089428614
3595,35.993064089428614
3596,32.40699950348848
3596,32.40699950348848
3596,32.40699950348848
3596,32.40699950348848
3596,32.40699950348848
3597,32.3659728249119
3597,32.3659728249119
3597,32.3659728249119
3597,32.3659728249119
3597,32.3659728249119
3598,32.42852265444863
3598,32.42852265444863
3598,32.42852265444863
3598,32.42852265444863
3598,32.42852265444863
3599,36.0731505847517
3599,36.0731505847517
3599,36.0731505847517
3599,36.0731505847517
3599,36.0731505847517
3600,36.110638193408015
3600,36.110638193408015
3600,36.110638193408015
3600,36.110638193408015
3600,36.110638193408015
3601,36.033914059772705
3601,36.033914059772705
3601,36.033914059772705
3601,36.033914059772705
3601,36.033914059772705
3602,32.31571824269929
3602,32.31571824269929
3602,32.31571824269929
3602,32.31571824269929
3602,32.31571824269929
3603,32.336544736893984
3603,32.336544736893984
3603,32.336544736893984
3603,32.336544736893984
3603,32.336544736893984
3604,51.88910778105653
3604,51.88910778105653
3604,51.88910778105653
3604,51.88910778105653
3604,51.88910778105653
3605,51.91867329173967
3605,51.91867329173967
3605,51.91867329173967
3605,51.91867329173967
3605,51.91867329173967
3606,51.92732933438434
3606,51.92732933438434
3606,51.92732933438434
3606,51.92732933438434
3606,51.92732933438434
3607,51.86309521394825
3607,51.86309521394825
3607,51.86309521394825
3607,51.86309521394825
3607,51.86309521394825
3608,51.901303400010065
3608,51.901303400010065
3608,51.901303400010065
3608,51.901303400010065
3608,51.901303400010065
3609,51.92715666536477
3609,51.92715666536477
3609,51.92715666536477
3609,51.92715666536477
3609,51.92715666536477
3610,51.900771538991464
3610,51.900771538991464
3610,51.900771538991464
3610,51.900771538991464
3610,51.900771538991464
3611,51.89056963006826
3611,51.89056963006826
3611,51.89056963006826
3611,51.89056963006826
3611,51.89056963006826
3612,51.92978452608422
3612,51.92978452608422
3612,51.92978452608422
3612,51.92978452608422
3612,51.92978452608422
3613,35.99586687154361
3613,35.99586687154361
3613,35.99586687154361
3613,35.99586687154361
3613,35.99586687154361
3614,36.145836735779284
3614,36.145836735779284
3614,36.145836735779284
3614,36.145836735779284
3614,36.145836735779284
3615,36.16572868306906
3615,36.16572868306906
3615,36.16572868306906
3615,36.16572868306906
3615,36.16572868306906
3616,36.180973915391824
3616,36.180973915391824
3616,36.180973915391824
3616,36.180973915391824
3616,36.180973915391824
3617,36.15320131531108
3617,36.15320131531108
3617,36.15320131531108
3617,36.15320131531108
3617,36.15320131531108
3618,36.11926891158312
3618,36.11926891158312
3618,36.11926891158312
3618,36.11926891158312
3618,36.11926891158312
3619,36.131614451348284
3619,36.131614451348284
3619,36.131614451348284
3619,36.131614451348284
3619,36.131614451348284
3620,52.03212940646161
3620,52.03212940646161
3620,52.03212940646161
3620,52.03212940646161
3620,52.03212940646161
3621,36.11202488210361
3621,36.11202488210361
3621,36.11202488210361
3621,36.11202488210361
3621,36.11202488210361
3622,52.01613755055921
3622,52.01613755055921
3622,52.01613755055921
3622,52.01613755055921
3622,52.01613755055921
3623,52.00724567401586
3623,52.00724567401586
3623,52.00724567401586
3623,52.00724567401586
3623,52.00724567401586
3624,48.44017662310386
3624,48.44017662310386
3624,48.44017662310386
3624,48.44017662310386
3624,48.44017662310386
3625,32.40478618802446
3625,32.40478618802446
3625,32.40478618802446
3625,32.40478618802446
3625,32.40478618802446
3626,36.002909139217586
3626,36.002909139217586
3626,36.002909139217586
3626,36.002909139217586
3626,36.002909139217586
3627,48.33026165478797
3627,48.33026165478797
3627,48.33026165478797
3627,48.33026165478797
3627,48.33026165478797
3628,64.25043980554435
3628,64.25043980554435
3628,64.25043980554435
3628,64.25043980554435
3628,64.25043980554435
3629,64.33508028704989
3629,64.33508028704989
3629,64.33508028704989
3629,64.33508028704989
3629,64.33508028704989
3630,67.94247562172902
3630,67.94247562172902
3630,67.94247562172902
3630,67.94247562172902
3630,67.94247562172902
3631,67.99365647320093
3631,67.99365647320093
3631,67.99365647320093
3631,67.99365647320093
3631,67.99365647320093
3632,68.0422439405241
3632,68.0422439405241
3632,68.0422439405241
3632,68.0422439405241
3632,68.0422439405241
3633,68.06713041012658
3633,68.06713041012658
3633,68.06713041012658
3633,68.06713041012658
3633,68.06713041012658
3634,64.4861572981807
3634,64.4861572981807
3634,64.4861572981807
3634,64.4861572981807
3634,64.4861572981807
3635,68.11165595175756
3635,68.11165595175756
3635,68.11165595175756
3635,68.11165595175756
3635,68.11165595175756
3636,52.051908887567535
3636,52.051908887567535
3636,52.051908887567535
3636,52.051908887567535
3636,52.051908887567535
3637,52.000967958736524
3637,52.000967958736524
3637,52.000967958736524
3637,52.000967958736524
3637,52.000967958736524
3638,52.02427503967819
3638,52.02427503967819
3638,52.02427503967819
3638,52.02427503967819
3638,52.02427503967819
3639,39.671235860431324
3639,39.671235860431324
3639,39.671235860431324
3639,39.671235860431324
3639,39.671235860431324
3640,36.065084825538136
3640,36.065084825538136
3640,36.065084825538136
3640,36.065084825538136
3640,36.065084825538136
3641,20.115274559342744
3641,20.115274559342744
3641,20.115274559342744
3641,20.115274559342744
3641,20.115274559342744
3642,36.064454349926734
3642,36.064454349926734
3642,36.064454349926734
3642,36.064454349926734
3642,36.064454349926734
3643,39.680753008781274
3643,39.680753008781274
3643,39.680753008781274
3643,39.680753008781274
3643,39.680753008781274
3644,39.599452236015395
3644,39.599452236015395
3644,39.599452236015395
3644,39.599452236015395
3644,39.599452236015395
3645,36.02343423959869
3645,36.02343423959869
3645,36.02343423959869
3645,36.02343423959869
3645,36.02343423959869
3646,32.43987261709974
3646,32.43987261709974
3646,32.43987261709974
3646,32.43987261709974
3646,32.43987261709974
3647,55.55364415061374
3647,55.55364415061374
3647,55.55364415061374
3647,55.55364415061374
3647,55.55364415061374
3648,55.535532814285
3648,55.535532814285
3648,55.535532814285
3648,55.535532814285
3648,55.535532814285
3649,67.79793825810822
3649,67.79793825810822
3649,67.79793825810822
3649,67.79793825810822
3649,67.79793825810822
3650,75.27225793985247
3650,75.27225793985247
3650,75.27225793985247
3650,75.27225793985247
3650,75.27225793985247
3651,75.30602933222374
3651,75.30602933222374
3651,75.30602933222374
3651,75.30602933222374
3651,75.30602933222374
3652,71.55175855305055
3652,71.55175855305055
3652,71.55175855305055
3652,71.55175855305055
3652,71.55175855305055
3653,55.63638561794735
3653,55.63638561794735
3653,55.63638561794735
3653,55.63638561794735
3653,55.63638561794735
3654,55.687496288197316
3654,55.687496288197316
3654,55.687496288197316
3654,55.687496288197316
3654,55.687496288197316
3655,55.685569410849624
3655,55.685569410849624
3655,55.685569410849624
3655,55.685569410849624
3655,55.685569410849624
3656,55.67363516155565
3656,55.67363516155565
3656,55.67363516155565
3656,55.67363516155565
3656,55.67363516155565
3657,55.55050852190142
3657,55.55050852190142
3657,55.55050852190142
3657,55.55050852190142
3657,55.55050852190142
3658,55.59585707250555
3658,55.59585707250555
3658,55.59585707250555
3658,55.59585707250555
3658,55.59585707250555
3659,75.19418115289356
3659,75.19418115289356
3659,75.19418115289356
3659,75.19418115289356
3659,75.19418115289356
3660,75.15084401024316
3660,75.15084401024316
3660,75.15084401024316
3660,75.15084401024316
3660,75.15084401024316
3661,75.07121967970383
3661,75.07121967970383
3661,75.07121967970383
3661,75.07121967970383
3661,75.07121967970383
3662,71.43324972977095
3662,71.43324972977095
3662,71.43324972977095
3662,71.43324972977095
3662,71.43324972977095
3663,71.43453935671593
3663,71.43453935671593
3663,71.43453935671593
3663,71.43453935671593
3663,71.43453935671593
3664,71.44714060195705
3664,71.44714060195705
3664,71.44714060195705
3664,71.44714060195705
3664,71.44714060195705
3665,71.40621725769476
3665,71.40621725769476
3665,71.40621725769476
3665,71.40621725769476
3665,71.40621725769476
3666,67.7625278226599
3666,67.7625278226599
3666,67.7625278226599
3666,67.7625278226599
3666,67.7625278226599
3667,67.74117836407808
3667,67.74117836407808
3667,67.74117836407808
3667,67.74117836407808
3667,67.74117836407808
3668,67.77791391211285
3668,67.77791391211285
3668,67.77791391211285
3668,67.77791391211285
3668,67.77791391211285
3669,67.81817947340086
3669,67.81817947340086
3669,67.81817947340086
3669,67.81817947340086
3669,67.81817947340086
3670,67.7664367661007
3670,67.7664367661007
3670,67.7664367661007
3670,67.7664367661007
3670,67.7664367661007
3671,71.42124123448852
3671,71.42124123448852
3671,71.42124123448852
3671,71.42124123448852
3671,71.42124123448852
3672,71.47183956567865
3672,71.47183956567865
3672,71.47183956567865
3672,71.47183956567865
3672,71.47183956567865
3673,71.44806809759653
3673,71.44806809759653
3673,71.44806809759653
3673,71.44806809759653
3673,71.44806809759653
3674,71.50459891439
3674,71.50459891439
3674,71.50459891439
3674,71.50459891439
3674,71.50459891439
3675,71.48429813274207
3675,71.48429813274207
3675,71.48429813274207
3675,71.48429813274207
3675,71.48429813274207
3676,71.44106411897897
3676,71.44106411897897
3676,71.44106411897897
3676,71.44106411897897
3676,71.44106411897897
3677,71.42106882458135
3677,71.42106882458135
3677,71.42106882458135
3677,71.42106882458135
3677,71.42106882458135
3678,55.43321407788003
3678,55.43321407788003
3678,55.43321407788003
3678,55.43321407788003
3678,55.43321407788003
3679,55.377554687838355
3679,55.377554687838355
3679,55.377554687838355
3679,55.377554687838355
3679,55.377554687838355
3680,39.456472994490795
3680,39.456472994490795
3680,39.456472994490795
3680,39.456472994490795
3680,39.456472994490795
3681,39.527675919054715
3681,39.527675919054715
3681,39.527675919054715
3681,39.527675919054715
3681,39.527675919054715
3682,55.477913129648485
3682,55.477913129648485
3682,55.477913129648485
3682,55.477913129648485
3682,55.477913129648485
3683,55.56866782461104
3683,55.56866782461104
3683,55.56866782461104
3683,55.56866782461104
3683,55.56866782461104
3684,52.00387093231019
3684,52.00387093231019
3684,52.00387093231019
3684,52.00387093231019
3684,52.00387093231019
3685,52.040172337880236
3685,52.040172337880236
3685,52.040172337880236
3685,52.040172337880236
3685,52.040172337880236
3686,48.46316247623511
3686,48.46316247623511
3686,48.46316247623511
3686,48.46316247623511
3686,48.46316247623511
3687,52.01197390744454
3687,52.01197390744454
3687,52.01197390744454
3687,52.01197390744454
3687,52.01197390744454
3688,52.01981138729751
3688,52.01981138729751
3688,52.01981138729751
3688,52.01981138729751
3688,52.01981138729751
3689,51.87202471127456
3689,51.87202471127456
3689,51.87202471127456
3689,51.87202471127456
3689,51.87202471127456
3690,51.96620640551838
3690,51.96620640551838
3690,51.96620640551838
3690,51.96620640551838
3690,51.96620640551838
3691,55.579938282800164
3691,55.579938282800164
3691,55.579938282800164
3691,55.579938282800164
3691,55.579938282800164
3692,59.20374658835741
3692,59.20374658835741
3692,59.20374658835741
3692,59.20374658835741
3692,59.20374658835741
3693,59.24908896647766
3693,59.24908896647766
3693,59.24908896647766
3693,59.24908896647766
3693,59.24908896647766
3694,59.245184018383064
3694,59.245184018383064
3694,59.245184018383064
3694,59.245184018383064
3694,59.245184018383064
3695,75.14616686360027
3695,75.14616686360027
3695,75.14616686360027
3695,75.14616686360027
3695,75.14616686360027
3696,75.14144279930419
3696,75.14144279930419
3696,75.14144279930419
3696,75.14144279930419
3696,75.14144279930419
3697,75.13312498262515
3697,75.13312498262515
3697,75.13312498262515
3697,75.13312498262515
3697,75.13312498262515
3698,71.51169944336135
3698,71.51169944336135
3698,71.51169944336135
3698,71.51169944336135
3698,71.51169944336135
3699,64.29673096572402
3699,64.29673096572402
3699,64.29673096572402
3699,64.29673096572402
3699,64.29673096572402
3700,51.92325888747522
3700,51.92325888747522
3700,51.92325888747522
3700,51.92325888747522
3700,51.92325888747522
3701,55.49520882582901
3701,55.49520882582901
3701,55.49520882582901
3701,55.49520882582901
3701,55.49520882582901
3702,55.561554799156895
3702,55.561554799156895
3702,55.561554799156895
3702,55.561554799156895
3702,55.561554799156895
3703,52.036735409265
3703,52.036735409265
3703,52.036735409265
3703,52.036735409265
3703,52.036735409265
3704,36.137921098862584
3704,36.137921098862584
3704,36.137921098862584
3704,36.137921098862584
3704,36.137921098862584
3705,36.14259329667784
3705,36.14259329667784
3705,36.14259329667784
3705,36.14259329667784
3705,36.14259329667784
3706,36.09594715163336
3706,36.09594715163336
3706,36.09594715163336
3706,36.09594715163336
3706,36.09594715163336
3707,36.05459487354238
3707,36.05459487354238
3707,36.05459487354238
3707,36.05459487354238
3707,36.05459487354238
3708,36.068519427643814
3708,36.068519427643814
3708,36.068519427643814
3708,36.068519427643814
3708,36.068519427643814
3709,55.60450083693532
3709,55.60450083693532
3709,55.60450083693532
3709,55.60450083693532
3709,55.60450083693532
3710,55.61885971914593
3710,55.61885971914593
3710,55.61885971914593
3710,55.61885971914593
3710,55.61885971914593
3711,55.66768128209759
3711,55.66768128209759
3711,55.66768128209759
3711,55.66768128209759
3711,55.66768128209759
3712,55.677464118916134
3712,55.677464118916134
3712,55.677464118916134
3712,55.677464118916134
3712,55.677464118916134
3713,52.06983881445069
3713,52.06983881445069
3713,52.06983881445069
3713,52.06983881445069
3713,52.06983881445069
3714,52.07984407200975
3714,52.07984407200975
3714,52.07984407200975
3714,52.07984407200975
3714,52.07984407200975
3715,68.03596764273138
3715,68.03596764273138
3715,68.03596764273138
3715,68.03596764273138
3715,68.03596764273138
3716,52.14332255041993
3716,52.14332255041993
3716,52.14332255041993
3716,52.14332255041993
3716,52.14332255041993
3717,52.20799507231867
3717,52.20799507231867
3717,52.20799507231867
3717,52.20799507231867
3717,52.20799507231867
3718,52.19565592361705
3718,52.19565592361705
3718,52.19565592361705
3718,52.19565592361705
3718,52.19565592361705
3719,68.09911566631999
3719,68.09911566631999
3719,68.09911566631999
3719,68.09911566631999
3719,68.09911566631999
3720,68.01018520518822
3720,68.01018520518822
3720,68.01018520518822
3720,68.01018520518822
3720,68.01018520518822
3721,67.95594283643666
3721,67.95594283643666
3721,67.95594283643666
3721,67.95594283643666
3721,67.95594283643666
3722,75.1080695500919
3722,75.1080695500919
3722,75.1080695500919
3722,75.1080695500919
3722,75.1080695500919
3723,75.07738033083606
3723,75.07738033083606
3723,75.07738033083606
3723,75.07738033083606
3723,75.07738033083606
3724,59.13303439644674
3724,59.13303439644674
3724,59.13303439644674
3724,59.13303439644674
3724,59.13303439644674
3725,59.095438289889955
3725,59.095438289889955
3725,59.095438289889955
3725,59.095438289889955
3725,59.095438289889955
3726,59.13216075783801
3726,59.13216075783801
3726,59.13216075783801
3726,59.13216075783801
3726,59.13216075783801
3727,59.13540452090854
3727,59.13540452090854
3727,59.13540452090854
3727,59.13540452090854
3727,59.13540452090854
3728,59.196188184678284
3728,59.196188184678284
3728,59.196188184678284
3728,59.196188184678284
3728,59.196188184678284
3729,59.22810708648219
3729,59.22810708648219
3729,59.22810708648219
3729,59.22810708648219
3729,59.22810708648219
3730,59.23383788673109
3730,59.23383788673109
3730,59.23383788673109
3730,59.23383788673109
3730,59.23383788673109
3731,59.213540728808674
3731,59.213540728808674
3731,59.213540728808674
3731,59.213540728808674
3731,59.213540728808674
3732,55.55084740139465
3732,55.55084740139465
3732,55.55084740139465
3732,55.55084740139465
3732,55.55084740139465
3733,39.631386724587934
3733,39.631386724587934
3733,39.631386724587934
3733,39.631386724587934
3733,39.631386724587934
3734,36.034832340861776
3734,36.034832340861776
3734,36.034832340861776
3734,36.034832340861776
3734,36.034832340861776
3735,36.02625557911578
3735,36.02625557911578
3735,36.02625557911578
3735,36.02625557911578
3735,36.02625557911578
3736,55.50522240187006
3736,55.50522240187006
3736,55.50522240187006
3736,55.50522240187006
3736,55.50522240187006
3737,71.50151992555277
3737,71.50151992555277
3737,71.50151992555277
3737,71.50151992555277
3737,71.50151992555277
3738,71.51404218095342
3738,71.51404218095342
3738,71.51404218095342
3738,71.51404218095342
3738,71.51404218095342
3739,67.85282843493931
3739,67.85282843493931
3739,67.85282843493931
3739,67.85282843493931
3739,67.85282843493931
3740,83.76472238131724
3740,83.76472238131724
3740,83.76472238131724
3740,83.76472238131724
3740,83.76472238131724
3741,67.78305302393797
3741,67.78305302393797
3741,67.78305302393797
3741,67.78305302393797
3741,67.78305302393797
3742,64.2081523823112
3742,64.2081523823112
3742,64.2081523823112
3742,64.2081523823112
3742,64.2081523823112
3743,80.17924096258106
3743,80.17924096258106
3743,80.17924096258106
3743,80.17924096258106
3743,80.17924096258106
3744,80.26709008805396
3744,80.26709008805396
3744,80.26709008805396
3744,80.26709008805396
3744,80.26709008805396
3745,80.32137141382564
3745,80.32137141382564
3745,80.32137141382564
3745,80.32137141382564
3745,80.32137141382564
3746,48.437987860597055
3746,48.437987860597055
3746,48.437987860597055
3746,48.437987860597055
3746,48.437987860597055
3747,48.34103251062552
3747,48.34103251062552
3747,48.34103251062552
3747,48.34103251062552
3747,48.34103251062552
3748,48.35062024993956
3748,48.35062024993956
3748,48.35062024993956
3748,48.35062024993956
3748,48.35062024993956
3749,16.44174579585809
3749,16.44174579585809
3749,16.44174579585809
3749,16.44174579585809
3749,16.44174579585809
3750,16.457926798872563
3750,16.457926798872563
3750,16.457926798872563
3750,16.457926798872563
3750,16.457926798872563
3751,0.5246865758976611
3751,0.5246865758976611
3751,0.5246865758976611
3751,0.5246865758976611
3751,0.5246865758976611
3752,0.50013930434145
3752,0.50013930434145
3752,0.50013930434145
3752,0.50013930434145
3752,0.50013930434145
3753,0.48407210708263027
3753,0.48407210708263027
3753,0.48407210708263027
3753,0.48407210708263027
3753,0.48407210708263027
3754,0.5031840436873979
3754,0.5031840436873979
3754,0.5031840436873979
3754,0.5031840436873979
3754,0.5031840436873979
3755,0.48744479266328966
3755,0.48744479266328966
3755,0.48744479266328966
3755,0.48744479266328966
3755,0.48744479266328966
3756,0.46995656706606626
3756,0.46995656706606626
3756,0.46995656706606626
3756,0.46995656706606626
3756,0.46995656706606626
3757,0.4435641659038124
3757,0.4435641659038124
3757,0.4435641659038124
3757,0.4435641659038124
3757,0.4435641659038124
3758,0.46053447604658315
3758,0.46053447604658315
3758,0.46053447604658315
3758,0.46053447604658315
3758,0.46053447604658315
3759,0.47146110485396003
3759,0.47146110485396003
3759,0.47146110485396003
3759,0.47146110485396003
3759,0.47146110485396003
3760,0.43458417053647447
3760,0.43458417053647447
3760,0.43458417053647447
3760,0.43458417053647447
3760,0.43458417053647447
3761,0.3923061042966383
3761,0.3923061042966383
3761,0.3923061042966383
3761,0.3923061042966383
3761,0.3923061042966383
3762,0.3273880951363386
3762,0.3273880951363386
3762,0.3273880951363386
3762,0.3273880951363386
3762,0.3273880951363386
3763,0.27689551833217363
3763,0.27689551833217363
3763,0.27689551833217363
3763,0.27689551833217363
3763,0.27689551833217363
3764,0.22152990478554405
3764,0.22152990478554405
3764,0.22152990478554405
3764,0.22152990478554405
3764,0.22152990478554405
3765,0.24778403194710757
3765,0.24778403194710757
3765,0.24778403194710757
3765,0.24778403194710757
3765,0.24778403194710757
3766,0.300480728501065
3766,0.300480728501065
3766,0.300480728501065
3766,0.300480728501065
3766,0.300480728501065
3767,0.34120438845073775
3767,0.34120438845073775
3767,0.34120438845073775
3767,0.34120438845073775
3767,0.34120438845073775
3768,0.3624799868634782
3768,0.3624799868634782
3768,0.3624799868634782
3768,0.3624799868634782
3768,0.3624799868634782
3769,16.347554494010517
3769,16.347554494010517
3769,16.347554494010517
3769,16.347554494010517
3769,16.347554494010517
3770,16.346388928060883
3770,16.346388928060883
3770,16.346388928060883
3770,16.346388928060883
3770,16.346388928060883
3771,16.38266083445867
3771,16.38266083445867
3771,16.38266083445867
3771,16.38266083445867
3771,16.38266083445867
3772,16.37866725635697
3772,16.37866725635697
3772,16.37866725635697
3772,16.37866725635697
3772,16.37866725635697
3773,0.42583073495690904
3773,0.42583073495690904
3773,0.42583073495690904
3773,0.42583073495690904
3773,0.42583073495690904
3774,0.4599644189448354
3774,0.4599644189448354
3774,0.4599644189448354
3774,0.4599644189448354
3774,0.4599644189448354
3775,0.4863198385114714
3775,0.4863198385114714
3775,0.4863198385114714
3775,0.4863198385114714
3775,0.4863198385114714
3776,0.46140206351089724
3776,0.46140206351089724
3776,0.46140206351089724
3776,0.46140206351089724
3776,0.46140206351089724
3777,0.41642297800203887
3777,0.41642297800203887
3777,0.41642297800203887
3777,0.41642297800203887
3777,0.41642297800203887
3778,0.40346293264593164
3778,0.40346293264593164
3778,0.40346293264593164
3778,0.40346293264593164
3778,0.40346293264593164
3779,0.4256171129211463
3779,0.4256171129211463
3779,0.4256171129211463
3779,0.4256171129211463
3779,0.4256171129211463
3780,0.42244072853556414
3780,0.42244072853556414
3780,0.42244072853556414
3780,0.42244072853556414
3780,0.42244072853556414
3781,0.3863657813714477
3781,0.3863657813714477
3781,0.3863657813714477
3781,0.3863657813714477
3781,0.3863657813714477
3782,0.33731238184181916
3782,0.33731238184181916
3782,0.33731238184181916
3782,0.33731238184181916
3782,0.33731238184181916
3783,16.331399857521838
3783,16.331399857521838
3783,16.331399857521838
3783,16.331399857521838
3783,16.331399857521838
3784,16.35735347065802
3784,16.35735347065802
3784,16.35735347065802
3784,16.35735347065802
3784,16.35735347065802
3785,16.39213239413431
3785,16.39213239413431
3785,16.39213239413431
3785,16.39213239413431
3785,16.39213239413431
3786,16.380030217975772
3786,16.380030217975772
3786,16.380030217975772
3786,16.380030217975772
3786,16.380030217975772
3787,0.3703093261778925
3787,0.3703093261778925
3787,0.3703093261778925
3787,0.3703093261778925
3787,0.3703093261778925
3788,0.3403960713569572
3788,0.3403960713569572
3788,0.3403960713569572
3788,0.3403960713569572
3788,0.3403960713569572
3789,0.32583783745479483
3789,0.32583783745479483
3789,0.32583783745479483
3789,0.32583783745479483
3789,0.32583783745479483
3790,16.31402319611703
3790,16.31402319611703
3790,16.31402319611703
3790,16.31402319611703
3790,16.31402319611703
3791,16.29840423710521
3791,16.29840423710521
3791,16.29840423710521
3791,16.29840423710521
3791,16.29840423710521
3792,16.30473937024964
3792,16.30473937024964
3792,16.30473937024964
3792,16.30473937024964
3792,16.30473937024964
3793,16.29282055393177
3793,16.29282055393177
3793,16.29282055393177
3793,16.29282055393177
3793,16.29282055393177
3794,16.333650200925522
3794,16.333650200925522
3794,16.333650200925522
3794,16.333650200925522
3794,16.333650200925522
3795,32.2742151127898
3795,32.2742151127898
3795,32.2742151127898
3795,32.2742151127898
3795,32.2742151127898
3796,32.31976968626568
3796,32.31976968626568
3796,32.31976968626568
3796,32.31976968626568
3796,32.31976968626568
3797,32.33271947203811
3797,32.33271947203811
3797,32.33271947203811
3797,32.33271947203811
3797,32.33271947203811
3798,32.30687952101314
3798,32.30687952101314
3798,32.30687952101314
3798,32.30687952101314
3798,32.30687952101314
3799,32.31161969681649
3799,32.31161969681649
3799,32.31161969681649
3799,32.31161969681649
3799,32.31161969681649
3800,16.338183024044973
3800,16.338183024044973
3800,16.338183024044973
3800,16.338183024044973
3800,16.338183024044973
3801,16.282927679425086
3801,16.282927679425086
3801,16.282927679425086
3801,16.282927679425086
3801,16.282927679425086
3802,0.3693873946503538
3802,0.3693873946503538
3802,0.3693873946503538
3802,0.3693873946503538
3802,0.3693873946503538
3803,16.335028107846558
3803,16.335028107846558
3803,16.335028107846558
3803,16.335028107846558
3803,16.335028107846558
3804,16.30605387254253
3804,16.30605387254253
3804,16.30605387254253
3804,16.30605387254253
3804,16.30605387254253
3805,0.3856622061015501
3805,0.3856622061015501
3805,0.3856622061015501
3805,0.3856622061015501
3805,0.3856622061015501
3806,0.35230762116488934
3806,0.35230762116488934
3806,0.35230762116488934
3806,0.35230762116488934
3806,0.35230762116488934
3807,0.3543579123908492
3807,0.3543579123908492
3807,0.3543579123908492
3807,0.3543579123908492
3807,0.3543579123908492
3808,0.33514729413935773
3808,0.33514729413935773
3808,0.33514729413935773
3808,0.33514729413935773
3808,0.33514729413935773
3809,0.3344912450056454
3809,0.3344912450056454
3809,0.3344912450056454
3809,0.3344912450056454
3809,0.3344912450056454
3810,0.31031232613905707
3810,0.31031232613905707
3810,0.31031232613905707
3810,0.31031232613905707
3810,0.31031232613905707
3811,0.31027497331530507
3811,0.31027497331530507
3811,0.31027497331530507
3811,0.31027497331530507
3811,0.31027497331530507
3812,0.3369767865342138
3812,0.3369767865342138
3812,0.3369767865342138
3812,0.3369767865342138
3812,0.3369767865342138
3813,0.35674015622872696
3813,0.35674015622872696
3813,0.35674015622872696
3813,0.35674015622872696
3813,0.35674015622872696
3814,0.37432409098968744
3814,0.37432409098968744
3814,0.37432409098968744
3814,0.37432409098968744
3814,0.37432409098968744
3815,16.341894638179404
3815,16.341894638179404
3815,16.341894638179404
3815,16.341894638179404
3815,16.341894638179404
3816,16.358655799113755
3816,16.358655799113755
3816,16.358655799113755
3816,16.358655799113755
3816,16.358655799113755
3817,16.31997872596224
3817,16.31997872596224
3817,16.31997872596224
3817,16.31997872596224
3817,16.31997872596224
3818,16.27291845920164
3818,16.27291845920164
3818,16.27291845920164
3818,16.27291845920164
3818,16.27291845920164
3819,16.286611431841656
3819,16.286611431841656
3819,16.286611431841656
3819,16.286611431841656
3819,16.286611431841656
3820,0.3866946561735866
3820,0.3866946561735866
3820,0.3866946561735866
3820,0.3866946561735866
3820,0.3866946561735866
3821,0.3570488377804472
3821,0.3570488377804472
3821,0.3570488377804472
3821,0.3570488377804472
3821,0.3570488377804472
3822,0.3556233144586634
3822,0.3556233144586634
3822,0.3556233144586634
3822,0.3556233144586634
3822,0.3556233144586634
3823,16.317194387776972
3823,16.317194387776972
3823,16.317194387776972
3823,16.317194387776972
3823,16.317194387776972
3824,16.340294322478556
3824,16.340294322478556
3824,16.340294322478556
3824,16.340294322478556
3824,16.340294322478556
3825,16.35747006071336
3825,16.35747006071336
3825,16.35747006071336
3825,16.35747006071336
3825,16.35747006071336
3826,16.411882306346005
3826,16.411882306346005
3826,16.411882306346005
3826,16.411882306346005
3826,16.411882306346005
3827,16.437214080090087
3827,16.437214080090087
3827,16.437214080090087
3827,16.437214080090087
3827,16.437214080090087
3828,16.45025285237745
3828,16.45025285237745
3828,16.45025285237745
3828,16.45025285237745
3828,16.45025285237745
3829,16.480902891909693
3829,16.480902891909693
3829,16.480902891909693
3829,16.480902891909693
3829,16.480902891909693
3830,16.430204560768257
3830,16.430204560768257
3830,16.430204560768257
3830,16.430204560768257
3830,16.430204560768257
3831,16.406217309926838
3831,16.406217309926838
3831,16.406217309926838
3831,16.406217309926838
3831,16.406217309926838
3832,16.392359998545487
3832,16.392359998545487
3832,16.392359998545487
3832,16.392359998545487
3832,16.392359998545487
3833,32.299219432538514
3833,32.299219432538514
3833,32.299219432538514
3833,32.299219432538514
3833,32.299219432538514
3834,32.27148355611858
3834,32.27148355611858
3834,32.27148355611858
3834,32.27148355611858
3834,32.27148355611858
3835,32.28272306382081
3835,32.28272306382081
3835,32.28272306382081
3835,32.28272306382081
3835,32.28272306382081
3836,16.316940831127535
3836,16.316940831127535
3836,16.316940831127535
3836,16.316940831127535
3836,16.316940831127535
3837,16.32266871269503
3837,16.32266871269503
3837,16.32266871269503
3837,16.32266871269503
3837,16.32266871269503
3838,16.393589916301345
3838,16.393589916301345
3838,16.393589916301345
3838,16.393589916301345
3838,16.393589916301345
3839,16.414493116042223
3839,16.414493116042223
3839,16.414493116042223
3839,16.414493116042223
3839,16.414493116042223
3840,16.429858735167436
3840,16.429858735167436
3840,16.429858735167436
3840,16.429858735167436
3840,16.429858735167436
3841,16.438274041635786
3841,16.438274041635786
3841,16.438274041635786
3841,16.438274041635786
3841,16.438274041635786
3842,16.43430642121196
3842,16.43430642121196
3842,16.43430642121196
3842,16.43430642121196
3842,16.43430642121196
3843,16.475255934010256
3843,16.475255934010256
3843,16.475255934010256
3843,16.475255934010256
3843,16.475255934010256
3844,32.41845975378132
3844,32.41845975378132
3844,32.41845975378132
3844,32.41845975378132
3844,32.41845975378132
3845,32.40245136224964
3845,32.40245136224964
3845,32.40245136224964
3845,32.40245136224964
3845,32.40245136224964
3846,16.332224960199326
3846,16.332224960199326
3846,16.332224960199326
3846,16.332224960199326
3846,16.332224960199326
3847,16.343589431615083
3847,16.343589431615083
3847,16.343589431615083
3847,16.343589431615083
3847,16.343589431615083
3848,16.35679477120007
3848,16.35679477120007
3848,16.35679477120007
3848,16.35679477120007
3848,16.35679477120007
3849,16.354882071526628
3849,16.354882071526628
3849,16.354882071526628
3849,16.354882071526628
3849,16.354882071526628
3850,16.35188485356092
3850,16.35188485356092
3850,16.35188485356092
3850,16.35188485356092
3850,16.35188485356092
3851,32.23198165141385
3851,32.23198165141385
3851,32.23198165141385
3851,32.23198165141385
3851,32.23198165141385
3852,32.28399727795821
3852,32.28399727795821
3852,32.28399727795821
3852,32.28399727795821
3852,32.28399727795821
3853,32.32297314464917
3853,32.32297314464917
3853,32.32297314464917
3853,32.32297314464917
3853,32.32297314464917
3854,32.324689332282574
3854,32.324689332282574
3854,32.324689332282574
3854,32.324689332282574
3854,32.324689332282574
3855,16.39098599386815
3855,16.39098599386815
3855,16.39098599386815
3855,16.39098599386815
3855,16.39098599386815
3856,16.412292857492613
3856,16.412292857492613
3856,16.412292857492613
3856,16.412292857492613
3856,16.412292857492613
3857,16.42144299283495
3857,16.42144299283495
3857,16.42144299283495
3857,16.42144299283495
3857,16.42144299283495
3858,16.45001297186834
3858,16.45001297186834
3858,16.45001297186834
3858,16.45001297186834
3858,16.45001297186834
3859,0.5102915877069435
3859,0.5102915877069435
3859,0.5102915877069435
3859,0.5102915877069435
3859,0.5102915877069435
3860,0.47529250599209033
3860,0.47529250599209033
3860,0.47529250599209033
3860,0.47529250599209033
3860,0.47529250599209033
3861,0.4384394991951509
3861,0.4384394991951509
3861,0.4384394991951509
3861,0.4384394991951509
3861,0.4384394991951509
3862,0.4548753245598558
3862,0.4548753245598558
3862,0.4548753245598558
3862,0.4548753245598558
3862,0.4548753245598558
3863,0.5075594907674578
3863,0.5075594907674578
3863,0.5075594907674578
3863,0.5075594907674578
3863,0.5075594907674578
3864,0.47256591054526326
3864,0.47256591054526326
3864,0.47256591054526326
3864,0.47256591054526326
3864,0.47256591054526326
3865,0.40201363443685423
3865,0.40201363443685423
3865,0.40201363443685423
3865,0.40201363443685423
3865,0.40201363443685423
3866,0.5155228836187404
3866,0.5155228836187404
3866,0.5155228836187404
3866,0.5155228836187404
3866,0.5155228836187404
3867,16.492181689778295
3867,16.492181689778295
3867,16.492181689778295
3867,16.492181689778295
3867,16.492181689778295
3868,16.50166368636859
3868,16.50166368636859
3868,16.50166368636859
3868,16.50166368636859
3868,16.50166368636859
3869,16.52053191945851
3869,16.52053191945851
3869,16.52053191945851
3869,16.52053191945851
3869,16.52053191945851
3870,16.48126386665698
3870,16.48126386665698
3870,16.48126386665698
3870,16.48126386665698
3870,16.48126386665698
3871,16.46122514560023
3871,16.46122514560023
3871,16.46122514560023
3871,16.46122514560023
3871,16.46122514560023
3872,16.438211622578258
3872,16.438211622578258
3872,16.438211622578258
3872,16.438211622578258
3872,16.438211622578258
3873,20.04783770773029
3873,20.04783770773029
3873,20.04783770773029
3873,20.04783770773029
3873,20.04783770773029
3874,35.95331257355342
3874,35.95331257355342
3874,35.95331257355342
3874,35.95331257355342
3874,35.95331257355342
3875,35.943141382096854
3875,35.943141382096854
3875,35.943141382096854
3875,35.943141382096854
3875,35.943141382096854
3876,35.97039816351237
3876,35.97039816351237
3876,35.97039816351237
3876,35.97039816351237
3876,35.97039816351237
3877,35.98320107863719
3877,35.98320107863719
3877,35.98320107863719
3877,35.98320107863719
3877,35.98320107863719
3878,36.0049440186956
3878,36.0049440186956
3878,36.0049440186956
3878,36.0049440186956
3878,36.0049440186956
3879,36.06475750630354
3879,36.06475750630354
3879,36.06475750630354
3879,36.06475750630354
3879,36.06475750630354
3880,36.004053941206315
3880,36.004053941206315
3880,36.004053941206315
3880,36.004053941206315
3880,36.004053941206315
3881,35.99828573229739
3881,35.99828573229739
3881,35.99828573229739
3881,35.99828573229739
3881,35.99828573229739
3882,51.88405276532721
3882,51.88405276532721
3882,51.88405276532721
3882,51.88405276532721
3882,51.88405276532721
3883,51.89156430717411
3883,51.89156430717411
3883,51.89156430717411
3883,51.89156430717411
3883,51.89156430717411
3884,35.96266566261095
3884,35.96266566261095
3884,35.96266566261095
3884,35.96266566261095
3884,35.96266566261095
3885,36.01830917722383
3885,36.01830917722383
3885,36.01830917722383
3885,36.01830917722383
3885,36.01830917722383
3886,32.39975880748373
3886,32.39975880748373
3886,32.39975880748373
3886,32.39975880748373
3886,32.39975880748373
3887,32.37415279889884
3887,32.37415279889884
3887,32.37415279889884
3887,32.37415279889884
3887,32.37415279889884
3888,32.37514521837673
3888,32.37514521837673
3888,32.37514521837673
3888,32.37514521837673
3888,32.37514521837673
3889,35.93462523645118
3889,35.93462523645118
3889,35.93462523645118
3889,35.93462523645118
3889,35.93462523645118
3890,51.942245123546
3890,51.942245123546
3890,51.942245123546
3890,51.942245123546
3890,51.942245123546
3891,35.90565822285993
3891,35.90565822285993
3891,35.90565822285993
3891,35.90565822285993
3891,35.90565822285993
3892,35.88952752935319
3892,35.88952752935319
3892,35.88952752935319
3892,35.88952752935319
3892,35.88952752935319
3893,35.88804605695386
3893,35.88804605695386
3893,35.88804605695386
3893,35.88804605695386
3893,35.88804605695386
3894,35.87304713356547
3894,35.87304713356547
3894,35.87304713356547
3894,35.87304713356547
3894,35.87304713356547
3895,35.8926966850343
3895,35.8926966850343
3895,35.8926966850343
3895,35.8926966850343
3895,35.8926966850343
3896,35.90125668245621
3896,35.90125668245621
3896,35.90125668245621
3896,35.90125668245621
3896,35.90125668245621
3897,35.917814476161496
3897,35.917814476161496
3897,35.917814476161496
3897,35.917814476161496
3897,35.917814476161496
3898,19.94981529916357
3898,19.94981529916357
3898,19.94981529916357
3898,19.94981529916357
3898,19.94981529916357
3899,19.98369733724812
3899,19.98369733724812
3899,19.98369733724812
3899,19.98369733724812
3899,19.98369733724812
3900,20.016893129781913
3900,20.016893129781913
3900,20.016893129781913
3900,20.016893129781913
3900,20.016893129781913
3901,16.436817428436857
3901,16.436817428436857
3901,16.436817428436857
3901,16.436817428436857
3901,16.436817428436857
3902,20.042844486013923
3902,20.042844486013923
3902,20.042844486013923
3902,20.042844486013923
3902,20.042844486013923
3903,20.089597842077787
3903,20.089597842077787
3903,20.089597842077787
3903,20.089597842077787
3903,20.089597842077787
3904,16.463224850138083
3904,16.463224850138083
3904,16.463224850138083
3904,16.463224850138083
3904,16.463224850138083
3905,32.410978726433356
3905,32.410978726433356
3905,32.410978726433356
3905,32.410978726433356
3905,32.410978726433356
3906,32.42832155736776
3906,32.42832155736776
3906,32.42832155736776
3906,32.42832155736776
3906,32.42832155736776
3907,32.42762292285738
3907,32.42762292285738
3907,32.42762292285738
3907,32.42762292285738
3907,32.42762292285738
3908,48.55377610097779
3908,48.55377610097779
3908,48.55377610097779
3908,48.55377610097779
3908,48.55377610097779
3909,48.598258061896004
3909,48.598258061896004
3909,48.598258061896004
3909,48.598258061896004
3909,48.598258061896004
3910,52.24992502435873
3910,52.24992502435873
3910,52.24992502435873
3910,52.24992502435873
3910,52.24992502435873
3911,52.198001342067265
3911,52.198001342067265
3911,52.198001342067265
3911,52.198001342067265
3911,52.198001342067265
3912,68.151229439672
3912,68.151229439672
3912,68.151229439672
3912,68.151229439672
3912,68.151229439672
3913,68.10054337176379
3913,68.10054337176379
3913,68.10054337176379
3913,68.10054337176379
3913,68.10054337176379
3914,68.14016652570498
3914,68.14016652570498
3914,68.14016652570498
3914,68.14016652570498
3914,68.14016652570498
3915,68.11344059902754
3915,68.11344059902754
3915,68.11344059902754
3915,68.11344059902754
3915,68.11344059902754
3916,68.04303802634801
3916,68.04303802634801
3916,68.04303802634801
3916,68.04303802634801
3916,68.04303802634801
3917,55.70791170968789
3917,55.70791170968789
3917,55.70791170968789
3917,55.70791170968789
3917,55.70791170968789
3918,59.16246873012784
3918,59.16246873012784
3918,59.16246873012784
3918,59.16246873012784
3918,59.16246873012784
3919,59.09145572439054
3919,59.09145572439054
3919,59.09145572439054
3919,59.09145572439054
3919,59.09145572439054
3920,55.51950575910693
3920,55.51950575910693
3920,55.51950575910693
3920,55.51950575910693
3920,55.51950575910693
3921,39.5762645882074
3921,39.5762645882074
3921,39.5762645882074
3921,39.5762645882074
3921,39.5762645882074
3922,51.87093444840561
3922,51.87093444840561
3922,51.87093444840561
3922,51.87093444840561
3922,51.87093444840561
3923,51.86285643625355
3923,51.86285643625355
3923,51.86285643625355
3923,51.86285643625355
3923,51.86285643625355
3924,55.438824131632444
3924,55.438824131632444
3924,55.438824131632444
3924,55.438824131632444
3924,55.438824131632444
3925,67.82357314169606
3925,67.82357314169606
3925,67.82357314169606
3925,67.82357314169606
3925,67.82357314169606
3926,67.94169104069046
3926,67.94169104069046
3926,67.94169104069046
3926,67.94169104069046
3926,67.94169104069046
3927,51.97697637552305
3927,51.97697637552305
3927,51.97697637552305
3927,51.97697637552305
3927,51.97697637552305
3928,55.56276445919268
3928,55.56276445919268
3928,55.56276445919268
3928,55.56276445919268
3928,55.56276445919268
3929,39.574176103513864
3929,39.574176103513864
3929,39.574176103513864
3929,39.574176103513864
3929,39.574176103513864
3930,39.59829496375955
3930,39.59829496375955
3930,39.59829496375955
3930,39.59829496375955
3930,39.59829496375955
3931,39.56802801175964
3931,39.56802801175964
3931,39.56802801175964
3931,39.56802801175964
3931,39.56802801175964
3932,35.91347572453714
3932,35.91347572453714
3932,35.91347572453714
3932,35.91347572453714
3932,35.91347572453714
3933,35.915845846983146
3933,35.915845846983146
3933,35.915845846983146
3933,35.915845846983146
3933,35.915845846983146
3934,35.91810747946126
3934,35.91810747946126
3934,35.91810747946126
3934,35.91810747946126
3934,35.91810747946126
3935,51.96329071324899
3935,51.96329071324899
3935,51.96329071324899
3935,51.96329071324899
3935,51.96329071324899
3936,48.401865312191845
3936,48.401865312191845
3936,48.401865312191845
3936,48.401865312191845
3936,48.401865312191845
3937,48.43783866795893
3937,48.43783866795893
3937,48.43783866795893
3937,48.43783866795893
3937,48.43783866795893
3938,64.412372597484
3938,64.412372597484
3938,64.412372597484
3938,64.412372597484
3938,64.412372597484
3939,71.56608755424665
3939,71.56608755424665
3939,71.56608755424665
3939,71.56608755424665
3939,71.56608755424665
3940,64.39019715842349
3940,64.39019715842349
3940,64.39019715842349
3940,64.39019715842349
3940,64.39019715842349
3941,64.52319012857947
3941,64.52319012857947
3941,64.52319012857947
3941,64.52319012857947
3941,64.52319012857947
3942,71.5302551757148
3942,71.5302551757148
3942,71.5302551757148
3942,71.5302551757148
3942,71.5302551757148
3943,75.11725964875048
3943,75.11725964875048
3943,75.11725964875048
3943,75.11725964875048
3943,75.11725964875048
3944,71.533372525618
3944,71.533372525618
3944,71.533372525618
3944,71.533372525618
3944,71.533372525618
3945,71.561582234538
3945,71.561582234538
3945,71.561582234538
3945,71.561582234538
3945,71.561582234538
3946,71.42803236498334
3946,71.42803236498334
3946,71.42803236498334
3946,71.42803236498334
3946,71.42803236498334
3947,71.46690325293375
3947,71.46690325293375
3947,71.46690325293375
3947,71.46690325293375
3947,71.46690325293375
3948,71.46085867330927
3948,71.46085867330927
3948,71.46085867330927
3948,71.46085867330927
3948,71.46085867330927
3949,67.80070238561677
3949,67.80070238561677
3949,67.80070238561677
3949,67.80070238561677
3949,67.80070238561677
3950,67.89206050357652
3950,67.89206050357652
3950,67.89206050357652
3950,67.89206050357652
3950,67.89206050357652
3951,52.042138307627454
3951,52.042138307627454
3951,52.042138307627454
3951,52.042138307627454
3951,52.042138307627454
3952,52.09793747632874
3952,52.09793747632874
3952,52.09793747632874
3952,52.09793747632874
3952,52.09793747632874
3953,52.129599792197475
3953,52.129599792197475
3953,52.129599792197475
3953,52.129599792197475
3953,52.129599792197475
3954,52.131270648379925
3954,52.131270648379925
3954,52.131270648379925
3954,52.131270648379925
3954,52.131270648379925
3955,52.155166126412595
3955,52.155166126412595
3955,52.155166126412595
3955,52.155166126412595
3955,52.155166126412595
3956,52.02002750099514
3956,52.02002750099514
3956,52.02002750099514
3956,52.02002750099514
3956,52.02002750099514
3957,48.45774475226914
3957,48.45774475226914
3957,48.45774475226914
3957,48.45774475226914
3957,48.45774475226914
3958,48.4306502124377
3958,48.4306502124377
3958,48.4306502124377
3958,48.4306502124377
3958,48.4306502124377
3959,64.36150735766466
3959,64.36150735766466
3959,64.36150735766466
3959,64.36150735766466
3959,64.36150735766466
3960,64.25033032306217
3960,64.25033032306217
3960,64.25033032306217
3960,64.25033032306217
3960,64.25033032306217
3961,64.22861307037233
3961,64.22861307037233
3961,64.22861307037233
3961,64.22861307037233
3961,64.22861307037233
3962,64.20626754901932
3962,64.20626754901932
3962,64.20626754901932
3962,64.20626754901932
3962,64.20626754901932
3963,67.7724894777422
3963,67.7724894777422
3963,67.7724894777422
3963,67.7724894777422
3963,67.7724894777422
3964,51.88672255381529
3964,51.88672255381529
3964,51.88672255381529
3964,51.88672255381529
3964,51.88672255381529
3965,51.99384932293233
3965,51.99384932293233
3965,51.99384932293233
3965,51.99384932293233
3965,51.99384932293233
3966,52.04027051121905
3966,52.04027051121905
3966,52.04027051121905
3966,52.04027051121905
3966,52.04027051121905
3967,52.06603425811687
3967,52.06603425811687
3967,52.06603425811687
3967,52.06603425811687
3967,52.06603425811687
3968,52.067937027799005
3968,52.067937027799005
3968,52.067937027799005
3968,52.067937027799005
3968,52.067937027799005
3969,52.03573862797153
3969,52.03573862797153
3969,52.03573862797153
3969,52.03573862797153
3969,52.03573862797153
3970,52.02605296541716
3970,52.02605296541716
3970,52.02605296541716
3970,52.02605296541716
3970,52.02605296541716
3971,52.041012051825476
3971,52.041012051825476
3971,52.041012051825476
3971,52.041012051825476
3971,52.041012051825476
3972,52.01090325676971
3972,52.01090325676971
3972,52.01090325676971
3972,52.01090325676971
3972,52.01090325676971
3973,51.98223452398996
3973,51.98223452398996
3973,51.98223452398996
3973,51.98223452398996
3973,51.98223452398996
3974,51.854608168022104
3974,51.854608168022104
3974,51.854608168022104
3974,51.854608168022104
3974,51.854608168022104
3975,35.928545170195775
3975,35.928545170195775
3975,35.928545170195775
3975,35.928545170195775
3975,35.928545170195775
3976,36.0470855425758
3976,36.0470855425758
3976,36.0470855425758
3976,36.0470855425758
3976,36.0470855425758
3977,52.03325629692599
3977,52.03325629692599
3977,52.03325629692599
3977,52.03325629692599
3977,52.03325629692599
3978,52.089385023442176
3978,52.089385023442176
3978,52.089385023442176
3978,52.089385023442176
3978,52.089385023442176
3979,52.10068335864734
3979,52.10068335864734
3979,52.10068335864734
3979,52.10068335864734
3979,52.10068335864734
3980,48.47656204102681
3980,48.47656204102681
3980,48.47656204102681
3980,48.47656204102681
3980,48.47656204102681
3981,48.53773744548618
3981,48.53773744548618
3981,48.53773744548618
3981,48.53773744548618
3981,48.53773744548618
3982,48.62886839297512
3982,48.62886839297512
3982,48.62886839297512
3982,48.62886839297512
3982,48.62886839297512
3983,48.65208967963669
3983,48.65208967963669
3983,48.65208967963669
3983,48.65208967963669
3983,48.65208967963669
3984,48.64091649237683
3984,48.64091649237683
3984,48.64091649237683
3984,48.64091649237683
3984,48.64091649237683
3985,48.552927604569604
3985,48.552927604569604
3985,48.552927604569604
3985,48.552927604569604
3985,48.552927604569604
3986,64.47976831361852
3986,64.47976831361852
3986,64.47976831361852
3986,64.47976831361852
3986,64.47976831361852
3987,64.44510253265383
3987,64.44510253265383
3987,64.44510253265383
3987,64.44510253265383
3987,64.44510253265383
3988,64.39780360397366
3988,64.39780360397366
3988,64.39780360397366
3988,64.39780360397366
3988,64.39780360397366
3989,52.072647988605866
3989,52.072647988605866
3989,52.072647988605866
3989,52.072647988605866
3989,52.072647988605866
3990,52.062867230413
3990,52.062867230413
3990,52.062867230413
3990,52.062867230413
3990,52.062867230413
3991,51.9189783800236
3991,51.9189783800236
3991,51.9189783800236
3991,51.9189783800236
3991,51.9189783800236
3992,51.99000246700449
3992,51.99000246700449
3992,51.99000246700449
3992,51.99000246700449
3992,51.99000246700449
3993,51.98763569651626
3993,51.98763569651626
3993,51.98763569651626
3993,51.98763569651626
3993,51.98763569651626
3994,51.999712217555135
3994,51.999712217555135
3994,51.999712217555135
3994,51.999712217555135
3994,51.999712217555135
3995,52.01717665895578
3995,52.01717665895578
3995,52.01717665895578
3995,52.01717665895578
3995,52.01717665895578
3996,36.084828515234676
3996,36.084828515234676
3996,36.084828515234676
3996,36.084828515234676
3996,36.084828515234676
3997,51.923377863619564
3997,51.923377863619564
3997,51.923377863619564
3997,51.923377863619564
3997,51.923377863619564
3998,51.91603896433465
3998,51.91603896433465
3998,51.91603896433465
3998,51.91603896433465
3998,51.91603896433465
3999,36.00707278898453
3999,36.00707278898453
3999,36.00707278898453
3999,36.00707278898453
3999,36.00707278898453
4000,51.97265702581821
4000,51.97265702581821
4000,51.97265702581821
4000,51.97265702581821
4000,51.97265702581821
4001,51.99478241940201
4001,51.99478241940201
4001,51.99478241940201
4001,51.99478241940201
4001,51.99478241940201
4002,51.905511652134734
4002,51.905511652134734
4002,51.905511652134734
4002,51.905511652134734
4002,51.905511652134734
4003,55.59937320920926
4003,55.59937320920926
4003,55.59937320920926
4003,55.59937320920926
4003,55.59937320920926
4004,55.65383900761158
4004,55.65383900761158
4004,55.65383900761158
4004,55.65383900761158
4004,55.65383900761158
4005,52.12101796478629
4005,52.12101796478629
4005,52.12101796478629
4005,52.12101796478629
4005,52.12101796478629
4006,52.133938062372444
4006,52.133938062372444
4006,52.133938062372444
4006,52.133938062372444
4006,52.133938062372444
4007,59.31730115200351
4007,59.31730115200351
4007,59.31730115200351
4007,59.31730115200351
4007,59.31730115200351
4008,55.684869584213025
4008,55.684869584213025
4008,55.684869584213025
4008,55.684869584213025
4008,55.684869584213025
4009,55.66770374301901
4009,55.66770374301901
4009,55.66770374301901
4009,55.66770374301901
4009,55.66770374301901
4010,55.68059187453372
4010,55.68059187453372
4010,55.68059187453372
4010,55.68059187453372
4010,55.68059187453372
4011,55.75619794330451
4011,55.75619794330451
4011,55.75619794330451
4011,55.75619794330451
4011,55.75619794330451
4012,55.729549201099516
4012,55.729549201099516
4012,55.729549201099516
4012,55.729549201099516
4012,55.729549201099516
4013,52.12456287085329
4013,52.12456287085329
4013,52.12456287085329
4013,52.12456287085329
4013,52.12456287085329
4014,52.13393371043138
4014,52.13393371043138
4014,52.13393371043138
4014,52.13393371043138
4014,52.13393371043138
4015,48.4602824156013
4015,48.4602824156013
4015,48.4602824156013
4015,48.4602824156013
4015,48.4602824156013
4016,48.45144908668737
4016,48.45144908668737
4016,48.45144908668737
4016,48.45144908668737
4016,48.45144908668737
4017,52.04455674511585
4017,52.04455674511585
4017,52.04455674511585
4017,52.04455674511585
4017,52.04455674511585
4018,52.05946429073483
4018,52.05946429073483
4018,52.05946429073483
4018,52.05946429073483
4018,52.05946429073483
4019,55.67484946651043
4019,55.67484946651043
4019,55.67484946651043
4019,55.67484946651043
4019,55.67484946651043
4020,55.69298415249923
4020,55.69298415249923
4020,55.69298415249923
4020,55.69298415249923
4020,55.69298415249923
4021,55.58260794459799
4021,55.58260794459799
4021,55.58260794459799
4021,55.58260794459799
4021,55.58260794459799
4022,75.12424350722507
4022,75.12424350722507
4022,75.12424350722507
4022,75.12424350722507
4022,75.12424350722507
4023,75.13417006019452
4023,75.13417006019452
4023,75.13417006019452
4023,75.13417006019452
4023,75.13417006019452
4024,75.22584263762148
4024,75.22584263762148
4024,75.22584263762148
4024,75.22584263762148
4024,75.22584263762148
4025,75.0790735222491
4025,75.0790735222491
4025,75.0790735222491
4025,75.0790735222491
4025,75.0790735222491
4026,78.71913820972647
4026,78.71913820972647
4026,78.71913820972647
4026,78.71913820972647
4026,78.71913820972647
4027,71.51658274619652
4027,71.51658274619652
4027,71.51658274619652
4027,71.51658274619652
4027,71.51658274619652
4028,68.01488051115994
4028,68.01488051115994
4028,68.01488051115994
4028,68.01488051115994
4028,68.01488051115994
4029,52.07243091693662
4029,52.07243091693662
4029,52.07243091693662
4029,52.07243091693662
4029,52.07243091693662
4030,52.117933425026266
4030,52.117933425026266
4030,52.117933425026266
4030,52.117933425026266
4030,52.117933425026266
4031,52.144371555117594
4031,52.144371555117594
4031,52.144371555117594
4031,52.144371555117594
4031,52.144371555117594
4032,48.51703324550808
4032,48.51703324550808
4032,48.51703324550808
4032,48.51703324550808
4032,48.51703324550808
4033,48.419934966425906
4033,48.419934966425906
4033,48.419934966425906
4033,48.419934966425906
4033,48.419934966425906
4034,48.46606234072301
4034,48.46606234072301
4034,48.46606234072301
4034,48.46606234072301
4034,48.46606234072301
4035,52.020424408749705
4035,52.020424408749705
4035,52.020424408749705
4035,52.020424408749705
4035,52.020424408749705
4036,51.99442172839842
4036,51.99442172839842
4036,51.99442172839842
4036,51.99442172839842
4036,51.99442172839842
4037,36.04165589307234
4037,36.04165589307234
4037,36.04165589307234
4037,36.04165589307234
4037,36.04165589307234
4038,36.059664229680465
4038,36.059664229680465
4038,36.059664229680465
4038,36.059664229680465
4038,36.059664229680465
4039,36.031346815668975
4039,36.031346815668975
4039,36.031346815668975
4039,36.031346815668975
4039,36.031346815668975
4040,20.08545832837139
4040,20.08545832837139
4040,20.08545832837139
4040,20.08545832837139
4040,20.08545832837139
4041,35.997735399117644
4041,35.997735399117644
4041,35.997735399117644
4041,35.997735399117644
4041,35.997735399117644
4042,19.97715516073417
4042,19.97715516073417
4042,19.97715516073417
4042,19.97715516073417
4042,19.97715516073417
4043,19.996058412144684
4043,19.996058412144684
4043,19.996058412144684
4043,19.996058412144684
4043,19.996058412144684
4044,19.99023645435251
4044,19.99023645435251
4044,19.99023645435251
4044,19.99023645435251
4044,19.99023645435251
4045,19.998505296622284
4045,19.998505296622284
4045,19.998505296622284
4045,19.998505296622284
4045,19.998505296622284
4046,20.007388433247378
4046,20.007388433247378
4046,20.007388433247378
4046,20.007388433247378
4046,20.007388433247378
4047,20.185022371777393
4047,20.185022371777393
4047,20.185022371777393
4047,20.185022371777393
4047,20.185022371777393
4048,36.03148913727822
4048,36.03148913727822
4048,36.03148913727822
4048,36.03148913727822
4048,36.03148913727822
4049,36.09484444347363
4049,36.09484444347363
4049,36.09484444347363
4049,36.09484444347363
4049,36.09484444347363
4050,32.51421819657927
4050,32.51421819657927
4050,32.51421819657927
4050,32.51421819657927
4050,32.51421819657927
4051,32.43988185816688
4051,32.43988185816688
4051,32.43988185816688
4051,32.43988185816688
4051,32.43988185816688
4052,48.40552688614902
4052,48.40552688614902
4052,48.40552688614902
4052,48.40552688614902
4052,48.40552688614902
4053,51.90430211677072
4053,51.90430211677072
4053,51.90430211677072
4053,51.90430211677072
4053,51.90430211677072
4054,51.949153484631246
4054,51.949153484631246
4054,51.949153484631246
4054,51.949153484631246
4054,51.949153484631246
4055,68.04506221729275
4055,68.04506221729275
4055,68.04506221729275
4055,68.04506221729275
4055,68.04506221729275
4056,68.07683051701646
4056,68.07683051701646
4056,68.07683051701646
4056,68.07683051701646
4056,68.07683051701646
4057,64.65789675345192
4057,64.65789675345192
4057,64.65789675345192
4057,64.65789675345192
4057,64.65789675345192
4058,84.03157115064568
4058,84.03157115064568
4058,84.03157115064568
4058,84.03157115064568
4058,84.03157115064568
4059,83.93995679958883
4059,83.93995679958883
4059,83.93995679958883
4059,83.93995679958883
4059,83.93995679958883
4060,52.06742657707772
4060,52.06742657707772
4060,52.06742657707772
4060,52.06742657707772
4060,52.06742657707772
4061,67.97160445372235
4061,67.97160445372235
4061,67.97160445372235
4061,67.97160445372235
4061,67.97160445372235
4062,64.37600437102213
4062,64.37600437102213
4062,64.37600437102213
4062,64.37600437102213
4062,64.37600437102213
4063,64.3490340589588
4063,64.3490340589588
4063,64.3490340589588
4063,64.3490340589588
4063,64.3490340589588
4064,52.01701034252985
4064,52.01701034252985
4064,52.01701034252985
4064,52.01701034252985
4064,52.01701034252985
4065,68.00789391291647
4065,68.00789391291647
4065,68.00789391291647
4065,68.00789391291647
4065,68.00789391291647
4066,68.041909814948
4066,68.041909814948
4066,68.041909814948
4066,68.041909814948
4066,68.041909814948
4067,84.06634591858261
4067,84.06634591858261
4067,84.06634591858261
4067,84.06634591858261
4067,84.06634591858261
4068,84.01000135361303
4068,84.01000135361303
4068,84.01000135361303
4068,84.01000135361303
4068,84.01000135361303
4069,87.51805033133387
4069,87.51805033133387
4069,87.51805033133387
4069,87.51805033133387
4069,87.51805033133387
4070,87.51212113517924
4070,87.51212113517924
4070,87.51212113517924
4070,87.51212113517924
4070,87.51212113517924
4071,87.54102323194141
4071,87.54102323194141
4071,87.54102323194141
4071,87.54102323194141
4071,87.54102323194141
4072,68.03427087008863
4072,68.03427087008863
4072,68.03427087008863
4072,68.03427087008863
4072,68.03427087008863
4073,52.133957036481846
4073,52.133957036481846
4073,52.133957036481846
4073,52.133957036481846
4073,52.133957036481846
4074,52.14181039676389
4074,52.14181039676389
4074,52.14181039676389
4074,52.14181039676389
4074,52.14181039676389
4075,39.765500223376954
4075,39.765500223376954
4075,39.765500223376954
4075,39.765500223376954
4075,39.765500223376954
4076,39.77031067099332
4076,39.77031067099332
4076,39.77031067099332
4076,39.77031067099332
4076,39.77031067099332
4077,39.75484054507069
4077,39.75484054507069
4077,39.75484054507069
4077,39.75484054507069
4077,39.75484054507069
4078,55.68338196391919
4078,55.68338196391919
4078,55.68338196391919
4078,55.68338196391919
4078,55.68338196391919
4079,71.69608899721878
4079,71.69608899721878
4079,71.69608899721878
4079,71.69608899721878
4079,71.69608899721878
4080,71.64024557542898
4080,71.64024557542898
4080,71.64024557542898
4080,71.64024557542898
4080,71.64024557542898
4081,71.67185807807596
4081,71.67185807807596
4081,71.67185807807596
4081,71.67185807807596
4081,71.67185807807596
4082,71.67635944749986
4082,71.67635944749986
4082,71.67635944749986
4082,71.67635944749986
4082,71.67635944749986
4083,71.700123484851
4083,71.700123484851
4083,71.700123484851
4083,71.700123484851
4083,71.700123484851
4084,71.67772020619091
4084,71.67772020619091
4084,71.67772020619091
4084,71.67772020619091
4084,71.67772020619091
4085,71.70642957652798
4085,71.70642957652798
4085,71.70642957652798
4085,71.70642957652798
4085,71.70642957652798
4086,71.6847937343886
4086,71.6847937343886
4086,71.6847937343886
4086,71.6847937343886
4086,71.6847937343886
4087,71.59812399354759
4087,71.59812399354759
4087,71.59812399354759
4087,71.59812399354759
4087,71.59812399354759
4088,71.57687788403707
4088,71.57687788403707
4088,71.57687788403707
4088,71.57687788403707
4088,71.57687788403707
4089,68.02883836963726
4089,68.02883836963726
4089,68.02883836963726
4089,68.02883836963726
4089,68.02883836963726
4090,71.65272394020799
4090,71.65272394020799
4090,71.65272394020799
4090,71.65272394020799
4090,71.65272394020799
4091,71.56958658983399
4091,71.56958658983399
4091,71.56958658983399
4091,71.56958658983399
4091,71.56958658983399
4092,71.57863047888063
4092,71.57863047888063
4092,71.57863047888063
4092,71.57863047888063
4092,71.57863047888063
4093,71.64247094127684
4093,71.64247094127684
4093,71.64247094127684
4093,71.64247094127684
4093,71.64247094127684
4094,71.58743099067722
4094,71.58743099067722
4094,71.58743099067722
4094,71.58743099067722
4094,71.58743099067722
4095,71.4911588468776
4095,71.4911588468776
4095,71.4911588468776
4095,71.4911588468776
4095,71.4911588468776
4096,67.91064097698637
4096,67.91064097698637
4096,67.91064097698637
4096,67.91064097698637
4096,67.91064097698637
4097,52.0121492164874
4097,52.0121492164874
4097,52.0121492164874
4097,52.0121492164874
4097,52.0121492164874
4098,55.565794680686984
4098,55.565794680686984
4098,55.565794680686984
4098,55.565794680686984
4098,55.565794680686984
4099,71.4960012627445
4099,71.4960012627445
4099,71.4960012627445
4099,71.4960012627445
4099,71.4960012627445
4100,71.53096935856183
4100,71.53096935856183
4100,71.53096935856183
4100,71.53096935856183
4100,71.53096935856183
4101,71.47054582415085
4101,71.47054582415085
4101,71.47054582415085
4101,71.47054582415085
4101,71.47054582415085
4102,55.54627218013991
4102,55.54627218013991
4102,55.54627218013991
4102,55.54627218013991
4102,55.54627218013991
4103,59.2346654866178
4103,59.2346654866178
4103,59.2346654866178
4103,59.2346654866178
4103,59.2346654866178
4104,75.24852719253403
4104,75.24852719253403
4104,75.24852719253403
4104,75.24852719253403
4104,75.24852719253403
4105,84.0187242131243
4105,84.0187242131243
4105,84.0187242131243
4105,84.0187242131243
4105,84.0187242131243
4106,84.0421979124948
4106,84.0421979124948
4106,84.0421979124948
4106,84.0421979124948
4106,84.0421979124948
4107,83.99866536290044
4107,83.99866536290044
4107,83.99866536290044
4107,83.99866536290044
4107,83.99866536290044
4108,84.0857532853011
4108,84.0857532853011
4108,84.0857532853011
4108,84.0857532853011
4108,84.0857532853011
4109,84.00821288734429
4109,84.00821288734429
4109,84.00821288734429
4109,84.00821288734429
4109,84.00821288734429
4110,80.47258210386924
4110,80.47258210386924
4110,80.47258210386924
4110,80.47258210386924
4110,80.47258210386924
4111,80.50500427115853
4111,80.50500427115853
4111,80.50500427115853
4111,80.50500427115853
4111,80.50500427115853
4112,84.0444175331179
4112,84.0444175331179
4112,84.0444175331179
4112,84.0444175331179
4112,84.0444175331179
4113,71.7362927228524
4113,71.7362927228524
4113,71.7362927228524
4113,71.7362927228524
4113,71.7362927228524
4114,55.75268729802201
4114,55.75268729802201
4114,55.75268729802201
4114,55.75268729802201
4114,55.75268729802201
4115,55.69980565000033
4115,55.69980565000033
4115,55.69980565000033
4115,55.69980565000033
4115,55.69980565000033
4116,55.727828292609885
4116,55.727828292609885
4116,55.727828292609885
4116,55.727828292609885
4116,55.727828292609885
4117,55.6871075837038
4117,55.6871075837038
4117,55.6871075837038
4117,55.6871075837038
4117,55.6871075837038
4118,55.67073321717503
4118,55.67073321717503
4118,55.67073321717503
4118,55.67073321717503
4118,55.67073321717503
4119,55.66876156213402
4119,55.66876156213402
4119,55.66876156213402
4119,55.66876156213402
4119,55.66876156213402
4120,59.183015804619274
4120,59.183015804619274
4120,59.183015804619274
4120,59.183015804619274
4120,59.183015804619274
4121,59.19952495912848
4121,59.19952495912848
4121,59.19952495912848
4121,59.19952495912848
4121,59.19952495912848
4122,59.18281955310745
4122,59.18281955310745
4122,59.18281955310745
4122,59.18281955310745
4122,59.18281955310745
4123,75.14873228739398
4123,75.14873228739398
4123,75.14873228739398
4123,75.14873228739398
4123,75.14873228739398
4124,75.16844166421355
4124,75.16844166421355
4124,75.16844166421355
4124,75.16844166421355
4124,75.16844166421355
4125,75.21275469575393
4125,75.21275469575393
4125,75.21275469575393
4125,75.21275469575393
4125,75.21275469575393
4126,75.24922962957064
4126,75.24922962957064
4126,75.24922962957064
4126,75.24922962957064
4126,75.24922962957064
4127,75.26249369596461
4127,75.26249369596461
4127,75.26249369596461
4127,75.26249369596461
4127,75.26249369596461
4128,75.25186287505532
4128,75.25186287505532
4128,75.25186287505532
4128,75.25186287505532
4128,75.25186287505532
4129,75.22889217823447
4129,75.22889217823447
4129,75.22889217823447
4129,75.22889217823447
4129,75.22889217823447
4130,59.276081610284564
4130,59.276081610284564
4130,59.276081610284564
4130,59.276081610284564
4130,59.276081610284564
4131,59.30433825624266
4131,59.30433825624266
4131,59.30433825624266
4131,59.30433825624266
4131,59.30433825624266
4132,59.32045552576297
4132,59.32045552576297
4132,59.32045552576297
4132,59.32045552576297
4132,59.32045552576297
4133,59.243688204313415
4133,59.243688204313415
4133,59.243688204313415
4133,59.243688204313415
4133,59.243688204313415
4134,59.25255547908106
4134,59.25255547908106
4134,59.25255547908106
4134,59.25255547908106
4134,59.25255547908106
4135,55.529595132892425
4135,55.529595132892425
4135,55.529595132892425
4135,55.529595132892425
4135,55.529595132892425
4136,51.90942053078853
4136,51.90942053078853
4136,51.90942053078853
4136,51.90942053078853
4136,51.90942053078853
4137,35.93384978704777
4137,35.93384978704777
4137,35.93384978704777
4137,35.93384978704777
4137,35.93384978704777
4138,35.906919877390486
4138,35.906919877390486
4138,35.906919877390486
4138,35.906919877390486
4138,35.906919877390486
4139,35.913506979536024
4139,35.913506979536024
4139,35.913506979536024
4139,35.913506979536024
4139,35.913506979536024
4140,35.95518554047199
4140,35.95518554047199
4140,35.95518554047199
4140,35.95518554047199
4140,35.95518554047199
4141,19.973150241957853
4141,19.973150241957853
4141,19.973150241957853
4141,19.973150241957853
4141,19.973150241957853
4142,35.91120920101215
4142,35.91120920101215
4142,35.91120920101215
4142,35.91120920101215
4142,35.91120920101215
4143,55.37933333657493
4143,55.37933333657493
4143,55.37933333657493
4143,55.37933333657493
4143,55.37933333657493
4144,55.40600849217999
4144,55.40600849217999
4144,55.40600849217999
4144,55.40600849217999
4144,55.40600849217999
4145,51.83880271082031
4145,51.83880271082031
4145,51.83880271082031
4145,51.83880271082031
4145,51.83880271082031
4146,51.88332453375394
4146,51.88332453375394
4146,51.88332453375394
4146,51.88332453375394
4146,51.88332453375394
4147,51.87621600900077
4147,51.87621600900077
4147,51.87621600900077
4147,51.87621600900077
4147,51.87621600900077
4148,55.51573785506628
4148,55.51573785506628
4148,55.51573785506628
4148,55.51573785506628
4148,55.51573785506628
4149,55.517967227277225
4149,55.517967227277225
4149,55.517967227277225
4149,55.517967227277225
4149,55.517967227277225
4150,39.6141891517806
4150,39.6141891517806
4150,39.6141891517806
4150,39.6141891517806
4150,39.6141891517806
4151,55.60170614355836
4151,55.60170614355836
4151,55.60170614355836
4151,55.60170614355836
4151,55.60170614355836
4152,55.6058639803778
4152,55.6058639803778
4152,55.6058639803778
4152,55.6058639803778
4152,55.6058639803778
4153,71.50681103227932
4153,71.50681103227932
4153,71.50681103227932
4153,71.50681103227932
4153,71.50681103227932
4154,71.47352673810988
4154,71.47352673810988
4154,71.47352673810988
4154,71.47352673810988
4154,71.47352673810988
4155,71.49943711928644
4155,71.49943711928644
4155,71.49943711928644
4155,71.49943711928644
4155,71.49943711928644
4156,71.51158146303631
4156,71.51158146303631
4156,71.51158146303631
4156,71.51158146303631
4156,71.51158146303631
4157,71.53829729047068
4157,71.53829729047068
4157,71.53829729047068
4157,71.53829729047068
4157,71.53829729047068
4158,51.97033717392346
4158,51.97033717392346
4158,51.97033717392346
4158,51.97033717392346
4158,51.97033717392346
4159,67.94472055301628
4159,67.94472055301628
4159,67.94472055301628
4159,67.94472055301628
4159,67.94472055301628
4160,67.9567495169048
4160,67.9567495169048
4160,67.9567495169048
4160,67.9567495169048
4160,67.9567495169048
4161,52.048100132376625
4161,52.048100132376625
4161,52.048100132376625
4161,52.048100132376625
4161,52.048100132376625
4162,52.01030243574412
4162,52.01030243574412
4162,52.01030243574412
4162,52.01030243574412
4162,52.01030243574412
4163,68.16008453547022
4163,68.16008453547022
4163,68.16008453547022
4163,68.16008453547022
4163,68.16008453547022
4164,68.1685575209354
4164,68.1685575209354
4164,68.1685575209354
4164,68.1685575209354
4164,68.1685575209354
4165,84.08493209262247
4165,84.08493209262247
4165,84.08493209262247
4165,84.08493209262247
4165,84.08493209262247
4166,84.06696238578648
4166,84.06696238578648
4166,84.06696238578648
4166,84.06696238578648
4166,84.06696238578648
4167,84.15786060403909
4167,84.15786060403909
4167,84.15786060403909
4167,84.15786060403909
4167,84.15786060403909
4168,68.05817522234064
4168,68.05817522234064
4168,68.05817522234064
4168,68.05817522234064
4168,68.05817522234064
4169,68.05666363910755
4169,68.05666363910755
4169,68.05666363910755
4169,68.05666363910755
4169,68.05666363910755
4170,68.06145535376226
4170,68.06145535376226
4170,68.06145535376226
4170,68.06145535376226
4170,68.06145535376226
4171,52.11770772175138
4171,52.11770772175138
4171,52.11770772175138
4171,52.11770772175138
4171,52.11770772175138
4172,55.61196344539493
4172,55.61196344539493
4172,55.61196344539493
4172,55.61196344539493
4172,55.61196344539493
4173,39.61956925319062
4173,39.61956925319062
4173,39.61956925319062
4173,39.61956925319062
4173,39.61956925319062
4174,39.62134642816163
4174,39.62134642816163
4174,39.62134642816163
4174,39.62134642816163
4174,39.62134642816163
4175,39.57784784672193
4175,39.57784784672193
4175,39.57784784672193
4175,39.57784784672193
4175,39.57784784672193
4176,55.51806923641127
4176,55.51806923641127
4176,55.51806923641127
4176,55.51806923641127
4176,55.51806923641127
4177,55.519890084392685
4177,55.519890084392685
4177,55.519890084392685
4177,55.519890084392685
4177,55.519890084392685
4178,55.59158876428544
4178,55.59158876428544
4178,55.59158876428544
4178,55.59158876428544
4178,55.59158876428544
4179,52.08137815410602
4179,52.08137815410602
4179,52.08137815410602
4179,52.08137815410602
4179,52.08137815410602
4180,52.089278851579444
4180,52.089278851579444
4180,52.089278851579444
4180,52.089278851579444
4180,52.089278851579444
4181,52.10651603424592
4181,52.10651603424592
4181,52.10651603424592
4181,52.10651603424592
4181,52.10651603424592
4182,52.00064040903933
4182,52.00064040903933
4182,52.00064040903933
4182,52.00064040903933
4182,52.00064040903933
4183,51.98810156266628
4183,51.98810156266628
4183,51.98810156266628
4183,51.98810156266628
4183,51.98810156266628
4184,55.59546682884218
4184,55.59546682884218
4184,55.59546682884218
4184,55.59546682884218
4184,55.59546682884218
4185,55.625062004839876
4185,55.625062004839876
4185,55.625062004839876
4185,55.625062004839876
4185,55.625062004839876
4186,75.24488244640978
4186,75.24488244640978
4186,75.24488244640978
4186,75.24488244640978
4186,75.24488244640978
4187,75.2211593119515
4187,75.2211593119515
4187,75.2211593119515
4187,75.2211593119515
4187,75.2211593119515
4188,75.19421272985254
4188,75.19421272985254
4188,75.19421272985254
4188,75.19421272985254
4188,75.19421272985254
4189,71.73772096258385
4189,71.73772096258385
4189,71.73772096258385
4189,71.73772096258385
4189,71.73772096258385
4190,75.17836354967592
4190,75.17836354967592
4190,75.17836354967592
4190,75.17836354967592
4190,75.17836354967592
4191,75.17844661567283
4191,75.17844661567283
4191,75.17844661567283
4191,75.17844661567283
4191,75.17844661567283
4192,59.262323554071465
4192,59.262323554071465
4192,59.262323554071465
4192,59.262323554071465
4192,59.262323554071465
4193,59.17563750033165
4193,59.17563750033165
4193,59.17563750033165
4193,59.17563750033165
4193,59.17563750033165
4194,59.13824080789775
4194,59.13824080789775
4194,59.13824080789775
4194,59.13824080789775
4194,59.13824080789775
4195,59.14635500852579
4195,59.14635500852579
4195,59.14635500852579
4195,59.14635500852579
4195,59.14635500852579
4196,59.14290332051803
4196,59.14290332051803
4196,59.14290332051803
4196,59.14290332051803
4196,59.14290332051803
4197,59.14162318644634
4197,59.14162318644634
4197,59.14162318644634
4197,59.14162318644634
4197,59.14162318644634
4198,59.17197021169926
4198,59.17197021169926
4198,59.17197021169926
4198,59.17197021169926
4198,59.17197021169926
4199,75.08728915150148
4199,75.08728915150148
4199,75.08728915150148
4199,75.08728915150148
4199,75.08728915150148
4200,71.36774265169375
4200,71.36774265169375
4200,71.36774265169375
4200,71.36774265169375
4200,71.36774265169375
4201,87.40263010590087
4201,87.40263010590087
4201,87.40263010590087
4201,87.40263010590087
4201,87.40263010590087
4202,83.75588478521476
4202,83.75588478521476
4202,83.75588478521476
4202,83.75588478521476
4202,83.75588478521476
4203,83.82268351159686
4203,83.82268351159686
4203,83.82268351159686
4203,83.82268351159686
4203,83.82268351159686
4204,64.31316847791065
4204,64.31316847791065
4204,64.31316847791065
4204,64.31316847791065
4204,64.31316847791065
4205,48.35855122641518
4205,48.35855122641518
4205,48.35855122641518
4205,48.35855122641518
4205,48.35855122641518
4206,52.06611328342367
4206,52.06611328342367
4206,52.06611328342367
4206,52.06611328342367
4206,52.06611328342367
4207,55.609270606655876
4207,55.609270606655876
4207,55.609270606655876
4207,55.609270606655876
4207,55.609270606655876
4208,55.560047896526385
4208,55.560047896526385
4208,55.560047896526385
4208,55.560047896526385
4208,55.560047896526385
4209,51.886251990552026
4209,51.886251990552026
4209,51.886251990552026
4209,51.886251990552026
4209,51.886251990552026
4210,55.423050613144895
4210,55.423050613144895
4210,55.423050613144895
4210,55.423050613144895
4210,55.423050613144895
4211,51.84699137456285
4211,51.84699137456285
4211,51.84699137456285
4211,51.84699137456285
4211,51.84699137456285
4212,55.44220707719596
4212,55.44220707719596
4212,55.44220707719596
4212,55.44220707719596
4212,55.44220707719596
4213,59.05382773956362
4213,59.05382773956362
4213,59.05382773956362
4213,59.05382773956362
4213,59.05382773956362
4214,55.479447284137976
4214,55.479447284137976
4214,55.479447284137976
4214,55.479447284137976
4214,55.479447284137976
4215,55.533901785191304
4215,55.533901785191304
4215,55.533901785191304
4215,55.533901785191304
4215,55.533901785191304
4216,55.5643639975528
4216,55.5643639975528
4216,55.5643639975528
4216,55.5643639975528
4216,55.5643639975528
4217,55.60024431711954
4217,55.60024431711954
4217,55.60024431711954
4217,55.60024431711954
4217,55.60024431711954
4218,59.185203134155174
4218,59.185203134155174
4218,59.185203134155174
4218,59.185203134155174
4218,59.185203134155174
4219,59.166773080124656
4219,59.166773080124656
4219,59.166773080124656
4219,59.166773080124656
4219,59.166773080124656
4220,55.67317114169915
4220,55.67317114169915
4220,55.67317114169915
4220,55.67317114169915
4220,55.67317114169915
4221,55.61913899020175
4221,55.61913899020175
4221,55.61913899020175
4221,55.61913899020175
4221,55.61913899020175
4222,59.26790659026794
4222,59.26790659026794
4222,59.26790659026794
4222,59.26790659026794
4222,59.26790659026794
4223,75.21906838444224
4223,75.21906838444224
4223,75.21906838444224
4223,75.21906838444224
4223,75.21906838444224
4224,59.21971904202886
4224,59.21971904202886
4224,59.21971904202886
4224,59.21971904202886
4224,59.21971904202886
4225,59.200232161347216
4225,59.200232161347216
4225,59.200232161347216
4225,59.200232161347216
4225,59.200232161347216
4226,59.200331097462026
4226,59.200331097462026
4226,59.200331097462026
4226,59.200331097462026
4226,59.200331097462026
4227,59.26195519709893
4227,59.26195519709893
4227,59.26195519709893
4227,59.26195519709893
4227,59.26195519709893
4228,59.18344427018951
4228,59.18344427018951
4228,59.18344427018951
4228,59.18344427018951
4228,59.18344427018951
4229,75.08436776153033
4229,75.08436776153033
4229,75.08436776153033
4229,75.08436776153033
4229,75.08436776153033
4230,75.09941053826203
4230,75.09941053826203
4230,75.09941053826203
4230,75.09941053826203
4230,75.09941053826203
4231,71.52671151485075
4231,71.52671151485075
4231,71.52671151485075
4231,71.52671151485075
4231,71.52671151485075
4232,71.56736938974429
4232,71.56736938974429
4232,71.56736938974429
4232,71.56736938974429
4232,71.56736938974429
4233,55.45993941659714
4233,55.45993941659714
4233,55.45993941659714
4233,55.45993941659714
4233,55.45993941659714
4234,55.52089484026855
4234,55.52089484026855
4234,55.52089484026855
4234,55.52089484026855
4234,55.52089484026855
4235,39.57959578776051
4235,39.57959578776051
4235,39.57959578776051
4235,39.57959578776051
4235,39.57959578776051
4236,39.66434897778136
4236,39.66434897778136
4236,39.66434897778136
4236,39.66434897778136
4236,39.66434897778136
4237,55.59554077472122
4237,55.59554077472122
4237,55.59554077472122
4237,55.59554077472122
4237,55.59554077472122
4238,55.46736180915049
4238,55.46736180915049
4238,55.46736180915049
4238,55.46736180915049
4238,55.46736180915049
4239,55.620981151295794
4239,55.620981151295794
4239,55.620981151295794
4239,55.620981151295794
4239,55.620981151295794
4240,51.956202902133235
4240,51.956202902133235
4240,51.956202902133235
4240,51.956202902133235
4240,51.956202902133235
4241,51.97538359064386
4241,51.97538359064386
4241,51.97538359064386
4241,51.97538359064386
4241,51.97538359064386
4242,67.9216630920032
4242,67.9216630920032
4242,67.9216630920032
4242,67.9216630920032
4242,67.9216630920032
4243,71.40122769654937
4243,71.40122769654937
4243,71.40122769654937
4243,71.40122769654937
4243,71.40122769654937
4244,71.43984476471094
4244,71.43984476471094
4244,71.43984476471094
4244,71.43984476471094
4244,71.43984476471094
4245,55.51171938962132
4245,55.51171938962132
4245,55.51171938962132
4245,55.51171938962132
4245,55.51171938962132
4246,55.54741175129184
4246,55.54741175129184
4246,55.54741175129184
4246,55.54741175129184
4246,55.54741175129184
4247,71.60210605764635
4247,71.60210605764635
4247,71.60210605764635
4247,71.60210605764635
4247,71.60210605764635
4248,55.71171976998604
4248,55.71171976998604
4248,55.71171976998604
4248,55.71171976998604
4248,55.71171976998604
4249,55.68138990678001
4249,55.68138990678001
4249,55.68138990678001
4249,55.68138990678001
4249,55.68138990678001
4250,55.61900420965768
4250,55.61900420965768
4250,55.61900420965768
4250,55.61900420965768
4250,55.61900420965768
4251,51.94867805623763
4251,51.94867805623763
4251,51.94867805623763
4251,51.94867805623763
4251,51.94867805623763
4252,55.559075327701166
4252,55.559075327701166
4252,55.559075327701166
4252,55.559075327701166
4252,55.559075327701166
4253,75.09142787922463
4253,75.09142787922463
4253,75.09142787922463
4253,75.09142787922463
4253,75.09142787922463
4254,71.5725805173999
4254,71.5725805173999
4254,71.5725805173999
4254,71.5725805173999
4254,71.5725805173999
4255,75.21927625244898
4255,75.21927625244898
4255,75.21927625244898
4255,75.21927625244898
4255,75.21927625244898
4256,78.85892447552445
4256,78.85892447552445
4256,78.85892447552445
4256,78.85892447552445
4256,78.85892447552445
4257,78.87833985352536
4257,78.87833985352536
4257,78.87833985352536
4257,78.87833985352536
4257,78.87833985352536
4258,75.37681168531398
4258,75.37681168531398
4258,75.37681168531398
4258,75.37681168531398
4258,75.37681168531398
4259,75.42108795410573
4259,75.42108795410573
4259,75.42108795410573
4259,75.42108795410573
4259,75.42108795410573
4260,75.41413512601639
4260,75.41413512601639
4260,75.41413512601639
4260,75.41413512601639
4260,75.41413512601639
4261,59.3759041934105
4261,59.3759041934105
4261,59.3759041934105
4261,59.3759041934105
4261,59.3759041934105
4262,59.33678513007484
4262,59.33678513007484
4262,59.33678513007484
4262,59.33678513007484
4262,59.33678513007484
4263,59.303510196486855
4263,59.303510196486855
4263,59.303510196486855
4263,59.303510196486855
4263,59.303510196486855
4264,59.28015900422948
4264,59.28015900422948
4264,59.28015900422948
4264,59.28015900422948
4264,59.28015900422948
4265,39.59734942801592
4265,39.59734942801592
4265,39.59734942801592
4265,39.59734942801592
4265,39.59734942801592
4266,39.574111527627444
4266,39.574111527627444
4266,39.574111527627444
4266,39.574111527627444
4266,39.574111527627444
4267,39.5383712578453
4267,39.5383712578453
4267,39.5383712578453
4267,39.5383712578453
4267,39.5383712578453
4268,39.56134732021977
4268,39.56134732021977
4268,39.56134732021977
4268,39.56134732021977
4268,39.56134732021977
4269,39.587083242367534
4269,39.587083242367534
4269,39.587083242367534
4269,39.587083242367534
4269,39.587083242367534
4270,39.57536011457992
4270,39.57536011457992
4270,39.57536011457992
4270,39.57536011457992
4270,39.57536011457992
4271,39.55777947204287
4271,39.55777947204287
4271,39.55777947204287
4271,39.55777947204287
4271,39.55777947204287
4272,39.50482473602561
4272,39.50482473602561
4272,39.50482473602561
4272,39.50482473602561
4272,39.50482473602561
4273,35.90111266927675
4273,35.90111266927675
4273,35.90111266927675
4273,35.90111266927675
4273,35.90111266927675
4274,48.290579394647196
4274,48.290579394647196
4274,48.290579394647196
4274,48.290579394647196
4274,48.290579394647196
4275,48.31405171915854
4275,48.31405171915854
4275,48.31405171915854
4275,48.31405171915854
4275,48.31405171915854
4276,48.46731371400705
4276,48.46731371400705
4276,48.46731371400705
4276,48.46731371400705
4276,48.46731371400705
4277,64.41356554816805
4277,64.41356554816805
4277,64.41356554816805
4277,64.41356554816805
4277,64.41356554816805
4278,64.4547575204601
4278,64.4547575204601
4278,64.4547575204601
4278,64.4547575204601
4278,64.4547575204601
4279,48.57183368960785
4279,48.57183368960785
4279,48.57183368960785
4279,48.57183368960785
4279,48.57183368960785
4280,64.51167851180594
4280,64.51167851180594
4280,64.51167851180594
4280,64.51167851180594
4280,64.51167851180594
4281,64.56353494111356
4281,64.56353494111356
4281,64.56353494111356
4281,64.56353494111356
4281,64.56353494111356
4282,80.52421309383138
4282,80.52421309383138
4282,80.52421309383138
4282,80.52421309383138
4282,80.52421309383138
4283,80.49796347446696
4283,80.49796347446696
4283,80.49796347446696
4283,80.49796347446696
4283,80.49796347446696
4284,84.04281125403183
4284,84.04281125403183
4284,84.04281125403183
4284,84.04281125403183
4284,84.04281125403183
4285,84.02267670446162
4285,84.02267670446162
4285,84.02267670446162
4285,84.02267670446162
4285,84.02267670446162
4286,91.37749910160521
4286,91.37749910160521
4286,91.37749910160521
4286,91.37749910160521
4286,91.37749910160521
4287,91.28020638225128
4287,91.28020638225128
4287,91.28020638225128
4287,91.28020638225128
4287,91.28020638225128
4288,87.64926360912428
4288,87.64926360912428
4288,87.64926360912428
4288,87.64926360912428
4288,87.64926360912428
4289,71.65204375541434
4289,71.65204375541434
4289,71.65204375541434
4289,71.65204375541434
4289,71.65204375541434
4290,71.70536742167707
4290,71.70536742167707
4290,71.70536742167707
4290,71.70536742167707
4290,71.70536742167707
4291,71.73605238277266
4291,71.73605238277266
4291,71.73605238277266
4291,71.73605238277266
4291,71.73605238277266
4292,75.21983342383416
4292,75.21983342383416
4292,75.21983342383416
4292,75.21983342383416
4292,75.21983342383416
4293,75.27249824065356
4293,75.27249824065356
4293,75.27249824065356
4293,75.27249824065356
4293,75.27249824065356
4294,91.2171285070746
4294,91.2171285070746
4294,91.2171285070746
4294,91.2171285070746
4294,91.2171285070746
4295,91.21441403564533
4295,91.21441403564533
4295,91.21441403564533
4295,91.21441403564533
4295,91.21441403564533
4296,87.65656187714742
4296,87.65656187714742
4296,87.65656187714742
4296,87.65656187714742
4296,87.65656187714742
4297,87.8687207155335
4297,87.8687207155335
4297,87.8687207155335
4297,87.8687207155335
4297,87.8687207155335
4298,87.82515224696124
4298,87.82515224696124
4298,87.82515224696124
4298,87.82515224696124
4298,87.82515224696124
4299,84.13633898414511
4299,84.13633898414511
4299,84.13633898414511
4299,84.13633898414511
4299,84.13633898414511
4300,84.12048660719158
4300,84.12048660719158
4300,84.12048660719158
4300,84.12048660719158
4300,84.12048660719158
4301,84.10664370109949
4301,84.10664370109949
4301,84.10664370109949
4301,84.10664370109949
4301,84.10664370109949
4302,87.66785815397431
4302,87.66785815397431
4302,87.66785815397431
4302,87.66785815397431
4302,87.66785815397431
4303,84.06415318443004
4303,84.06415318443004
4303,84.06415318443004
4303,84.06415318443004
4303,84.06415318443004
4304,87.65403061557086
4304,87.65403061557086
4304,87.65403061557086
4304,87.65403061557086
4304,87.65403061557086
4305,87.65922941396977
4305,87.65922941396977
4305,87.65922941396977
4305,87.65922941396977
4305,87.65922941396977
4306,75.33622867585409
4306,75.33622867585409
4306,75.33622867585409
4306,75.33622867585409
4306,75.33622867585409
4307,75.32706692050212
4307,75.32706692050212
4307,75.32706692050212
4307,75.32706692050212
4307,75.32706692050212
4308,75.38026514679042
4308,75.38026514679042
4308,75.38026514679042
4308,75.38026514679042
4308,75.38026514679042
4309,75.32614734564173
4309,75.32614734564173
4309,75.32614734564173
4309,75.32614734564173
4309,75.32614734564173
4310,75.37226206664404
4310,75.37226206664404
4310,75.37226206664404
4310,75.37226206664404
4310,75.37226206664404
4311,75.42274005157056
4311,75.42274005157056
4311,75.42274005157056
4311,75.42274005157056
4311,75.42274005157056
4312,75.28756989678536
4312,75.28756989678536
4312,75.28756989678536
4312,75.28756989678536
4312,75.28756989678536
4313,71.74324560499134
4313,71.74324560499134
4313,71.74324560499134
4313,71.74324560499134
4313,71.74324560499134
4314,55.69111367640895
4314,55.69111367640895
4314,55.69111367640895
4314,55.69111367640895
4314,55.69111367640895
4315,71.49395001215473
4315,71.49395001215473
4315,71.49395001215473
4315,71.49395001215473
4315,71.49395001215473
4316,71.5694798410778
4316,71.5694798410778
4316,71.5694798410778
4316,71.5694798410778
4316,71.5694798410778
4317,55.72389327107892
4317,55.72389327107892
4317,55.72389327107892
4317,55.72389327107892
4317,55.72389327107892
4318,52.10454617188574
4318,52.10454617188574
4318,52.10454617188574
4318,52.10454617188574
4318,52.10454617188574
4319,52.09340974724877
4319,52.09340974724877
4319,52.09340974724877
4319,52.09340974724877
4319,52.09340974724877
4320,52.09191449763182
4320,52.09191449763182
4320,52.09191449763182
4320,52.09191449763182
4320,52.09191449763182
4321,51.958485322013516
4321,51.958485322013516
4321,51.958485322013516
4321,51.958485322013516
4321,51.958485322013516
4322,51.94783347865878
4322,51.94783347865878
4322,51.94783347865878
4322,51.94783347865878
4322,51.94783347865878
4323,51.938322751045085
4323,51.938322751045085
4323,51.938322751045085
4323,51.938322751045085
4323,51.938322751045085
4324,39.583475319744366
4324,39.583475319744366
4324,39.583475319744366
4324,39.583475319744366
4324,39.583475319744366
4325,39.50788988376935
4325,39.50788988376935
4325,39.50788988376935
4325,39.50788988376935
4325,39.50788988376935
4326,39.50369224505452
4326,39.50369224505452
4326,39.50369224505452
4326,39.50369224505452
4326,39.50369224505452
4327,39.539282988189214
4327,39.539282988189214
4327,39.539282988189214
4327,39.539282988189214
4327,39.539282988189214
4328,39.66035237187027
4328,39.66035237187027
4328,39.66035237187027
4328,39.66035237187027
4328,39.66035237187027
4329,39.72727293768231
4329,39.72727293768231
4329,39.72727293768231
4329,39.72727293768231
4329,39.72727293768231
4330,55.649989198117076
4330,55.649989198117076
4330,55.649989198117076
4330,55.649989198117076
4330,55.649989198117076
4331,55.598090779713026
4331,55.598090779713026
4331,55.598090779713026
4331,55.598090779713026
4331,55.598090779713026
4332,52.0489569069505
4332,52.0489569069505
4332,52.0489569069505
4332,52.0489569069505
4332,52.0489569069505
4333,52.04786336479498
4333,52.04786336479498
4333,52.04786336479498
4333,52.04786336479498
4333,52.04786336479498
4334,36.025762858578744
4334,36.025762858578744
4334,36.025762858578744
4334,36.025762858578744
4334,36.025762858578744
4335,32.41936183806281
4335,32.41936183806281
4335,32.41936183806281
4335,32.41936183806281
4335,32.41936183806281
4336,32.43286642403806
4336,32.43286642403806
4336,32.43286642403806
4336,32.43286642403806
4336,32.43286642403806
4337,48.426148923787494
4337,48.426148923787494
4337,48.426148923787494
4337,48.426148923787494
4337,48.426148923787494
4338,32.48220182190895
4338,32.48220182190895
4338,32.48220182190895
4338,32.48220182190895
4338,32.48220182190895
4339,48.455700001758395
4339,48.455700001758395
4339,48.455700001758395
4339,48.455700001758395
4339,48.455700001758395
4340,32.4652441317764
4340,32.4652441317764
4340,32.4652441317764
4340,32.4652441317764
4340,32.4652441317764
4341,36.06814404395362
4341,36.06814404395362
4341,36.06814404395362
4341,36.06814404395362
4341,36.06814404395362
4342,39.68253361565072
4342,39.68253361565072
4342,39.68253361565072
4342,39.68253361565072
4342,39.68253361565072
4343,39.6618708001303
4343,39.6618708001303
4343,39.6618708001303
4343,39.6618708001303
4343,39.6618708001303
4344,39.60605081145551
4344,39.60605081145551
4344,39.60605081145551
4344,39.60605081145551
4344,39.60605081145551
4345,35.91838823867432
4345,35.91838823867432
4345,35.91838823867432
4345,35.91838823867432
4345,35.91838823867432
4346,39.42344182001835
4346,39.42344182001835
4346,39.42344182001835
4346,39.42344182001835
4346,39.42344182001835
4347,19.92020898652445
4347,19.92020898652445
4347,19.92020898652445
4347,19.92020898652445
4347,19.92020898652445
4348,19.992101218366297
4348,19.992101218366297
4348,19.992101218366297
4348,19.992101218366297
4348,19.992101218366297
4349,35.938891059090544
4349,35.938891059090544
4349,35.938891059090544
4349,35.938891059090544
4349,35.938891059090544
4350,51.820503768600034
4350,51.820503768600034
4350,51.820503768600034
4350,51.820503768600034
4350,51.820503768600034
4351,51.81524183504196
4351,51.81524183504196
4351,51.81524183504196
4351,51.81524183504196
4351,51.81524183504196
4352,55.429219414205804
4352,55.429219414205804
4352,55.429219414205804
4352,55.429219414205804
4352,55.429219414205804
4353,51.85323873576484
4353,51.85323873576484
4353,51.85323873576484
4353,51.85323873576484
4353,51.85323873576484
4354,51.833247149552065
4354,51.833247149552065
4354,51.833247149552065
4354,51.833247149552065
4354,51.833247149552065
4355,51.790478530896394
4355,51.790478530896394
4355,51.790478530896394
4355,51.790478530896394
4355,51.790478530896394
4356,67.80334059683632
4356,67.80334059683632
4356,67.80334059683632
4356,67.80334059683632
4356,67.80334059683632
4357,71.47413500686574
4357,71.47413500686574
4357,71.47413500686574
4357,71.47413500686574
4357,71.47413500686574
4358,55.47225611456899
4358,55.47225611456899
4358,55.47225611456899
4358,55.47225611456899
4358,55.47225611456899
4359,59.16511839202549
4359,59.16511839202549
4359,59.16511839202549
4359,59.16511839202549
4359,59.16511839202549
4360,59.16690763372075
4360,59.16690763372075
4360,59.16690763372075
4360,59.16690763372075
4360,59.16690763372075
4361,39.66791756556249
4361,39.66791756556249
4361,39.66791756556249
4361,39.66791756556249
4361,39.66791756556249
4362,55.59299517868542
4362,55.59299517868542
4362,55.59299517868542
4362,55.59299517868542
4362,55.59299517868542
4363,55.60321459036728
4363,55.60321459036728
4363,55.60321459036728
4363,55.60321459036728
4363,55.60321459036728
4364,55.60226399255877
4364,55.60226399255877
4364,55.60226399255877
4364,55.60226399255877
4364,55.60226399255877
4365,71.51361761853221
4365,71.51361761853221
4365,71.51361761853221
4365,71.51361761853221
4365,71.51361761853221
4366,71.53499657591176
4366,71.53499657591176
4366,71.53499657591176
4366,71.53499657591176
4366,71.53499657591176
4367,55.66128318641207
4367,55.66128318641207
4367,55.66128318641207
4367,55.66128318641207
4367,55.66128318641207
4368,52.123837072167035
4368,52.123837072167035
4368,52.123837072167035
4368,52.123837072167035
4368,52.123837072167035
4369,71.59349765320768
4369,71.59349765320768
4369,71.59349765320768
4369,71.59349765320768
4369,71.59349765320768
4370,71.56132566900479
4370,71.56132566900479
4370,71.56132566900479
4370,71.56132566900479
4370,71.56132566900479
4371,71.54424385771765
4371,71.54424385771765
4371,71.54424385771765
4371,71.54424385771765
4371,71.54424385771765
4372,68.01844863089664
4372,68.01844863089664
4372,68.01844863089664
4372,68.01844863089664
4372,68.01844863089664
4373,52.09300417903794
4373,52.09300417903794
4373,52.09300417903794
4373,52.09300417903794
4373,52.09300417903794
4374,52.098602850616075
4374,52.098602850616075
4374,52.098602850616075
4374,52.098602850616075
4374,52.098602850616075
4375,52.120914265217685
4375,52.120914265217685
4375,52.120914265217685
4375,52.120914265217685
4375,52.120914265217685
4376,52.090370009043
4376,52.090370009043
4376,52.090370009043
4376,52.090370009043
4376,52.090370009043
4377,51.9871956475936
4377,51.9871956475936
4377,51.9871956475936
4377,51.9871956475936
4377,51.9871956475936
4378,51.974879920274454
4378,51.974879920274454
4378,51.974879920274454
4378,51.974879920274454
4378,51.974879920274454
4379,36.00181313480739
4379,36.00181313480739
4379,36.00181313480739
4379,36.00181313480739
4379,36.00181313480739
4380,48.39152511950515
4380,48.39152511950515
4380,48.39152511950515
4380,48.39152511950515
4380,48.39152511950515
4381,48.22197647161856
4381,48.22197647161856
4381,48.22197647161856
4381,48.22197647161856
4381,48.22197647161856
4382,48.23288731338514
4382,48.23288731338514
4382,48.23288731338514
4382,48.23288731338514
4382,48.23288731338514
4383,48.24233202797434
4383,48.24233202797434
4383,48.24233202797434
4383,48.24233202797434
4383,48.24233202797434
4384,32.27215406454734
4384,32.27215406454734
4384,32.27215406454734
4384,32.27215406454734
4384,32.27215406454734
4385,32.265134957169366
4385,32.265134957169366
4385,32.265134957169366
4385,32.265134957169366
4385,32.265134957169366
4386,32.26769456274023
4386,32.26769456274023
4386,32.26769456274023
4386,32.26769456274023
4386,32.26769456274023
4387,32.3151079670755
4387,32.3151079670755
4387,32.3151079670755
4387,32.3151079670755
4387,32.3151079670755
4388,35.93763987138286
4388,35.93763987138286
4388,35.93763987138286
4388,35.93763987138286
4388,35.93763987138286
4389,35.90992542073535
4389,35.90992542073535
4389,35.90992542073535
4389,35.90992542073535
4389,35.90992542073535
4390,51.99477194839729
4390,51.99477194839729
4390,51.99477194839729
4390,51.99477194839729
4390,51.99477194839729
4391,51.96171299561426
4391,51.96171299561426
4391,51.96171299561426
4391,51.96171299561426
4391,51.96171299561426
4392,51.909652941826856
4392,51.909652941826856
4392,51.909652941826856
4392,51.909652941826856
4392,51.909652941826856
4393,55.51595077731788
4393,55.51595077731788
4393,55.51595077731788
4393,55.51595077731788
4393,55.51595077731788
4394,55.51914246750291
4394,55.51914246750291
4394,55.51914246750291
4394,55.51914246750291
4394,55.51914246750291
4395,55.534335353221344
4395,55.534335353221344
4395,55.534335353221344
4395,55.534335353221344
4395,55.534335353221344
4396,59.07591891616541
4396,59.07591891616541
4396,59.07591891616541
4396,59.07591891616541
4396,59.07591891616541
4397,59.12639326152258
4397,59.12639326152258
4397,59.12639326152258
4397,59.12639326152258
4397,59.12639326152258
4398,55.54454122822476
4398,55.54454122822476
4398,55.54454122822476
4398,55.54454122822476
4398,55.54454122822476
4399,55.46251211849155
4399,55.46251211849155
4399,55.46251211849155
4399,55.46251211849155
4399,55.46251211849155
4400,55.53893661610478
4400,55.53893661610478
4400,55.53893661610478
4400,55.53893661610478
4400,55.53893661610478
4401,55.59565350504905
4401,55.59565350504905
4401,55.59565350504905
4401,55.59565350504905
4401,55.59565350504905
4402,71.57190629451654
4402,71.57190629451654
4402,71.57190629451654
4402,71.57190629451654
4402,71.57190629451654
4403,75.21732762833943
4403,75.21732762833943
4403,75.21732762833943
4403,75.21732762833943
4403,75.21732762833943
4404,75.3122057448368
4404,75.3122057448368
4404,75.3122057448368
4404,75.3122057448368
4404,75.3122057448368
4405,59.485080167014004
4405,59.485080167014004
4405,59.485080167014004
4405,59.485080167014004
4405,59.485080167014004
4406,75.43003162082523
4406,75.43003162082523
4406,75.43003162082523
4406,75.43003162082523
4406,75.43003162082523
4407,75.33996152307607
4407,75.33996152307607
4407,75.33996152307607
4407,75.33996152307607
4407,75.33996152307607
4408,75.2175339673568
4408,75.2175339673568
4408,75.2175339673568
4408,75.2175339673568
4408,75.2175339673568
4409,75.18659504566297
4409,75.18659504566297
4409,75.18659504566297
4409,75.18659504566297
4409,75.18659504566297
4410,75.15166515232247
4410,75.15166515232247
4410,75.15166515232247
4410,75.15166515232247
4410,75.15166515232247
4411,71.58592133858876
4411,71.58592133858876
4411,71.58592133858876
4411,71.58592133858876
4411,71.58592133858876
4412,55.58242073655712
4412,55.58242073655712
4412,55.58242073655712
4412,55.58242073655712
4412,55.58242073655712
4413,55.565788366859934
4413,55.565788366859934
4413,55.565788366859934
4413,55.565788366859934
4413,55.565788366859934
4414,55.62505265929293
4414,55.62505265929293
4414,55.62505265929293
4414,55.62505265929293
4414,55.62505265929293
4415,71.52592819814272
4415,71.52592819814272
4415,71.52592819814272
4415,71.52592819814272
4415,71.52592819814272
4416,71.60135145101034
4416,71.60135145101034
4416,71.60135145101034
4416,71.60135145101034
4416,71.60135145101034
4417,71.59543448281443
4417,71.59543448281443
4417,71.59543448281443
4417,71.59543448281443
4417,71.59543448281443
4418,71.65556795895391
4418,71.65556795895391
4418,71.65556795895391
4418,71.65556795895391
4418,71.65556795895391
4419,68.18144759469504
4419,68.18144759469504
4419,68.18144759469504
4419,68.18144759469504
4419,68.18144759469504
4420,68.16290506724818
4420,68.16290506724818
4420,68.16290506724818
4420,68.16290506724818
4420,68.16290506724818
4421,71.68073827242092
4421,71.68073827242092
4421,71.68073827242092
4421,71.68073827242092
4421,71.68073827242092
4422,71.64927187017537
4422,71.64927187017537
4422,71.64927187017537
4422,71.64927187017537
4422,71.64927187017537
4423,71.71265654292549
4423,71.71265654292549
4423,71.71265654292549
4423,71.71265654292549
4423,71.71265654292549
4424,64.54364209806553
4424,64.54364209806553
4424,64.54364209806553
4424,64.54364209806553
4424,64.54364209806553
4425,68.0456067632158
4425,68.0456067632158
4425,68.0456067632158
4425,68.0456067632158
4425,68.0456067632158
4426,68.06905410791862
4426,68.06905410791862
4426,68.06905410791862
4426,68.06905410791862
4426,68.06905410791862
4427,68.0250349384847
4427,68.0250349384847
4427,68.0250349384847
4427,68.0250349384847
4427,68.0250349384847
4428,64.30106710711274
4428,64.30106710711274
4428,64.30106710711274
4428,64.30106710711274
4428,64.30106710711274
4429,48.33831868295567
4429,48.33831868295567
4429,48.33831868295567
4429,48.33831868295567
4429,48.33831868295567
4430,32.40749351192343
4430,32.40749351192343
4430,32.40749351192343
4430,32.40749351192343
4430,32.40749351192343
4431,32.417567494221984
4431,32.417567494221984
4431,32.417567494221984
4431,32.417567494221984
4431,32.417567494221984
4432,16.50016933930688
4432,16.50016933930688
4432,16.50016933930688
4432,16.50016933930688
4432,16.50016933930688
4433,19.977092717550327
4433,19.977092717550327
4433,19.977092717550327
4433,19.977092717550327
4433,19.977092717550327
4434,19.960314021567136
4434,19.960314021567136
4434,19.960314021567136
4434,19.960314021567136
4434,19.960314021567136
4435,20.00711100519151
4435,20.00711100519151
4435,20.00711100519151
4435,20.00711100519151
4435,20.00711100519151
4436,19.940457378951358
4436,19.940457378951358
4436,19.940457378951358
4436,19.940457378951358
4436,19.940457378951358
4437,19.964956715913814
4437,19.964956715913814
4437,19.964956715913814
4437,19.964956715913814
4437,19.964956715913814
4438,19.977003668317053
4438,19.977003668317053
4438,19.977003668317053
4438,19.977003668317053
4438,19.977003668317053
4439,20.02959043996662
4439,20.02959043996662
4439,20.02959043996662
4439,20.02959043996662
4439,20.02959043996662
4440,20.038752852238893
4440,20.038752852238893
4440,20.038752852238893
4440,20.038752852238893
4440,20.038752852238893
4441,36.00898384124459
4441,36.00898384124459
4441,36.00898384124459
4441,36.00898384124459
4441,36.00898384124459
4442,35.944433376591334
4442,35.944433376591334
4442,35.944433376591334
4442,35.944433376591334
4442,35.944433376591334
4443,39.56083609166296
4443,39.56083609166296
4443,39.56083609166296
4443,39.56083609166296
4443,39.56083609166296
4444,55.53904422790227
4444,55.53904422790227
4444,55.53904422790227
4444,55.53904422790227
4444,55.53904422790227
4445,52.04946019516085
4445,52.04946019516085
4445,52.04946019516085
4445,52.04946019516085
4445,52.04946019516085
4446,52.09690248771811
4446,52.09690248771811
4446,52.09690248771811
4446,52.09690248771811
4446,52.09690248771811
4447,52.06092404100416
4447,52.06092404100416
4447,52.06092404100416
4447,52.06092404100416
4447,52.06092404100416
4448,52.02453258068982
4448,52.02453258068982
4448,52.02453258068982
4448,52.02453258068982
4448,52.02453258068982
4449,52.06151613013408
4449,52.06151613013408
4449,52.06151613013408
4449,52.06151613013408
4449,52.06151613013408
4450,68.05929922314061
4450,68.05929922314061
4450,68.05929922314061
4450,68.05929922314061
4450,68.05929922314061
4451,68.081078957526
4451,68.081078957526
4451,68.081078957526
4451,68.081078957526
4451,68.081078957526
4452,68.20362212101763
4452,68.20362212101763
4452,68.20362212101763
4452,68.20362212101763
4452,68.20362212101763
4453,68.043151577006
4453,68.043151577006
4453,68.043151577006
4453,68.043151577006
4453,68.043151577006
4454,52.132534055648044
4454,52.132534055648044
4454,52.132534055648044
4454,52.132534055648044
4454,52.132534055648044
4455,36.17194193658421
4455,36.17194193658421
4455,36.17194193658421
4455,36.17194193658421
4455,36.17194193658421
4456,36.132830743249045
4456,36.132830743249045
4456,36.132830743249045
4456,36.132830743249045
4456,36.132830743249045
4457,36.08302735202298
4457,36.08302735202298
4457,36.08302735202298
4457,36.08302735202298
4457,36.08302735202298
4458,36.13200318998927
4458,36.13200318998927
4458,36.13200318998927
4458,36.13200318998927
4458,36.13200318998927
4459,36.16666810284485
4459,36.16666810284485
4459,36.16666810284485
4459,36.16666810284485
4459,36.16666810284485
4460,36.051188627913525
4460,36.051188627913525
4460,36.051188627913525
4460,36.051188627913525
4460,36.051188627913525
4461,36.07621130521413
4461,36.07621130521413
4461,36.07621130521413
4461,36.07621130521413
4461,36.07621130521413
4462,20.12123413437316
4462,20.12123413437316
4462,20.12123413437316
4462,20.12123413437316
4462,20.12123413437316
4463,20.080389486613758
4463,20.080389486613758
4463,20.080389486613758
4463,20.080389486613758
4463,20.080389486613758
4464,20.019997570544696
4464,20.019997570544696
4464,20.019997570544696
4464,20.019997570544696
4464,20.019997570544696
4465,19.99048213340582
4465,19.99048213340582
4465,19.99048213340582
4465,19.99048213340582
4465,19.99048213340582
4466,19.988930364178238
4466,19.988930364178238
4466,19.988930364178238
4466,19.988930364178238
4466,19.988930364178238
4467,19.932906126809527
4467,19.932906126809527
4467,19.932906126809527
4467,19.932906126809527
4467,19.932906126809527
4468,19.902755717807874
4468,19.902755717807874
4468,19.902755717807874
4468,19.902755717807874
4468,19.902755717807874
4469,19.9374699231178
4469,19.9374699231178
4469,19.9374699231178
4469,19.9374699231178
4469,19.9374699231178
4470,19.890388048545855
4470,19.890388048545855
4470,19.890388048545855
4470,19.890388048545855
4470,19.890388048545855
4471,35.889077021752456
4471,35.889077021752456
4471,35.889077021752456
4471,35.889077021752456
4471,35.889077021752456
4472,19.944672926250995
4472,19.944672926250995
4472,19.944672926250995
4472,19.944672926250995
4472,19.944672926250995
4473,32.28842544154624
4473,32.28842544154624
4473,32.28842544154624
4473,32.28842544154624
4473,32.28842544154624
4474,16.35340175082209
4474,16.35340175082209
4474,16.35340175082209
4474,16.35340175082209
4474,16.35340175082209
4475,32.29856946568871
4475,32.29856946568871
4475,32.29856946568871
4475,32.29856946568871
4475,32.29856946568871
4476,16.352621484618876
4476,16.352621484618876
4476,16.352621484618876
4476,16.352621484618876
4476,16.352621484618876
4477,16.37940848006545
4477,16.37940848006545
4477,16.37940848006545
4477,16.37940848006545
4477,16.37940848006545
4478,32.30192515276707
4478,32.30192515276707
4478,32.30192515276707
4478,32.30192515276707
4478,32.30192515276707
4479,32.29818549242326
4479,32.29818549242326
4479,32.29818549242326
4479,32.29818549242326
4479,32.29818549242326
4480,32.33822045089846
4480,32.33822045089846
4480,32.33822045089846
4480,32.33822045089846
4480,32.33822045089846
4481,48.30653591431127
4481,48.30653591431127
4481,48.30653591431127
4481,48.30653591431127
4481,48.30653591431127
4482,48.33496801406296
4482,48.33496801406296
4482,48.33496801406296
4482,48.33496801406296
4482,48.33496801406296
4483,32.34408432771183
4483,32.34408432771183
4483,32.34408432771183
4483,32.34408432771183
4483,32.34408432771183
4484,32.43707745121078
4484,32.43707745121078
4484,32.43707745121078
4484,32.43707745121078
4484,32.43707745121078
4485,32.36951716186003
4485,32.36951716186003
4485,32.36951716186003
4485,32.36951716186003
4485,32.36951716186003
4486,32.302020969919276
4486,32.302020969919276
4486,32.302020969919276
4486,32.302020969919276
4486,32.302020969919276
4487,35.86250655700134
4487,35.86250655700134
4487,35.86250655700134
4487,35.86250655700134
4487,35.86250655700134
4488,51.792990797515394
4488,51.792990797515394
4488,51.792990797515394
4488,51.792990797515394
4488,51.792990797515394
4489,48.16830816472183
4489,48.16830816472183
4489,48.16830816472183
4489,48.16830816472183
4489,48.16830816472183
4490,48.2766843340322
4490,48.2766843340322
4490,48.2766843340322
4490,48.2766843340322
4490,48.2766843340322
4491,48.35723229079015
4491,48.35723229079015
4491,48.35723229079015
4491,48.35723229079015
4491,48.35723229079015
4492,52.008172441618306
4492,52.008172441618306
4492,52.008172441618306
4492,52.008172441618306
4492,52.008172441618306
4493,52.028805829496534
4493,52.028805829496534
4493,52.028805829496534
4493,52.028805829496534
4493,52.028805829496534
4494,71.7271319909955
4494,71.7271319909955
4494,71.7271319909955
4494,71.7271319909955
4494,71.7271319909955
4495,68.23430708442405
4495,68.23430708442405
4495,68.23430708442405
4495,68.23430708442405
4495,68.23430708442405
4496,68.26032401839294
4496,68.26032401839294
4496,68.26032401839294
4496,68.26032401839294
4496,68.26032401839294
4497,71.90696247740253
4497,71.90696247740253
4497,71.90696247740253
4497,71.90696247740253
4497,71.90696247740253
4498,71.84813438376963
4498,71.84813438376963
4498,71.84813438376963
4498,71.84813438376963
4498,71.84813438376963
4499,71.8327888867772
4499,71.8327888867772
4499,71.8327888867772
4499,71.8327888867772
4499,71.8327888867772
4500,68.18063977670509
4500,68.18063977670509
4500,68.18063977670509
4500,68.18063977670509
4500,68.18063977670509
4501,55.78783518050337
4501,55.78783518050337
4501,55.78783518050337
4501,55.78783518050337
4501,55.78783518050337
4502,55.72374946104075
4502,55.72374946104075
4502,55.72374946104075
4502,55.72374946104075
4502,55.72374946104075
4503,55.67787275630868
4503,55.67787275630868
4503,55.67787275630868
4503,55.67787275630868
4503,55.67787275630868
4504,51.96336538716888
4504,51.96336538716888
4504,51.96336538716888
4504,51.96336538716888
4504,51.96336538716888
4505,51.94279707718573
4505,51.94279707718573
4505,51.94279707718573
4505,51.94279707718573
4505,51.94279707718573
4506,35.97024813789777
4506,35.97024813789777
4506,35.97024813789777
4506,35.97024813789777
4506,35.97024813789777
4507,35.91745024216667
4507,35.91745024216667
4507,35.91745024216667
4507,35.91745024216667
4507,35.91745024216667
4508,35.915321967418556
4508,35.915321967418556
4508,35.915321967418556
4508,35.915321967418556
4508,35.915321967418556
4509,35.88643278078673
4509,35.88643278078673
4509,35.88643278078673
4509,35.88643278078673
4509,35.88643278078673
4510,32.31165790406146
4510,32.31165790406146
4510,32.31165790406146
4510,32.31165790406146
4510,32.31165790406146
4511,35.877273000917626
4511,35.877273000917626
4511,35.877273000917626
4511,35.877273000917626
4511,35.877273000917626
4512,35.9040378125386
4512,35.9040378125386
4512,35.9040378125386
4512,35.9040378125386
4512,35.9040378125386
4513,35.87628175434891
4513,35.87628175434891
4513,35.87628175434891
4513,35.87628175434891
4513,35.87628175434891
4514,35.88324683579459
4514,35.88324683579459
4514,35.88324683579459
4514,35.88324683579459
4514,35.88324683579459
4515,48.30018519057685
4515,48.30018519057685
4515,48.30018519057685
4515,48.30018519057685
4515,48.30018519057685
4516,48.392508378583486
4516,48.392508378583486
4516,48.392508378583486
4516,48.392508378583486
4516,48.392508378583486
4517,48.41421930333074
4517,48.41421930333074
4517,48.41421930333074
4517,48.41421930333074
4517,48.41421930333074
4518,52.043537194764404
4518,52.043537194764404
4518,52.043537194764404
4518,52.043537194764404
4518,52.043537194764404
4519,51.83485996794328
4519,51.83485996794328
4519,51.83485996794328
4519,51.83485996794328
4519,51.83485996794328
4520,35.954629442872076
4520,35.954629442872076
4520,35.954629442872076
4520,35.954629442872076
4520,35.954629442872076
4521,20.019829916862825
4521,20.019829916862825
4521,20.019829916862825
4521,20.019829916862825
4521,20.019829916862825
4522,19.989981577092955
4522,19.989981577092955
4522,19.989981577092955
4522,19.989981577092955
4522,19.989981577092955
4523,35.938619905517285
4523,35.938619905517285
4523,35.938619905517285
4523,35.938619905517285
4523,35.938619905517285
4524,35.95107622224317
4524,35.95107622224317
4524,35.95107622224317
4524,35.95107622224317
4524,35.95107622224317
4525,35.968336147494725
4525,35.968336147494725
4525,35.968336147494725
4525,35.968336147494725
4525,35.968336147494725
4526,35.97532243880734
4526,35.97532243880734
4526,35.97532243880734
4526,35.97532243880734
4526,35.97532243880734
4527,35.98859879442828
4527,35.98859879442828
4527,35.98859879442828
4527,35.98859879442828
4527,35.98859879442828
4528,52.11018297818739
4528,52.11018297818739
4528,52.11018297818739
4528,52.11018297818739
4528,52.11018297818739
4529,52.0996996344215
4529,52.0996996344215
4529,52.0996996344215
4529,52.0996996344215
4529,52.0996996344215
4530,52.08010225815276
4530,52.08010225815276
4530,52.08010225815276
4530,52.08010225815276
4530,52.08010225815276
4531,48.4968898833417
4531,48.4968898833417
4531,48.4968898833417
4531,48.4968898833417
4531,48.4968898833417
4532,48.446797930977326
4532,48.446797930977326
4532,48.446797930977326
4532,48.446797930977326
4532,48.446797930977326
4533,52.014856937503495
4533,52.014856937503495
4533,52.014856937503495
4533,52.014856937503495
4533,52.014856937503495
4534,64.29247745969715
4534,64.29247745969715
4534,64.29247745969715
4534,64.29247745969715
4534,64.29247745969715
4535,64.30338479380822
4535,64.30338479380822
4535,64.30338479380822
4535,64.30338479380822
4535,64.30338479380822
4536,52.06603125643976
4536,52.06603125643976
4536,52.06603125643976
4536,52.06603125643976
4536,52.06603125643976
4537,55.60449966968688
4537,55.60449966968688
4537,55.60449966968688
4537,55.60449966968688
4537,55.60449966968688
4538,55.59563366158049
4538,55.59563366158049
4538,55.59563366158049
4538,55.59563366158049
4538,55.59563366158049
4539,59.179021657127144
4539,59.179021657127144
4539,59.179021657127144
4539,59.179021657127144
4539,59.179021657127144
4540,59.187431198665
4540,59.187431198665
4540,59.187431198665
4540,59.187431198665
4540,59.187431198665
4541,59.140853547540495
4541,59.140853547540495
4541,59.140853547540495
4541,59.140853547540495
4541,59.140853547540495
4542,59.13295815096056
4542,59.13295815096056
4542,59.13295815096056
4542,59.13295815096056
4542,59.13295815096056
4543,59.2361100258106
4543,59.2361100258106
4543,59.2361100258106
4543,59.2361100258106
4543,59.2361100258106
4544,59.2435551540666
4544,59.2435551540666
4544,59.2435551540666
4544,59.2435551540666
4544,59.2435551540666
4545,59.320584192540096
4545,59.320584192540096
4545,59.320584192540096
4545,59.320584192540096
4545,59.320584192540096
4546,59.34643715373286
4546,59.34643715373286
4546,59.34643715373286
4546,59.34643715373286
4546,59.34643715373286
4547,59.246182001541094
4547,59.246182001541094
4547,59.246182001541094
4547,59.246182001541094
4547,59.246182001541094
4548,59.26961486682789
4548,59.26961486682789
4548,59.26961486682789
4548,59.26961486682789
4548,59.26961486682789
4549,55.67939149572337
4549,55.67939149572337
4549,55.67939149572337
4549,55.67939149572337
4549,55.67939149572337
4550,55.48473835377977
4550,55.48473835377977
4550,55.48473835377977
4550,55.48473835377977
4550,55.48473835377977
4551,51.85098055425053
4551,51.85098055425053
4551,51.85098055425053
4551,51.85098055425053
4551,51.85098055425053
4552,35.87680333238866
4552,35.87680333238866
4552,35.87680333238866
4552,35.87680333238866
4552,35.87680333238866
4553,35.89485225865437
4553,35.89485225865437
4553,35.89485225865437
4553,35.89485225865437
4553,35.89485225865437
4554,35.97549646248193
4554,35.97549646248193
4554,35.97549646248193
4554,35.97549646248193
4554,35.97549646248193
4555,36.00445783851025
4555,36.00445783851025
4555,36.00445783851025
4555,36.00445783851025
4555,36.00445783851025
4556,36.020648231105824
4556,36.020648231105824
4556,36.020648231105824
4556,36.020648231105824
4556,36.020648231105824
4557,36.061486138588386
4557,36.061486138588386
4557,36.061486138588386
4557,36.061486138588386
4557,36.061486138588386
4558,35.93856300561233
4558,35.93856300561233
4558,35.93856300561233
4558,35.93856300561233
4558,35.93856300561233
4559,35.94743206378856
4559,35.94743206378856
4559,35.94743206378856
4559,35.94743206378856
4559,35.94743206378856
4560,19.96816517979358
4560,19.96816517979358
4560,19.96816517979358
4560,19.96816517979358
4560,19.96816517979358
4561,20.00351378431562
4561,20.00351378431562
4561,20.00351378431562
4561,20.00351378431562
4561,20.00351378431562
4562,51.890808499345226
4562,51.890808499345226
4562,51.890808499345226
4562,51.890808499345226
4562,51.890808499345226
4563,51.87727771254316
4563,51.87727771254316
4563,51.87727771254316
4563,51.87727771254316
4563,51.87727771254316
4564,67.96220493840126
4564,67.96220493840126
4564,67.96220493840126
4564,67.96220493840126
4564,67.96220493840126
4565,52.037634458292246
4565,52.037634458292246
4565,52.037634458292246
4565,52.037634458292246
4565,52.037634458292246
4566,71.55008691553446
4566,71.55008691553446
4566,71.55008691553446
4566,71.55008691553446
4566,71.55008691553446
4567,71.6656941637633
4567,71.6656941637633
4567,71.6656941637633
4567,71.6656941637633
4567,71.6656941637633
4568,71.84317356977651
4568,71.84317356977651
4568,71.84317356977651
4568,71.84317356977651
4568,71.84317356977651
4569,71.8114540196187
4569,71.8114540196187
4569,71.8114540196187
4569,71.8114540196187
4569,71.8114540196187
4570,71.85526474372088
4570,71.85526474372088
4570,71.85526474372088
4570,71.85526474372088
4570,71.85526474372088
4571,67.88875543317468
4571,67.88875543317468
4571,67.88875543317468
4571,67.88875543317468
4571,67.88875543317468
4572,67.89127626531483
4572,67.89127626531483
4572,67.89127626531483
4572,67.89127626531483
4572,67.89127626531483
4573,71.51210078124673
4573,71.51210078124673
4573,71.51210078124673
4573,71.51210078124673
4573,71.51210078124673
4574,67.92318957567008
4574,67.92318957567008
4574,67.92318957567008
4574,67.92318957567008
4574,67.92318957567008
4575,52.166379027045956
4575,52.166379027045956
4575,52.166379027045956
4575,52.166379027045956
4575,52.166379027045956
4576,55.72377565186001
4576,55.72377565186001
4576,55.72377565186001
4576,55.72377565186001
4576,55.72377565186001
4577,55.69053873885533
4577,55.69053873885533
4577,55.69053873885533
4577,55.69053873885533
4577,55.69053873885533
4578,55.663548329052254
4578,55.663548329052254
4578,55.663548329052254
4578,55.663548329052254
4578,55.663548329052254
4579,55.53139108323148
4579,55.53139108323148
4579,55.53139108323148
4579,55.53139108323148
4579,55.53139108323148
4580,59.11138307377124
4580,59.11138307377124
4580,59.11138307377124
4580,59.11138307377124
4580,59.11138307377124
4581,59.133624268129594
4581,59.133624268129594
4581,59.133624268129594
4581,59.133624268129594
4581,59.133624268129594
4582,59.20762338177995
4582,59.20762338177995
4582,59.20762338177995
4582,59.20762338177995
4582,59.20762338177995
4583,59.26299021572561
4583,59.26299021572561
4583,59.26299021572561
4583,59.26299021572561
4583,59.26299021572561
4584,59.10203159368518
4584,59.10203159368518
4584,59.10203159368518
4584,59.10203159368518
4584,59.10203159368518
4585,59.07502273930942
4585,59.07502273930942
4585,59.07502273930942
4585,59.07502273930942
4585,59.07502273930942
4586,55.526509566898596
4586,55.526509566898596
4586,55.526509566898596
4586,55.526509566898596
4586,55.526509566898596
4587,55.535308680107356
4587,55.535308680107356
4587,55.535308680107356
4587,55.535308680107356
4587,55.535308680107356
4588,51.962346195241366
4588,51.962346195241366
4588,51.962346195241366
4588,51.962346195241366
4588,51.962346195241366
4589,48.34364436066896
4589,48.34364436066896
4589,48.34364436066896
4589,48.34364436066896
4589,48.34364436066896
4590,48.21782019951345
4590,48.21782019951345
4590,48.21782019951345
4590,48.21782019951345
4590,48.21782019951345
4591,32.29361048726939
4591,32.29361048726939
4591,32.29361048726939
4591,32.29361048726939
4591,32.29361048726939
4592,32.28029599794347
4592,32.28029599794347
4592,32.28029599794347
4592,32.28029599794347
4592,32.28029599794347
4593,35.879575456731764
4593,35.879575456731764
4593,35.879575456731764
4593,35.879575456731764
4593,35.879575456731764
4594,32.26499818314132
4594,32.26499818314132
4594,32.26499818314132
4594,32.26499818314132
4594,32.26499818314132
4595,32.23247191374278
4595,32.23247191374278
4595,32.23247191374278
4595,32.23247191374278
4595,32.23247191374278
4596,48.18618813693731
4596,48.18618813693731
4596,48.18618813693731
4596,48.18618813693731
4596,48.18618813693731
4597,32.25271445660965
4597,32.25271445660965
4597,32.25271445660965
4597,32.25271445660965
4597,32.25271445660965
4598,32.286930335357006
4598,32.286930335357006
4598,32.286930335357006
4598,32.286930335357006
4598,32.286930335357006
4599,32.28728605141995
4599,32.28728605141995
4599,32.28728605141995
4599,32.28728605141995
4599,32.28728605141995
4600,16.473905583965628
4600,16.473905583965628
4600,16.473905583965628
4600,16.473905583965628
4600,16.473905583965628
4601,16.47394999786415
4601,16.47394999786415
4601,16.47394999786415
4601,16.47394999786415
4601,16.47394999786415
4602,16.422000153674162
4602,16.422000153674162
4602,16.422000153674162
4602,16.422000153674162
4602,16.422000153674162
4603,32.24225378457905
4603,32.24225378457905
4603,32.24225378457905
4603,32.24225378457905
4603,32.24225378457905
4604,35.84557903886875
4604,35.84557903886875
4604,35.84557903886875
4604,35.84557903886875
4604,35.84557903886875
4605,48.216708403482336
4605,48.216708403482336
4605,48.216708403482336
4605,48.216708403482336
4605,48.216708403482336
4606,48.36439755840452
4606,48.36439755840452
4606,48.36439755840452
4606,48.36439755840452
4606,48.36439755840452
4607,48.354176211391824
4607,48.354176211391824
4607,48.354176211391824
4607,48.354176211391824
4607,48.354176211391824
4608,32.28244369439891
4608,32.28244369439891
4608,32.28244369439891
4608,32.28244369439891
4608,32.28244369439891
4609,32.27625423108641
4609,32.27625423108641
4609,32.27625423108641
4609,32.27625423108641
4609,32.27625423108641
4610,32.28488147229001
4610,32.28488147229001
4610,32.28488147229001
4610,32.28488147229001
4610,32.28488147229001
4611,32.267093610228955
4611,32.267093610228955
4611,32.267093610228955
4611,32.267093610228955
4611,32.267093610228955
4612,35.87369249902515
4612,35.87369249902515
4612,35.87369249902515
4612,35.87369249902515
4612,35.87369249902515
4613,35.919521422437654
4613,35.919521422437654
4613,35.919521422437654
4613,35.919521422437654
4613,35.919521422437654
4614,35.97757137666771
4614,35.97757137666771
4614,35.97757137666771
4614,35.97757137666771
4614,35.97757137666771
4615,35.97395154658094
4615,35.97395154658094
4615,35.97395154658094
4615,35.97395154658094
4615,35.97395154658094
4616,32.37271798469292
4616,32.37271798469292
4616,32.37271798469292
4616,32.37271798469292
4616,32.37271798469292
4617,32.36499678226196
4617,32.36499678226196
4617,32.36499678226196
4617,32.36499678226196
4617,32.36499678226196
4618,32.36940322181197
4618,32.36940322181197
4618,32.36940322181197
4618,32.36940322181197
4618,32.36940322181197
4619,32.3642246671303
4619,32.3642246671303
4619,32.3642246671303
4619,32.3642246671303
4619,32.3642246671303
4620,36.02390627795783
4620,36.02390627795783
4620,36.02390627795783
4620,36.02390627795783
4620,36.02390627795783
4621,36.05729946972944
4621,36.05729946972944
4621,36.05729946972944
4621,36.05729946972944
4621,36.05729946972944
4622,36.06256750685932
4622,36.06256750685932
4622,36.06256750685932
4622,36.06256750685932
4622,36.06256750685932
4623,36.05414852187391
4623,36.05414852187391
4623,36.05414852187391
4623,36.05414852187391
4623,36.05414852187391
4624,35.96854110435591
4624,35.96854110435591
4624,35.96854110435591
4624,35.96854110435591
4624,35.96854110435591
4625,35.975018225767144
4625,35.975018225767144
4625,35.975018225767144
4625,35.975018225767144
4625,35.975018225767144
4626,51.96445950338534
4626,51.96445950338534
4626,51.96445950338534
4626,51.96445950338534
4626,51.96445950338534
4627,55.58476441300115
4627,55.58476441300115
4627,55.58476441300115
4627,55.58476441300115
4627,55.58476441300115
4628,55.59486213298595
4628,55.59486213298595
4628,55.59486213298595
4628,55.59486213298595
4628,55.59486213298595
4629,55.666488524589155
4629,55.666488524589155
4629,55.666488524589155
4629,55.666488524589155
4629,55.666488524589155
4630,39.71366106488021
4630,39.71366106488021
4630,39.71366106488021
4630,39.71366106488021
4630,39.71366106488021
4631,36.065670714283065
4631,36.065670714283065
4631,36.065670714283065
4631,36.065670714283065
4631,36.065670714283065
4632,36.0532381059265
4632,36.0532381059265
4632,36.0532381059265
4632,36.0532381059265
4632,36.0532381059265
4633,36.04659309381282
4633,36.04659309381282
4633,36.04659309381282
4633,36.04659309381282
4633,36.04659309381282
4634,36.04305296242403
4634,36.04305296242403
4634,36.04305296242403
4634,36.04305296242403
4634,36.04305296242403
4635,35.94484057149862
4635,35.94484057149862
4635,35.94484057149862
4635,35.94484057149862
4635,35.94484057149862
4636,35.90980748990354
4636,35.90980748990354
4636,35.90980748990354
4636,35.90980748990354
4636,35.90980748990354
4637,32.31350278065277
4637,32.31350278065277
4637,32.31350278065277
4637,32.31350278065277
4637,32.31350278065277
4638,32.165381844326475
4638,32.165381844326475
4638,32.165381844326475
4638,32.165381844326475
4638,32.165381844326475
4639,35.78750352723157
4639,35.78750352723157
4639,35.78750352723157
4639,35.78750352723157
4639,35.78750352723157
4640,35.79350510381489
4640,35.79350510381489
4640,35.79350510381489
4640,35.79350510381489
4640,35.79350510381489
4641,39.490498884198466
4641,39.490498884198466
4641,39.490498884198466
4641,39.490498884198466
4641,39.490498884198466
4642,55.494390794245035
4642,55.494390794245035
4642,55.494390794245035
4642,55.494390794245035
4642,55.494390794245035
4643,55.496919591964385
4643,55.496919591964385
4643,55.496919591964385
4643,55.496919591964385
4643,55.496919591964385
4644,55.535581888683524
4644,55.535581888683524
4644,55.535581888683524
4644,55.535581888683524
4644,55.535581888683524
4645,39.58946530161866
4645,39.58946530161866
4645,39.58946530161866
4645,39.58946530161866
4645,39.58946530161866
4646,55.589681523632144
4646,55.589681523632144
4646,55.589681523632144
4646,55.589681523632144
4646,55.589681523632144
4647,55.609205518236635
4647,55.609205518236635
4647,55.609205518236635
4647,55.609205518236635
4647,55.609205518236635
4648,52.0891175891374
4648,52.0891175891374
4648,52.0891175891374
4648,52.0891175891374
4648,52.0891175891374
4649,52.097336022241734
4649,52.097336022241734
4649,52.097336022241734
4649,52.097336022241734
4649,52.097336022241734
4650,52.048378285892035
4650,52.048378285892035
4650,52.048378285892035
4650,52.048378285892035
4650,52.048378285892035
4651,52.020909718605346
4651,52.020909718605346
4651,52.020909718605346
4651,52.020909718605346
4651,52.020909718605346
4652,51.994733478764466
4652,51.994733478764466
4652,51.994733478764466
4652,51.994733478764466
4652,51.994733478764466
4653,55.6059644505738
4653,55.6059644505738
4653,55.6059644505738
4653,55.6059644505738
4653,55.6059644505738
4654,55.64249694569869
4654,55.64249694569869
4654,55.64249694569869
4654,55.64249694569869
4654,55.64249694569869
4655,55.61879184025338
4655,55.61879184025338
4655,55.61879184025338
4655,55.61879184025338
4655,55.61879184025338
4656,55.62686864436303
4656,55.62686864436303
4656,55.62686864436303
4656,55.62686864436303
4656,55.62686864436303
4657,51.96824796623999
4657,51.96824796623999
4657,51.96824796623999
4657,51.96824796623999
4657,51.96824796623999
4658,51.99057278237058
4658,51.99057278237058
4658,51.99057278237058
4658,51.99057278237058
4658,51.99057278237058
4659,36.04022557770765
4659,36.04022557770765
4659,36.04022557770765
4659,36.04022557770765
4659,36.04022557770765
4660,20.10059482256774
4660,20.10059482256774
4660,20.10059482256774
4660,20.10059482256774
4660,20.10059482256774
4661,20.105550437376024
4661,20.105550437376024
4661,20.105550437376024
4661,20.105550437376024
4661,20.105550437376024
4662,36.01692693510791
4662,36.01692693510791
4662,36.01692693510791
4662,36.01692693510791
4662,36.01692693510791
4663,36.04554573829033
4663,36.04554573829033
4663,36.04554573829033
4663,36.04554573829033
4663,36.04554573829033
4664,36.094325638836445
4664,36.094325638836445
4664,36.094325638836445
4664,36.094325638836445
4664,36.094325638836445
4665,36.15252537990736
4665,36.15252537990736
4665,36.15252537990736
4665,36.15252537990736
4665,36.15252537990736
4666,36.192135066185344
4666,36.192135066185344
4666,36.192135066185344
4666,36.192135066185344
4666,36.192135066185344
4667,52.13642016923511
4667,52.13642016923511
4667,52.13642016923511
4667,52.13642016923511
4667,52.13642016923511
4668,52.06178543873737
4668,52.06178543873737
4668,52.06178543873737
4668,52.06178543873737
4668,52.06178543873737
4669,52.1277314763629
4669,52.1277314763629
4669,52.1277314763629
4669,52.1277314763629
4669,52.1277314763629
4670,52.045497315915085
4670,52.045497315915085
4670,52.045497315915085
4670,52.045497315915085
4670,52.045497315915085
4671,55.54440717761834
4671,55.54440717761834
4671,55.54440717761834
4671,55.54440717761834
4671,55.54440717761834
4672,51.96266100385039
4672,51.96266100385039
4672,51.96266100385039
4672,51.96266100385039
4672,51.96266100385039
4673,55.4946751523463
4673,55.4946751523463
4673,55.4946751523463
4673,55.4946751523463
4673,55.4946751523463
4674,51.92530332983698
4674,51.92530332983698
4674,51.92530332983698
4674,51.92530332983698
4674,51.92530332983698
4675,51.917980881761125
4675,51.917980881761125
4675,51.917980881761125
4675,51.917980881761125
4675,51.917980881761125
4676,51.883734680161965
4676,51.883734680161965
4676,51.883734680161965
4676,51.883734680161965
4676,51.883734680161965
4677,59.032580175822105
4677,59.032580175822105
4677,59.032580175822105
4677,59.032580175822105
4677,59.032580175822105
4678,55.47176347599817
4678,55.47176347599817
4678,55.47176347599817
4678,55.47176347599817
4678,55.47176347599817
4679,55.522973380413305
4679,55.522973380413305
4679,55.522973380413305
4679,55.522973380413305
4679,55.522973380413305
4680,55.49233655401965
4680,55.49233655401965
4680,55.49233655401965
4680,55.49233655401965
4680,55.49233655401965
4681,48.3887893609144
4681,48.3887893609144
4681,48.3887893609144
4681,48.3887893609144
4681,48.3887893609144
4682,48.37210235971501
4682,48.37210235971501
4682,48.37210235971501
4682,48.37210235971501
4682,48.37210235971501
4683,52.02984962681709
4683,52.02984962681709
4683,52.02984962681709
4683,52.02984962681709
4683,52.02984962681709
4684,36.01630941606358
4684,36.01630941606358
4684,36.01630941606358
4684,36.01630941606358
4684,36.01630941606358
4685,51.9759532597166
4685,51.9759532597166
4685,51.9759532597166
4685,51.9759532597166
4685,51.9759532597166
4686,67.91455423018016
4686,67.91455423018016
4686,67.91455423018016
4686,67.91455423018016
4686,67.91455423018016
4687,51.97172140196532
4687,51.97172140196532
4687,51.97172140196532
4687,51.97172140196532
4687,51.97172140196532
4688,52.03080581093984
4688,52.03080581093984
4688,52.03080581093984
4688,52.03080581093984
4688,52.03080581093984
4689,36.075894047133616
4689,36.075894047133616
4689,36.075894047133616
4689,36.075894047133616
4689,36.075894047133616
4690,32.43250875078927
4690,32.43250875078927
4690,32.43250875078927
4690,32.43250875078927
4690,32.43250875078927
4691,32.45152241544586
4691,32.45152241544586
4691,32.45152241544586
4691,32.45152241544586
4691,32.45152241544586
4692,32.445063785017894
4692,32.445063785017894
4692,32.445063785017894
4692,32.445063785017894
4692,32.445063785017894
4693,32.42906605279576
4693,32.42906605279576
4693,32.42906605279576
4693,32.42906605279576
4693,32.42906605279576
4694,32.40841390044865
4694,32.40841390044865
4694,32.40841390044865
4694,32.40841390044865
4694,32.40841390044865
4695,32.402462042958874
4695,32.402462042958874
4695,32.402462042958874
4695,32.402462042958874
4695,32.402462042958874
4696,32.424518776088966
4696,32.424518776088966
4696,32.424518776088966
4696,32.424518776088966
4696,32.424518776088966
4697,32.42269974760677
4697,32.42269974760677
4697,32.42269974760677
4697,32.42269974760677
4697,32.42269974760677
4698,32.43371137045591
4698,32.43371137045591
4698,32.43371137045591
4698,32.43371137045591
4698,32.43371137045591
4699,36.02563146007072
4699,36.02563146007072
4699,36.02563146007072
4699,36.02563146007072
4699,36.02563146007072
4700,20.06605238927685
4700,20.06605238927685
4700,20.06605238927685
4700,20.06605238927685
4700,20.06605238927685
4701,20.094247996186557
4701,20.094247996186557
4701,20.094247996186557
4701,20.094247996186557
4701,20.094247996186557
4702,20.04066589277687
4702,20.04066589277687
4702,20.04066589277687
4702,20.04066589277687
4702,20.04066589277687
4703,35.91018201520284
4703,35.91018201520284
4703,35.91018201520284
4703,35.91018201520284
4703,35.91018201520284
4704,16.351641587602764
4704,16.351641587602764
4704,16.351641587602764
4704,16.351641587602764
4704,16.351641587602764
4705,32.311967043483705
4705,32.311967043483705
4705,32.311967043483705
4705,32.311967043483705
4705,32.311967043483705
4706,32.307826457464095
4706,32.307826457464095
4706,32.307826457464095
4706,32.307826457464095
4706,32.307826457464095
4707,48.34924815597515
4707,48.34924815597515
4707,48.34924815597515
4707,48.34924815597515
4707,48.34924815597515
4708,32.47455124182919
4708,32.47455124182919
4708,32.47455124182919
4708,32.47455124182919
4708,32.47455124182919
4709,32.57960921168386
4709,32.57960921168386
4709,32.57960921168386
4709,32.57960921168386
4709,32.57960921168386
4710,48.6726744364539
4710,48.6726744364539
4710,48.6726744364539
4710,48.6726744364539
4710,48.6726744364539
4711,48.694208625636776
4711,48.694208625636776
4711,48.694208625636776
4711,48.694208625636776
4711,48.694208625636776
4712,64.48106311547998
4712,64.48106311547998
4712,64.48106311547998
4712,64.48106311547998
4712,64.48106311547998
4713,64.44115832512256
4713,64.44115832512256
4713,64.44115832512256
4713,64.44115832512256
4713,64.44115832512256
4714,48.39746170299503
4714,48.39746170299503
4714,48.39746170299503
4714,48.39746170299503
4714,48.39746170299503
4715,48.33428661044489
4715,48.33428661044489
4715,48.33428661044489
4715,48.33428661044489
4715,48.33428661044489
4716,55.49735966992729
4716,55.49735966992729
4716,55.49735966992729
4716,55.49735966992729
4716,55.49735966992729
4717,59.12555807480318
4717,59.12555807480318
4717,59.12555807480318
4717,59.12555807480318
4717,59.12555807480318
4718,55.529453065924734
4718,55.529453065924734
4718,55.529453065924734
4718,55.529453065924734
4718,55.529453065924734
4719,59.16509901490932
4719,59.16509901490932
4719,59.16509901490932
4719,59.16509901490932
4719,59.16509901490932
4720,75.12883735342713
4720,75.12883735342713
4720,75.12883735342713
4720,75.12883735342713
4720,75.12883735342713
4721,75.10619129705063
4721,75.10619129705063
4721,75.10619129705063
4721,75.10619129705063
4721,75.10619129705063
4722,75.22150107450122
4722,75.22150107450122
4722,75.22150107450122
4722,75.22150107450122
4722,75.22150107450122
4723,78.83143246072082
4723,78.83143246072082
4723,78.83143246072082
4723,78.83143246072082
4723,78.83143246072082
4724,78.83508395421742
4724,78.83508395421742
4724,78.83508395421742
4724,78.83508395421742
4724,78.83508395421742
4725,78.85335323025302
4725,78.85335323025302
4725,78.85335323025302
4725,78.85335323025302
4725,78.85335323025302
4726,78.89232154595696
4726,78.89232154595696
4726,78.89232154595696
4726,78.89232154595696
4726,78.89232154595696
4727,78.84440461120704
4727,78.84440461120704
4727,78.84440461120704
4727,78.84440461120704
4727,78.84440461120704
4728,75.25054962304088
4728,75.25054962304088
4728,75.25054962304088
4728,75.25054962304088
4728,75.25054962304088
4729,75.26284547345503
4729,75.26284547345503
4729,75.26284547345503
4729,75.26284547345503
4729,75.26284547345503
4730,71.5425228325006
4730,71.5425228325006
4730,71.5425228325006
4730,71.5425228325006
4730,71.5425228325006
4731,71.59571300689876
4731,71.59571300689876
4731,71.59571300689876
4731,71.59571300689876
4731,71.59571300689876
4732,71.48478866412746
4732,71.48478866412746
4732,71.48478866412746
4732,71.48478866412746
4732,71.48478866412746
4733,71.47491033194775
4733,71.47491033194775
4733,71.47491033194775
4733,71.47491033194775
4733,71.47491033194775
4734,75.18774655105334
4734,75.18774655105334
4734,75.18774655105334
4734,75.18774655105334
4734,75.18774655105334
4735,71.59882976774894
4735,71.59882976774894
4735,71.59882976774894
4735,71.59882976774894
4735,71.59882976774894
4736,55.711614726966005
4736,55.711614726966005
4736,55.711614726966005
4736,55.711614726966005
4736,55.711614726966005
4737,55.73080900554724
4737,55.73080900554724
4737,55.73080900554724
4737,55.73080900554724
4737,55.73080900554724
4738,55.69602923539151
4738,55.69602923539151
4738,55.69602923539151
4738,55.69602923539151
4738,55.69602923539151
4739,55.59416786945057
4739,55.59416786945057
4739,55.59416786945057
4739,55.59416786945057
4739,55.59416786945057
4740,59.19244992549183
4740,59.19244992549183
4740,59.19244992549183
4740,59.19244992549183
4740,59.19244992549183
4741,55.60083024847522
4741,55.60083024847522
4741,55.60083024847522
4741,55.60083024847522
4741,55.60083024847522
4742,55.60465032703512
4742,55.60465032703512
4742,55.60465032703512
4742,55.60465032703512
4742,55.60465032703512
4743,55.62511755748085
4743,55.62511755748085
4743,55.62511755748085
4743,55.62511755748085
4743,55.62511755748085
4744,55.588694901966676
4744,55.588694901966676
4744,55.588694901966676
4744,55.588694901966676
4744,55.588694901966676
4745,52.02771347341146
4745,52.02771347341146
4745,52.02771347341146
4745,52.02771347341146
4745,52.02771347341146
4746,52.03485819514835
4746,52.03485819514835
4746,52.03485819514835
4746,52.03485819514835
4746,52.03485819514835
4747,59.17536361766249
4747,59.17536361766249
4747,59.17536361766249
4747,59.17536361766249
4747,59.17536361766249
4748,59.15487580240792
4748,59.15487580240792
4748,59.15487580240792
4748,59.15487580240792
4748,59.15487580240792
4749,59.219941859747266
4749,59.219941859747266
4749,59.219941859747266
4749,59.219941859747266
4749,59.219941859747266
4750,75.13404357219211
4750,75.13404357219211
4750,75.13404357219211
4750,75.13404357219211
4750,75.13404357219211
4751,75.10229786662136
4751,75.10229786662136
4751,75.10229786662136
4751,75.10229786662136
4751,75.10229786662136
4752,75.1790969488978
4752,75.1790969488978
4752,75.1790969488978
4752,75.1790969488978
4752,75.1790969488978
4753,75.17738546890027
4753,75.17738546890027
4753,75.17738546890027
4753,75.17738546890027
4753,75.17738546890027
4754,75.2374261356542
4754,75.2374261356542
4754,75.2374261356542
4754,75.2374261356542
4754,75.2374261356542
4755,75.21676090999503
4755,75.21676090999503
4755,75.21676090999503
4755,75.21676090999503
4755,75.21676090999503
4756,75.22906999781321
4756,75.22906999781321
4756,75.22906999781321
4756,75.22906999781321
4756,75.22906999781321
4757,55.63656910260013
4757,55.63656910260013
4757,55.63656910260013
4757,55.63656910260013
4757,55.63656910260013
4758,55.56661735622589
4758,55.56661735622589
4758,55.56661735622589
4758,55.56661735622589
4758,55.56661735622589
4759,51.94548017783366
4759,51.94548017783366
4759,51.94548017783366
4759,51.94548017783366
4759,51.94548017783366
4760,55.606066669182596
4760,55.606066669182596
4760,55.606066669182596
4760,55.606066669182596
4760,55.606066669182596
4761,55.6593751361557
4761,55.6593751361557
4761,55.6593751361557
4761,55.6593751361557
4761,55.6593751361557
4762,55.681959830845095
4762,55.681959830845095
4762,55.681959830845095
4762,55.681959830845095
4762,55.681959830845095
4763,52.091287135704604
4763,52.091287135704604
4763,52.091287135704604
4763,52.091287135704604
4763,52.091287135704604
4764,52.043770862288525
4764,52.043770862288525
4764,52.043770862288525
4764,52.043770862288525
4764,52.043770862288525
4765,51.91824519030988
4765,51.91824519030988
4765,51.91824519030988
4765,51.91824519030988
4765,51.91824519030988
4766,51.87799287597809
4766,51.87799287597809
4766,51.87799287597809
4766,51.87799287597809
4766,51.87799287597809
4767,35.9771598492923
4767,35.9771598492923
4767,35.9771598492923
4767,35.9771598492923
4767,35.9771598492923
4768,20.026464903151748
4768,20.026464903151748
4768,20.026464903151748
4768,20.026464903151748
4768,20.026464903151748
4769,20.003157712095458
4769,20.003157712095458
4769,20.003157712095458
4769,20.003157712095458
4769,20.003157712095458
4770,19.988166273658713
4770,19.988166273658713
4770,19.988166273658713
4770,19.988166273658713
4770,19.988166273658713
4771,19.953306623593313
4771,19.953306623593313
4771,19.953306623593313
4771,19.953306623593313
4771,19.953306623593313
4772,19.9932521693627
4772,19.9932521693627
4772,19.9932521693627
4772,19.9932521693627
4772,19.9932521693627
4773,19.97703340606469
4773,19.97703340606469
4773,19.97703340606469
4773,19.97703340606469
4773,19.97703340606469
4774,20.004452077324267
4774,20.004452077324267
4774,20.004452077324267
4774,20.004452077324267
4774,20.004452077324267
4775,20.07296971179874
4775,20.07296971179874
4775,20.07296971179874
4775,20.07296971179874
4775,20.07296971179874
4776,20.022228752597293
4776,20.022228752597293
4776,20.022228752597293
4776,20.022228752597293
4776,20.022228752597293
4777,36.00884026103528
4777,36.00884026103528
4777,36.00884026103528
4777,36.00884026103528
4777,36.00884026103528
4778,39.671688466474095
4778,39.671688466474095
4778,39.671688466474095
4778,39.671688466474095
4778,39.671688466474095
4779,39.74759703363895
4779,39.74759703363895
4779,39.74759703363895
4779,39.74759703363895
4779,39.74759703363895
4780,39.7086303403862
4780,39.7086303403862
4780,39.7086303403862
4780,39.7086303403862
4780,39.7086303403862
4781,55.638637655197286
4781,55.638637655197286
4781,55.638637655197286
4781,55.638637655197286
4781,55.638637655197286
4782,36.15784742817472
4782,36.15784742817472
4782,36.15784742817472
4782,36.15784742817472
4782,36.15784742817472
4783,39.774873776425004
4783,39.774873776425004
4783,39.774873776425004
4783,39.774873776425004
4783,39.774873776425004
4784,55.71636760040983
4784,55.71636760040983
4784,55.71636760040983
4784,55.71636760040983
4784,55.71636760040983
4785,55.625385976285735
4785,55.625385976285735
4785,55.625385976285735
4785,55.625385976285735
4785,55.625385976285735
4786,55.70028832145658
4786,55.70028832145658
4786,55.70028832145658
4786,55.70028832145658
4786,55.70028832145658
4787,55.659874091781944
4787,55.659874091781944
4787,55.659874091781944
4787,55.659874091781944
4787,55.659874091781944
4788,55.65023369340133
4788,55.65023369340133
4788,55.65023369340133
4788,55.65023369340133
4788,55.65023369340133
4789,55.674915446924615
4789,55.674915446924615
4789,55.674915446924615
4789,55.674915446924615
4789,55.674915446924615
4790,55.72873336536959
4790,55.72873336536959
4790,55.72873336536959
4790,55.72873336536959
4790,55.72873336536959
4791,55.692895377827995
4791,55.692895377827995
4791,55.692895377827995
4791,55.692895377827995
4791,55.692895377827995
4792,36.15456709398439
4792,36.15456709398439
4792,36.15456709398439
4792,36.15456709398439
4792,36.15456709398439
4793,36.0550147021698
4793,36.0550147021698
4793,36.0550147021698
4793,36.0550147021698
4793,36.0550147021698
4794,20.120934103914806
4794,20.120934103914806
4794,20.120934103914806
4794,20.120934103914806
4794,20.120934103914806
4795,35.987018502256205
4795,35.987018502256205
4795,35.987018502256205
4795,35.987018502256205
4795,35.987018502256205
4796,39.64405671307492
4796,39.64405671307492
4796,39.64405671307492
4796,39.64405671307492
4796,39.64405671307492
4797,36.089534233689584
4797,36.089534233689584
4797,36.089534233689584
4797,36.089534233689584
4797,36.089534233689584
4798,36.03055622168038
4798,36.03055622168038
4798,36.03055622168038
4798,36.03055622168038
4798,36.03055622168038
4799,39.60380975492887
4799,39.60380975492887
4799,39.60380975492887
4799,39.60380975492887
4799,39.60380975492887
4800,39.592981119073954
4800,39.592981119073954
4800,39.592981119073954
4800,39.592981119073954
4800,39.592981119073954
4801,39.592241835519985
4801,39.592241835519985
4801,39.592241835519985
4801,39.592241835519985
4801,39.592241835519985
4802,39.60852574257122
4802,39.60852574257122
4802,39.60852574257122
4802,39.60852574257122
4802,39.60852574257122
4803,39.61173604030284
4803,39.61173604030284
4803,39.61173604030284
4803,39.61173604030284
4803,39.61173604030284
4804,55.55569449092036
4804,55.55569449092036
4804,55.55569449092036
4804,55.55569449092036
4804,55.55569449092036
4805,55.58899693169925
4805,55.58899693169925
4805,55.58899693169925
4805,55.58899693169925
4805,55.58899693169925
4806,55.5588583782655
4806,55.5588583782655
4806,55.5588583782655
4806,55.5588583782655
4806,55.5588583782655
4807,55.56550811292834
4807,55.56550811292834
4807,55.56550811292834
4807,55.56550811292834
4807,55.56550811292834
4808,55.59003501828994
4808,55.59003501828994
4808,55.59003501828994
4808,55.59003501828994
4808,55.59003501828994
4809,55.49792041259029
4809,55.49792041259029
4809,55.49792041259029
4809,55.49792041259029
4809,55.49792041259029
4810,51.88472861833718
4810,51.88472861833718
4810,51.88472861833718
4810,51.88472861833718
4810,51.88472861833718
4811,51.92056464579382
4811,51.92056464579382
4811,51.92056464579382
4811,51.92056464579382
4811,51.92056464579382
4812,55.527655442704756
4812,55.527655442704756
4812,55.527655442704756
4812,55.527655442704756
4812,55.527655442704756
4813,55.50293311814651
4813,55.50293311814651
4813,55.50293311814651
4813,55.50293311814651
4813,55.50293311814651
4814,67.84425868057691
4814,67.84425868057691
4814,67.84425868057691
4814,67.84425868057691
4814,67.84425868057691
4815,48.37077061561986
4815,48.37077061561986
4815,48.37077061561986
4815,48.37077061561986
4815,48.37077061561986
4816,52.00863228551085
4816,52.00863228551085
4816,52.00863228551085
4816,52.00863228551085
4816,52.00863228551085
4817,35.95821932921672
4817,35.95821932921672
4817,35.95821932921672
4817,35.95821932921672
4817,35.95821932921672
4818,35.93219626129018
4818,35.93219626129018
4818,35.93219626129018
4818,35.93219626129018
4818,35.93219626129018
4819,35.999739189017184
4819,35.999739189017184
4819,35.999739189017184
4819,35.999739189017184
4819,35.999739189017184
4820,39.57781245348304
4820,39.57781245348304
4820,39.57781245348304
4820,39.57781245348304
4820,39.57781245348304
4821,39.574143556944925
4821,39.574143556944925
4821,39.574143556944925
4821,39.574143556944925
4821,39.574143556944925
4822,55.600294338697196
4822,55.600294338697196
4822,55.600294338697196
4822,55.600294338697196
4822,55.600294338697196
4823,52.05875093905691
4823,52.05875093905691
4823,52.05875093905691
4823,52.05875093905691
4823,52.05875093905691
4824,52.06021688369678
4824,52.06021688369678
4824,52.06021688369678
4824,52.06021688369678
4824,52.06021688369678
4825,52.129720340869184
4825,52.129720340869184
4825,52.129720340869184
4825,52.129720340869184
4825,52.129720340869184
4826,67.98062111976762
4826,67.98062111976762
4826,67.98062111976762
4826,67.98062111976762
4826,67.98062111976762
4827,67.96884626991562
4827,67.96884626991562
4827,67.96884626991562
4827,67.96884626991562
4827,67.96884626991562
4828,67.93286193373999
4828,67.93286193373999
4828,67.93286193373999
4828,67.93286193373999
4828,67.93286193373999
4829,67.93759328149534
4829,67.93759328149534
4829,67.93759328149534
4829,67.93759328149534
4829,67.93759328149534
4830,67.9157911072155
4830,67.9157911072155
4830,67.9157911072155
4830,67.9157911072155
4830,67.9157911072155
4831,67.90248356824489
4831,67.90248356824489
4831,67.90248356824489
4831,67.90248356824489
4831,67.90248356824489
4832,51.981378476340424
4832,51.981378476340424
4832,51.981378476340424
4832,51.981378476340424
4832,51.981378476340424
4833,51.950071005205245
4833,51.950071005205245
4833,51.950071005205245
4833,51.950071005205245
4833,51.950071005205245
4834,71.54699239722092
4834,71.54699239722092
4834,71.54699239722092
4834,71.54699239722092
4834,71.54699239722092
4835,71.4705024956885
4835,71.4705024956885
4835,71.4705024956885
4835,71.4705024956885
4835,71.4705024956885
4836,51.839519700127696
4836,51.839519700127696
4836,51.839519700127696
4836,51.839519700127696
4836,51.839519700127696
4837,55.43700570441524
4837,55.43700570441524
4837,55.43700570441524
4837,55.43700570441524
4837,55.43700570441524
4838,59.06043573400999
4838,59.06043573400999
4838,59.06043573400999
4838,59.06043573400999
4838,59.06043573400999
4839,59.047229864773364
4839,59.047229864773364
4839,59.047229864773364
4839,59.047229864773364
4839,59.047229864773364
4840,59.24309503044094
4840,59.24309503044094
4840,59.24309503044094
4840,59.24309503044094
4840,59.24309503044094
4841,55.54802798911104
4841,55.54802798911104
4841,55.54802798911104
4841,55.54802798911104
4841,55.54802798911104
4842,55.520374696799124
4842,55.520374696799124
4842,55.520374696799124
4842,55.520374696799124
4842,55.520374696799124
4843,51.894957105792344
4843,51.894957105792344
4843,51.894957105792344
4843,51.894957105792344
4843,51.894957105792344
4844,51.98251226021249
4844,51.98251226021249
4844,51.98251226021249
4844,51.98251226021249
4844,51.98251226021249
4845,52.027065144930745
4845,52.027065144930745
4845,52.027065144930745
4845,52.027065144930745
4845,52.027065144930745
4846,36.02459950017337
4846,36.02459950017337
4846,36.02459950017337
4846,36.02459950017337
4846,36.02459950017337
4847,35.98297235686999
4847,35.98297235686999
4847,35.98297235686999
4847,35.98297235686999
4847,35.98297235686999
4848,20.01642708738057
4848,20.01642708738057
4848,20.01642708738057
4848,20.01642708738057
4848,20.01642708738057
4849,19.94122771465129
4849,19.94122771465129
4849,19.94122771465129
4849,19.94122771465129
4849,19.94122771465129
4850,19.922278103460087
4850,19.922278103460087
4850,19.922278103460087
4850,19.922278103460087
4850,19.922278103460087
4851,19.98711722982038
4851,19.98711722982038
4851,19.98711722982038
4851,19.98711722982038
4851,19.98711722982038
4852,19.97577249026903
4852,19.97577249026903
4852,19.97577249026903
4852,19.97577249026903
4852,19.97577249026903
4853,35.938010680463165
4853,35.938010680463165
4853,35.938010680463165
4853,35.938010680463165
4853,35.938010680463165
4854,35.950877729386036
4854,35.950877729386036
4854,35.950877729386036
4854,35.950877729386036
4854,35.950877729386036
4855,35.92683129145074
4855,35.92683129145074
4855,35.92683129145074
4855,35.92683129145074
4855,35.92683129145074
4856,35.89054513752971
4856,35.89054513752971
4856,35.89054513752971
4856,35.89054513752971
4856,35.89054513752971
4857,35.88201829026162
4857,35.88201829026162
4857,35.88201829026162
4857,35.88201829026162
4857,35.88201829026162
4858,16.268068421351288
4858,16.268068421351288
4858,16.268068421351288
4858,16.268068421351288
4858,16.268068421351288
4859,32.17074221678081
4859,32.17074221678081
4859,32.17074221678081
4859,32.17074221678081
4859,32.17074221678081
4860,32.3399286915839
4860,32.3399286915839
4860,32.3399286915839
4860,32.3399286915839
4860,32.3399286915839
4861,32.34651943013463
4861,32.34651943013463
4861,32.34651943013463
4861,32.34651943013463
4861,32.34651943013463
4862,32.32225623846138
4862,32.32225623846138
4862,32.32225623846138
4862,32.32225623846138
4862,32.32225623846138
4863,48.24996752934456
4863,48.24996752934456
4863,48.24996752934456
4863,48.24996752934456
4863,48.24996752934456
4864,32.32316632009092
4864,32.32316632009092
4864,32.32316632009092
4864,32.32316632009092
4864,32.32316632009092
4865,35.91336542138041
4865,35.91336542138041
4865,35.91336542138041
4865,35.91336542138041
4865,35.91336542138041
4866,35.893723720518175
4866,35.893723720518175
4866,35.893723720518175
4866,35.893723720518175
4866,35.893723720518175
4867,35.89413551792359
4867,35.89413551792359
4867,35.89413551792359
4867,35.89413551792359
4867,35.89413551792359
4868,35.880164374309395
4868,35.880164374309395
4868,35.880164374309395
4868,35.880164374309395
4868,35.880164374309395
4869,39.50373356031261
4869,39.50373356031261
4869,39.50373356031261
4869,39.50373356031261
4869,39.50373356031261
4870,39.46398205989907
4870,39.46398205989907
4870,39.46398205989907
4870,39.46398205989907
4870,39.46398205989907
4871,55.397888918917296
4871,55.397888918917296
4871,55.397888918917296
4871,55.397888918917296
4871,55.397888918917296
4872,51.77642630148176
4872,51.77642630148176
4872,51.77642630148176
4872,51.77642630148176
4872,51.77642630148176
4873,51.78913475334234
4873,51.78913475334234
4873,51.78913475334234
4873,51.78913475334234
4873,51.78913475334234
4874,51.81323589964647
4874,51.81323589964647
4874,51.81323589964647
4874,51.81323589964647
4874,51.81323589964647
4875,48.236157692248256
4875,48.236157692248256
4875,48.236157692248256
4875,48.236157692248256
4875,48.236157692248256
4876,48.22862404633719
4876,48.22862404633719
4876,48.22862404633719
4876,48.22862404633719
4876,48.22862404633719
4877,35.91893053029923
4877,35.91893053029923
4877,35.91893053029923
4877,35.91893053029923
4877,35.91893053029923
4878,35.984267207622416
4878,35.984267207622416
4878,35.984267207622416
4878,35.984267207622416
4878,35.984267207622416
4879,35.97357069553134
4879,35.97357069553134
4879,35.97357069553134
4879,35.97357069553134
4879,35.97357069553134
4880,36.14782332356544
4880,36.14782332356544
4880,36.14782332356544
4880,36.14782332356544
4880,36.14782332356544
4881,36.16929202925551
4881,36.16929202925551
4881,36.16929202925551
4881,36.16929202925551
4881,36.16929202925551
4882,36.16579085911467
4882,36.16579085911467
4882,36.16579085911467
4882,36.16579085911467
4882,36.16579085911467
4883,52.072928690879266
4883,52.072928690879266
4883,52.072928690879266
4883,52.072928690879266
4883,52.072928690879266
4884,52.069071199434404
4884,52.069071199434404
4884,52.069071199434404
4884,52.069071199434404
4884,52.069071199434404
4885,52.04006668621107
4885,52.04006668621107
4885,52.04006668621107
4885,52.04006668621107
4885,52.04006668621107
4886,51.863145941133624
4886,51.863145941133624
4886,51.863145941133624
4886,51.863145941133624
4886,51.863145941133624
4887,35.928044679661014
4887,35.928044679661014
4887,35.928044679661014
4887,35.928044679661014
4887,35.928044679661014
4888,35.975408180299276
4888,35.975408180299276
4888,35.975408180299276
4888,35.975408180299276
4888,35.975408180299276
4889,35.993708451974506
4889,35.993708451974506
4889,35.993708451974506
4889,35.993708451974506
4889,35.993708451974506
4890,36.14567892211916
4890,36.14567892211916
4890,36.14567892211916
4890,36.14567892211916
4890,36.14567892211916
4891,36.179311260885584
4891,36.179311260885584
4891,36.179311260885584
4891,36.179311260885584
4891,36.179311260885584
4892,36.21220350079639
4892,36.21220350079639
4892,36.21220350079639
4892,36.21220350079639
4892,36.21220350079639
4893,36.132795499441585
4893,36.132795499441585
4893,36.132795499441585
4893,36.132795499441585
4893,36.132795499441585
4894,36.1772281329316
4894,36.1772281329316
4894,36.1772281329316
4894,36.1772281329316
4894,36.1772281329316
4895,36.146840932894904
4895,36.146840932894904
4895,36.146840932894904
4895,36.146840932894904
4895,36.146840932894904
4896,36.14603933405493
4896,36.14603933405493
4896,36.14603933405493
4896,36.14603933405493
4896,36.14603933405493
4897,36.117372360274224
4897,36.117372360274224
4897,36.117372360274224
4897,36.117372360274224
4897,36.117372360274224
4898,35.981435753689944
4898,35.981435753689944
4898,35.981435753689944
4898,35.981435753689944
4898,35.981435753689944
4899,35.979291564247355
4899,35.979291564247355
4899,35.979291564247355
4899,35.979291564247355
4899,35.979291564247355
4900,48.30869571705931
4900,48.30869571705931
4900,48.30869571705931
4900,48.30869571705931
4900,48.30869571705931
4901,48.333868374454774
4901,48.333868374454774
4901,48.333868374454774
4901,48.333868374454774
4901,48.333868374454774
4902,48.3460114733672
4902,48.3460114733672
4902,48.3460114733672
4902,48.3460114733672
4902,48.3460114733672
4903,51.92611861106231
4903,51.92611861106231
4903,51.92611861106231
4903,51.92611861106231
4903,51.92611861106231
4904,51.93019468238899
4904,51.93019468238899
4904,51.93019468238899
4904,51.93019468238899
4904,51.93019468238899
4905,51.942873603575336
4905,51.942873603575336
4905,51.942873603575336
4905,51.942873603575336
4905,51.942873603575336
4906,51.94707613408514
4906,51.94707613408514
4906,51.94707613408514
4906,51.94707613408514
4906,51.94707613408514
4907,36.04034030370157
4907,36.04034030370157
4907,36.04034030370157
4907,36.04034030370157
4907,36.04034030370157
4908,36.03654449458593
4908,36.03654449458593
4908,36.03654449458593
4908,36.03654449458593
4908,36.03654449458593
4909,35.92871748586878
4909,35.92871748586878
4909,35.92871748586878
4909,35.92871748586878
4909,35.92871748586878
4910,35.88959372913125
4910,35.88959372913125
4910,35.88959372913125
4910,35.88959372913125
4910,35.88959372913125
4911,35.89209546794615
4911,35.89209546794615
4911,35.89209546794615
4911,35.89209546794615
4911,35.89209546794615
4912,35.86783115173993
4912,35.86783115173993
4912,35.86783115173993
4912,35.86783115173993
4912,35.86783115173993
4913,51.90568867983741
4913,51.90568867983741
4913,51.90568867983741
4913,51.90568867983741
4913,51.90568867983741
4914,55.38532757496498
4914,55.38532757496498
4914,55.38532757496498
4914,55.38532757496498
4914,55.38532757496498
4915,55.50063804125134
4915,55.50063804125134
4915,55.50063804125134
4915,55.50063804125134
4915,55.50063804125134
4916,55.501767755320635
4916,55.501767755320635
4916,55.501767755320635
4916,55.501767755320635
4916,55.501767755320635
4917,55.57038232275246
4917,55.57038232275246
4917,55.57038232275246
4917,55.57038232275246
4917,55.57038232275246
4918,55.58227807894233
4918,55.58227807894233
4918,55.58227807894233
4918,55.58227807894233
4918,55.58227807894233
4919,55.665073590786584
4919,55.665073590786584
4919,55.665073590786584
4919,55.665073590786584
4919,55.665073590786584
4920,59.19106844293178
4920,59.19106844293178
4920,59.19106844293178
4920,59.19106844293178
4920,59.19106844293178
4921,59.15628939798412
4921,59.15628939798412
4921,59.15628939798412
4921,59.15628939798412
4921,59.15628939798412
4922,55.560051206377125
4922,55.560051206377125
4922,55.560051206377125
4922,55.560051206377125
4922,55.560051206377125
4923,59.16037937150336
4923,59.16037937150336
4923,59.16037937150336
4923,59.16037937150336
4923,59.16037937150336
4924,67.90268557559281
4924,67.90268557559281
4924,67.90268557559281
4924,67.90268557559281
4924,67.90268557559281
4925,67.91313827838611
4925,67.91313827838611
4925,67.91313827838611
4925,67.91313827838611
4925,67.91313827838611
4926,64.2348073995548
4926,64.2348073995548
4926,64.2348073995548
4926,64.2348073995548
4926,64.2348073995548
4927,32.45627907378635
4927,32.45627907378635
4927,32.45627907378635
4927,32.45627907378635
4927,32.45627907378635
4928,48.27766630781813
4928,48.27766630781813
4928,48.27766630781813
4928,48.27766630781813
4928,48.27766630781813
4929,48.32278523811135
4929,48.32278523811135
4929,48.32278523811135
4929,48.32278523811135
4929,48.32278523811135
4930,32.32915980322802
4930,32.32915980322802
4930,32.32915980322802
4930,32.32915980322802
4930,32.32915980322802
4931,32.314339395568425
4931,32.314339395568425
4931,32.314339395568425
4931,32.314339395568425
4931,32.314339395568425
4932,32.30468239282253
4932,32.30468239282253
4932,32.30468239282253
4932,32.30468239282253
4932,32.30468239282253
4933,32.30526557262781
4933,32.30526557262781
4933,32.30526557262781
4933,32.30526557262781
4933,32.30526557262781
4934,32.266527371372774
4934,32.266527371372774
4934,32.266527371372774
4934,32.266527371372774
4934,32.266527371372774
4935,32.26753388043504
4935,32.26753388043504
4935,32.26753388043504
4935,32.26753388043504
4935,32.26753388043504
4936,51.82501901681819
4936,51.82501901681819
4936,51.82501901681819
4936,51.82501901681819
4936,51.82501901681819
4937,51.81882309905965
4937,51.81882309905965
4937,51.81882309905965
4937,51.81882309905965
4937,51.81882309905965
4938,51.87309910826965
4938,51.87309910826965
4938,51.87309910826965
4938,51.87309910826965
4938,51.87309910826965
4939,51.98526518013803
4939,51.98526518013803
4939,51.98526518013803
4939,51.98526518013803
4939,51.98526518013803
4940,51.99406801773025
4940,51.99406801773025
4940,51.99406801773025
4940,51.99406801773025
4940,51.99406801773025
4941,52.08524711451317
4941,52.08524711451317
4941,52.08524711451317
4941,52.08524711451317
4941,52.08524711451317
4942,51.9694833739675
4942,51.9694833739675
4942,51.9694833739675
4942,51.9694833739675
4942,51.9694833739675
4943,51.90346283105165
4943,51.90346283105165
4943,51.90346283105165
4943,51.90346283105165
4943,51.90346283105165
4944,48.286552964978696
4944,48.286552964978696
4944,48.286552964978696
4944,48.286552964978696
4944,48.286552964978696
4945,48.274420491795986
4945,48.274420491795986
4945,48.274420491795986
4945,48.274420491795986
4945,48.274420491795986
4946,32.2815172203095
4946,32.2815172203095
4946,32.2815172203095
4946,32.2815172203095
4946,32.2815172203095
4947,32.255490503871144
4947,32.255490503871144
4947,32.255490503871144
4947,32.255490503871144
4947,32.255490503871144
4948,32.274213971325295
4948,32.274213971325295
4948,32.274213971325295
4948,32.274213971325295
4948,32.274213971325295
4949,32.285527221797985
4949,32.285527221797985
4949,32.285527221797985
4949,32.285527221797985
4949,32.285527221797985
4950,35.91025345945037
4950,35.91025345945037
4950,35.91025345945037
4950,35.91025345945037
4950,35.91025345945037
4951,36.006290252960596
4951,36.006290252960596
4951,36.006290252960596
4951,36.006290252960596
4951,36.006290252960596
4952,20.059977347920277
4952,20.059977347920277
4952,20.059977347920277
4952,20.059977347920277
4952,20.059977347920277
4953,20.041442727994152
4953,20.041442727994152
4953,20.041442727994152
4953,20.041442727994152
4953,20.041442727994152
4954,20.03950237545677
4954,20.03950237545677
4954,20.03950237545677
4954,20.03950237545677
4954,20.03950237545677
4955,19.981458603158654
4955,19.981458603158654
4955,19.981458603158654
4955,19.981458603158654
4955,19.981458603158654
4956,19.960748840725945
4956,19.960748840725945
4956,19.960748840725945
4956,19.960748840725945
4956,19.960748840725945
4957,20.027156409966985
4957,20.027156409966985
4957,20.027156409966985
4957,20.027156409966985
4957,20.027156409966985
4958,20.011249365161625
4958,20.011249365161625
4958,20.011249365161625
4958,20.011249365161625
4958,20.011249365161625
4959,35.98224692129027
4959,35.98224692129027
4959,35.98224692129027
4959,35.98224692129027
4959,35.98224692129027
4960,36.0184918963767
4960,36.0184918963767
4960,36.0184918963767
4960,36.0184918963767
4960,36.0184918963767
4961,36.03147398249591
4961,36.03147398249591
4961,36.03147398249591
4961,36.03147398249591
4961,36.03147398249591
4962,36.078224373439305
4962,36.078224373439305
4962,36.078224373439305
4962,36.078224373439305
4962,36.078224373439305
4963,36.085111374201134
4963,36.085111374201134
4963,36.085111374201134
4963,36.085111374201134
4963,36.085111374201134
4964,36.11056101740902
4964,36.11056101740902
4964,36.11056101740902
4964,36.11056101740902
4964,36.11056101740902
4965,64.45565354808004
4965,64.45565354808004
4965,64.45565354808004
4965,64.45565354808004
4965,64.45565354808004
4966,48.5425682485794
4966,48.5425682485794
4966,48.5425682485794
4966,48.5425682485794
4966,48.5425682485794
4967,48.582457219195724
4967,48.582457219195724
4967,48.582457219195724
4967,48.582457219195724
4967,48.582457219195724
4968,48.551118269025054
4968,48.551118269025054
4968,48.551118269025054
4968,48.551118269025054
4968,48.551118269025054
4969,48.562182385150074
4969,48.562182385150074
4969,48.562182385150074
4969,48.562182385150074
4969,48.562182385150074
4970,48.52169603047223
4970,48.52169603047223
4970,48.52169603047223
4970,48.52169603047223
4970,48.52169603047223
4971,48.484600600886516
4971,48.484600600886516
4971,48.484600600886516
4971,48.484600600886516
4971,48.484600600886516
4972,48.43741860923298
4972,48.43741860923298
4972,48.43741860923298
4972,48.43741860923298
4972,48.43741860923298
4973,48.41909845458933
4973,48.41909845458933
4973,48.41909845458933
4973,48.41909845458933
4973,48.41909845458933
4974,48.405076715313086
4974,48.405076715313086
4974,48.405076715313086
4974,48.405076715313086
4974,48.405076715313086
4975,64.35835582053181
4975,64.35835582053181
4975,64.35835582053181
4975,64.35835582053181
4975,64.35835582053181
4976,64.36978155235668
4976,64.36978155235668
4976,64.36978155235668
4976,64.36978155235668
4976,64.36978155235668
4977,64.39376947673951
4977,64.39376947673951
4977,64.39376947673951
4977,64.39376947673951
4977,64.39376947673951
4978,64.41023575454997
4978,64.41023575454997
4978,64.41023575454997
4978,64.41023575454997
4978,64.41023575454997
4979,32.323132180635405
4979,32.323132180635405
4979,32.323132180635405
4979,32.323132180635405
4979,32.323132180635405
4980,32.33597938880878
4980,32.33597938880878
4980,32.33597938880878
4980,32.33597938880878
4980,32.33597938880878
4981,32.354093899115654
4981,32.354093899115654
4981,32.354093899115654
4981,32.354093899115654
4981,32.354093899115654
4982,32.38519381192394
4982,32.38519381192394
4982,32.38519381192394
4982,32.38519381192394
4982,32.38519381192394
4983,16.494539518992053
4983,16.494539518992053
4983,16.494539518992053
4983,16.494539518992053
4983,16.494539518992053
4984,16.467933003059265
4984,16.467933003059265
4984,16.467933003059265
4984,16.467933003059265
4984,16.467933003059265
4985,16.41709981574963
4985,16.41709981574963
4985,16.41709981574963
4985,16.41709981574963
4985,16.41709981574963
4986,0.4937426173038027
4986,0.4937426173038027
4986,0.4937426173038027
4986,0.4937426173038027
4986,0.4937426173038027
4987,0.49074853823361175
4987,0.49074853823361175
4987,0.49074853823361175
4987,0.49074853823361175
4987,0.49074853823361175
4988,0.4541548183815789
4988,0.4541548183815789
4988,0.4541548183815789
4988,0.4541548183815789
4988,0.4541548183815789
4989,16.355696733297304
4989,16.355696733297304
4989,16.355696733297304
4989,16.355696733297304
4989,16.355696733297304
4990,32.28626357141791
4990,32.28626357141791
4990,32.28626357141791
4990,32.28626357141791
4990,32.28626357141791
4991,32.324804906621665
4991,32.324804906621665
4991,32.324804906621665
4991,32.324804906621665
4991,32.324804906621665
4992,16.356537785290108
4992,16.356537785290108
4992,16.356537785290108
4992,16.356537785290108
4992,16.356537785290108
4993,16.36057867530078
4993,16.36057867530078
4993,16.36057867530078
4993,16.36057867530078
4993,16.36057867530078
4994,32.355989808906834
4994,32.355989808906834
4994,32.355989808906834
4994,32.355989808906834
4994,32.355989808906834
4995,32.385901424239265
4995,32.385901424239265
4995,32.385901424239265
4995,32.385901424239265
4995,32.385901424239265
4996,32.33925331312006
4996,32.33925331312006
4996,32.33925331312006
4996,32.33925331312006
4996,32.33925331312006
4997,16.345975382739198
4997,16.345975382739198
4997,16.345975382739198
4997,16.345975382739198
4997,16.345975382739198
4998,16.31228050657571
4998,16.31228050657571
4998,16.31228050657571
4998,16.31228050657571
4998,16.31228050657571
4999,16.325007259119324
4999,16.325007259119324
4999,16.325007259119324
4999,16.325007259119324
4999,16.325007259119324
5000,0.35277900750402436
5000,0.35277900750402436
5000,0.35277900750402436
5000,0.35277900750402436
5000,0.35277900750402436
5001,0.3571401133464148
5001,0.3571401133464148
5001,0.3571401133464148
5001,0.3571401133464148
5001,0.3571401133464148
5002,0.34552767932589995
5002,0.34552767932589995
5002,0.34552767932589995
5002,0.34552767932589995
5002,0.34552767932589995
5003,0.3305962212090344
5003,0.3305962212090344
5003,0.3305962212090344
5003,0.3305962212090344
5003,0.3305962212090344
5004,0.29835161347772693
5004,0.29835161347772693
5004,0.29835161347772693
5004,0.29835161347772693
5004,0.29835161347772693
5005,0.29721007941203276
5005,0.29721007941203276
5005,0.29721007941203276
5005,0.29721007941203276
5005,0.29721007941203276
5006,16.275588555919597
5006,16.275588555919597
5006,16.275588555919597
5006,16.275588555919597
5006,16.275588555919597
5007,16.283599959162242
5007,16.283599959162242
5007,16.283599959162242
5007,16.283599959162242
5007,16.283599959162242
5008,16.32403972466737
5008,16.32403972466737
5008,16.32403972466737
5008,16.32403972466737
5008,16.32403972466737
5009,16.4617977238326
5009,16.4617977238326
5009,16.4617977238326
5009,16.4617977238326
5009,16.4617977238326
5010,16.441903925555867
5010,16.441903925555867
5010,16.441903925555867
5010,16.441903925555867
5010,16.441903925555867
5011,16.43906950257262
5011,16.43906950257262
5011,16.43906950257262
5011,16.43906950257262
5011,16.43906950257262
5012,16.449495807581933
5012,16.449495807581933
5012,16.449495807581933
5012,16.449495807581933
5012,16.449495807581933
5013,16.326996128207387
5013,16.326996128207387
5013,16.326996128207387
5013,16.326996128207387
5013,16.326996128207387
5014,16.329587357230157
5014,16.329587357230157
5014,16.329587357230157
5014,16.329587357230157
5014,16.329587357230157
5015,16.306766368624572
5015,16.306766368624572
5015,16.306766368624572
5015,16.306766368624572
5015,16.306766368624572
5016,16.405373603792174
5016,16.405373603792174
5016,16.405373603792174
5016,16.405373603792174
5016,16.405373603792174
5017,16.387010987299167
5017,16.387010987299167
5017,16.387010987299167
5017,16.387010987299167
5017,16.387010987299167
5018,0.4801159937000564
5018,0.4801159937000564
5018,0.4801159937000564
5018,0.4801159937000564
5018,0.4801159937000564
5019,16.351088336393847
5019,16.351088336393847
5019,16.351088336393847
5019,16.351088336393847
5019,16.351088336393847
5020,16.33919447850436
5020,16.33919447850436
5020,16.33919447850436
5020,16.33919447850436
5020,16.33919447850436
5021,16.497436335420637
5021,16.497436335420637
5021,16.497436335420637
5021,16.497436335420637
5021,16.497436335420637
5022,16.566249974580238
5022,16.566249974580238
5022,16.566249974580238
5022,16.566249974580238
5022,16.566249974580238
5023,16.557361652084676
5023,16.557361652084676
5023,16.557361652084676
5023,16.557361652084676
5023,16.557361652084676
5024,16.52585493465668
5024,16.52585493465668
5024,16.52585493465668
5024,16.52585493465668
5024,16.52585493465668
5025,16.536323495865712
5025,16.536323495865712
5025,16.536323495865712
5025,16.536323495865712
5025,16.536323495865712
5026,16.359821551794052
5026,16.359821551794052
5026,16.359821551794052
5026,16.359821551794052
5026,16.359821551794052
5027,16.358552951586535
5027,16.358552951586535
5027,16.358552951586535
5027,16.358552951586535
5027,16.358552951586535
5028,0.420668165577643
5028,0.420668165577643
5028,0.420668165577643
5028,0.420668165577643
5028,0.420668165577643
5029,0.42194718189309216
5029,0.42194718189309216
5029,0.42194718189309216
5029,0.42194718189309216
5029,0.42194718189309216
5030,0.4634071628622604
5030,0.4634071628622604
5030,0.4634071628622604
5030,0.4634071628622604
5030,0.4634071628622604
5031,20.013625778461062
5031,20.013625778461062
5031,20.013625778461062
5031,20.013625778461062
5031,20.013625778461062
5032,0.5073087905638436
5032,0.5073087905638436
5032,0.5073087905638436
5032,0.5073087905638436
5032,0.5073087905638436
5033,0.5215390790518013
5033,0.5215390790518013
5033,0.5215390790518013
5033,0.5215390790518013
5033,0.5215390790518013
5034,0.5353366734506054
5034,0.5353366734506054
5034,0.5353366734506054
5034,0.5353366734506054
5034,0.5353366734506054
5035,0.5069931062187564
5035,0.5069931062187564
5035,0.5069931062187564
5035,0.5069931062187564
5035,0.5069931062187564
5036,0.5178473867603286
5036,0.5178473867603286
5036,0.5178473867603286
5036,0.5178473867603286
5036,0.5178473867603286
5037,0.38507026879535783
5037,0.38507026879535783
5037,0.38507026879535783
5037,0.38507026879535783
5037,0.38507026879535783
5038,0.37271428520514366
5038,0.37271428520514366
5038,0.37271428520514366
5038,0.37271428520514366
5038,0.37271428520514366
5039,0.35412643934760457
5039,0.35412643934760457
5039,0.35412643934760457
5039,0.35412643934760457
5039,0.35412643934760457
5040,0.36441738575297833
5040,0.36441738575297833
5040,0.36441738575297833
5040,0.36441738575297833
5040,0.36441738575297833
5041,0.3601991534158265
5041,0.3601991534158265
5041,0.3601991534158265
5041,0.3601991534158265
5041,0.3601991534158265
5042,0.3409726438500901
5042,0.3409726438500901
5042,0.3409726438500901
5042,0.3409726438500901
5042,0.3409726438500901
5043,0.3310366555241659
5043,0.3310366555241659
5043,0.3310366555241659
5043,0.3310366555241659
5043,0.3310366555241659
5044,0.2930841237326133
5044,0.2930841237326133
5044,0.2930841237326133
5044,0.2930841237326133
5044,0.2930841237326133
5045,0.29948021614740405
5045,0.29948021614740405
5045,0.29948021614740405
5045,0.29948021614740405
5045,0.29948021614740405
5046,0.285905535689506
5046,0.285905535689506
5046,0.285905535689506
5046,0.285905535689506
5046,0.285905535689506
5047,16.302658104531943
5047,16.302658104531943
5047,16.302658104531943
5047,16.302658104531943
5047,16.302658104531943
5048,16.32232186058543
5048,16.32232186058543
5048,16.32232186058543
5048,16.32232186058543
5048,16.32232186058543
5049,16.343991332459016
5049,16.343991332459016
5049,16.343991332459016
5049,16.343991332459016
5049,16.343991332459016
5050,16.32941945293253
5050,16.32941945293253
5050,16.32941945293253
5050,16.32941945293253
5050,16.32941945293253
5051,0.4064790070170118
5051,0.4064790070170118
5051,0.4064790070170118
5051,0.4064790070170118
5051,0.4064790070170118
5052,0.40393652786461126
5052,0.40393652786461126
5052,0.40393652786461126
5052,0.40393652786461126
5052,0.40393652786461126
5053,0.3995030279485333
5053,0.3995030279485333
5053,0.3995030279485333
5053,0.3995030279485333
5053,0.3995030279485333
5054,0.4256711997260571
5054,0.4256711997260571
5054,0.4256711997260571
5054,0.4256711997260571
5054,0.4256711997260571
5055,0.4544480103504675
5055,0.4544480103504675
5055,0.4544480103504675
5055,0.4544480103504675
5055,0.4544480103504675
5056,0.48532247007924045
5056,0.48532247007924045
5056,0.48532247007924045
5056,0.48532247007924045
5056,0.48532247007924045
5057,0.5058417291033876
5057,0.5058417291033876
5057,0.5058417291033876
5057,0.5058417291033876
5057,0.5058417291033876
5058,0.4894357182738934
5058,0.4894357182738934
5058,0.4894357182738934
5058,0.4894357182738934
5058,0.4894357182738934
5059,0.46236989688456004
5059,0.46236989688456004
5059,0.46236989688456004
5059,0.46236989688456004
5059,0.46236989688456004
5060,0.4252074189766243
5060,0.4252074189766243
5060,0.4252074189766243
5060,0.4252074189766243
5060,0.4252074189766243
5061,0.36943139671738084
5061,0.36943139671738084
5061,0.36943139671738084
5061,0.36943139671738084
5061,0.36943139671738084
5062,0.34734677540941206
5062,0.34734677540941206
5062,0.34734677540941206
5062,0.34734677540941206
5062,0.34734677540941206
5063,0.34351012614440535
5063,0.34351012614440535
5063,0.34351012614440535
5063,0.34351012614440535
5063,0.34351012614440535
5064,0.331415686810447
5064,0.331415686810447
5064,0.331415686810447
5064,0.331415686810447
5064,0.331415686810447
5065,0.33088942744541594
5065,0.33088942744541594
5065,0.33088942744541594
5065,0.33088942744541594
5065,0.33088942744541594
5066,0.3158836801902717
5066,0.3158836801902717
5066,0.3158836801902717
5066,0.3158836801902717
5066,0.3158836801902717
5067,0.33286201565363377
5067,0.33286201565363377
5067,0.33286201565363377
5067,0.33286201565363377
5067,0.33286201565363377
5068,0.3543290204611984
5068,0.3543290204611984
5068,0.3543290204611984
5068,0.3543290204611984
5068,0.3543290204611984
5069,16.35762005891893
5069,16.35762005891893
5069,16.35762005891893
5069,16.35762005891893
5069,16.35762005891893
5070,0.40860462417003396
5070,0.40860462417003396
5070,0.40860462417003396
5070,0.40860462417003396
5070,0.40860462417003396
5071,0.3409198950215287
5071,0.3409198950215287
5071,0.3409198950215287
5071,0.3409198950215287
5071,0.3409198950215287
5072,0.3429701900296611
5072,0.3429701900296611
5072,0.3429701900296611
5072,0.3429701900296611
5072,0.3429701900296611
5073,0.3597564059090865
5073,0.3597564059090865
5073,0.3597564059090865
5073,0.3597564059090865
5073,0.3597564059090865
5074,16.27832574364887
5074,16.27832574364887
5074,16.27832574364887
5074,16.27832574364887
5074,16.27832574364887
5075,16.289341346823228
5075,16.289341346823228
5075,16.289341346823228
5075,16.289341346823228
5075,16.289341346823228
5076,16.25007313548024
5076,16.25007313548024
5076,16.25007313548024
5076,16.25007313548024
5076,16.25007313548024
5077,0.30915997151229974
5077,0.30915997151229974
5077,0.30915997151229974
5077,0.30915997151229974
5077,0.30915997151229974
5078,0.3074839304714089
5078,0.3074839304714089
5078,0.3074839304714089
5078,0.3074839304714089
5078,0.3074839304714089
5079,0.33775792717327824
5079,0.33775792717327824
5079,0.33775792717327824
5079,0.33775792717327824
5079,0.33775792717327824
5080,0.3325398872860078
5080,0.3325398872860078
5080,0.3325398872860078
5080,0.3325398872860078
5080,0.3325398872860078
5081,16.3107774773256
5081,16.3107774773256
5081,16.3107774773256
5081,16.3107774773256
5081,16.3107774773256
5082,16.323180292766736
5082,16.323180292766736
5082,16.323180292766736
5082,16.323180292766736
5082,16.323180292766736
5083,16.319129537529072
5083,16.319129537529072
5083,16.319129537529072
5083,16.319129537529072
5083,16.319129537529072
5084,16.28955825092242
5084,16.28955825092242
5084,16.28955825092242
5084,16.28955825092242
5084,16.28955825092242
5085,0.3676218591887271
5085,0.3676218591887271
5085,0.3676218591887271
5085,0.3676218591887271
5085,0.3676218591887271
5086,16.294994684102285
5086,16.294994684102285
5086,16.294994684102285
5086,16.294994684102285
5086,16.294994684102285
5087,0.3426809941624579
5087,0.3426809941624579
5087,0.3426809941624579
5087,0.3426809941624579
5087,0.3426809941624579
5088,0.3632643338228575
5088,0.3632643338228575
5088,0.3632643338228575
5088,0.3632643338228575
5088,0.3632643338228575
5089,0.394774176940526
5089,0.394774176940526
5089,0.394774176940526
5089,0.394774176940526
5089,0.394774176940526
5090,0.31288177331445266
5090,0.31288177331445266
5090,0.31288177331445266
5090,0.31288177331445266
5090,0.31288177331445266
5091,0.3062668101034539
5091,0.3062668101034539
5091,0.3062668101034539
5091,0.3062668101034539
5091,0.3062668101034539
5092,16.270333539269014
5092,16.270333539269014
5092,16.270333539269014
5092,16.270333539269014
5092,16.270333539269014
5093,16.268822003891938
5093,16.268822003891938
5093,16.268822003891938
5093,16.268822003891938
5093,16.268822003891938
5094,32.28042773823527
5094,32.28042773823527
5094,32.28042773823527
5094,32.28042773823527
5094,32.28042773823527
5095,32.312864093969175
5095,32.312864093969175
5095,32.312864093969175
5095,32.312864093969175
5095,32.312864093969175
5096,35.9734860982626
5096,35.9734860982626
5096,35.9734860982626
5096,35.9734860982626
5096,35.9734860982626
5097,36.06981255597272
5097,36.06981255597272
5097,36.06981255597272
5097,36.06981255597272
5097,36.06981255597272
5098,36.152426751682775
5098,36.152426751682775
5098,36.152426751682775
5098,36.152426751682775
5098,36.152426751682775
5099,36.17247634054526
5099,36.17247634054526
5099,36.17247634054526
5099,36.17247634054526
5099,36.17247634054526
5100,36.17109197354431
5100,36.17109197354431
5100,36.17109197354431
5100,36.17109197354431
5100,36.17109197354431
5101,35.97505304989133
5101,35.97505304989133
5101,35.97505304989133
5101,35.97505304989133
5101,35.97505304989133
5102,19.984776856332367
5102,19.984776856332367
5102,19.984776856332367
5102,19.984776856332367
5102,19.984776856332367
5103,19.93193592698459
5103,19.93193592698459
5103,19.93193592698459
5103,19.93193592698459
5103,19.93193592698459
5104,35.889524551151666
5104,35.889524551151666
5104,35.889524551151666
5104,35.889524551151666
5104,35.889524551151666
5105,35.92025116437193
5105,35.92025116437193
5105,35.92025116437193
5105,35.92025116437193
5105,35.92025116437193
5106,35.9375125944605
5106,35.9375125944605
5106,35.9375125944605
5106,35.9375125944605
5106,35.9375125944605
5107,35.94172606789847
5107,35.94172606789847
5107,35.94172606789847
5107,35.94172606789847
5107,35.94172606789847
5108,32.3183969964463
5108,32.3183969964463
5108,32.3183969964463
5108,32.3183969964463
5108,32.3183969964463
5109,32.35580375569602
5109,32.35580375569602
5109,32.35580375569602
5109,32.35580375569602
5109,32.35580375569602
5110,16.38344104668664
5110,16.38344104668664
5110,16.38344104668664
5110,16.38344104668664
5110,16.38344104668664
5111,16.365257815565613
5111,16.365257815565613
5111,16.365257815565613
5111,16.365257815565613
5111,16.365257815565613
5112,0.32374888291022785
5112,0.32374888291022785
5112,0.32374888291022785
5112,0.32374888291022785
5112,0.32374888291022785
5113,0.35565128046566474
5113,0.35565128046566474
5113,0.35565128046566474
5113,0.35565128046566474
5113,0.35565128046566474
5114,0.37608968266479115
5114,0.37608968266479115
5114,0.37608968266479115
5114,0.37608968266479115
5114,0.37608968266479115
5115,16.3317023131415
5115,16.3317023131415
5115,16.3317023131415
5115,16.3317023131415
5115,16.3317023131415
5116,16.38492279070638
5116,16.38492279070638
5116,16.38492279070638
5116,16.38492279070638
5116,16.38492279070638
5117,16.413010080733642
5117,16.413010080733642
5117,16.413010080733642
5117,16.413010080733642
5117,16.413010080733642
5118,16.519055171565135
5118,16.519055171565135
5118,16.519055171565135
5118,16.519055171565135
5118,16.519055171565135
5119,16.418717191180086
5119,16.418717191180086
5119,16.418717191180086
5119,16.418717191180086
5119,16.418717191180086
5120,16.39031267969879
5120,16.39031267969879
5120,16.39031267969879
5120,16.39031267969879
5120,16.39031267969879
5121,32.321764179758084
5121,32.321764179758084
5121,32.321764179758084
5121,32.321764179758084
5121,32.321764179758084
5122,32.33946083359851
5122,32.33946083359851
5122,32.33946083359851
5122,32.33946083359851
5122,32.33946083359851
5123,32.45513824465583
5123,32.45513824465583
5123,32.45513824465583
5123,32.45513824465583
5123,32.45513824465583
5124,32.38639810808495
5124,32.38639810808495
5124,32.38639810808495
5124,32.38639810808495
5124,32.38639810808495
5125,48.32559597813425
5125,48.32559597813425
5125,48.32559597813425
5125,48.32559597813425
5125,48.32559597813425
5126,32.31275913150576
5126,32.31275913150576
5126,32.31275913150576
5126,32.31275913150576
5126,32.31275913150576
5127,32.3092273435107
5127,32.3092273435107
5127,32.3092273435107
5127,32.3092273435107
5127,32.3092273435107
5128,32.30833684624741
5128,32.30833684624741
5128,32.30833684624741
5128,32.30833684624741
5128,32.30833684624741
5129,16.319561498649595
5129,16.319561498649595
5129,16.319561498649595
5129,16.319561498649595
5129,16.319561498649595
5130,32.229581111881615
5130,32.229581111881615
5130,32.229581111881615
5130,32.229581111881615
5130,32.229581111881615
5131,51.75930770804918
5131,51.75930770804918
5131,51.75930770804918
5131,51.75930770804918
5131,51.75930770804918
5132,67.77204157880827
5132,67.77204157880827
5132,67.77204157880827
5132,67.77204157880827
5132,67.77204157880827
5133,51.901783711537405
5133,51.901783711537405
5133,51.901783711537405
5133,51.901783711537405
5133,51.901783711537405
5134,55.50944545999015
5134,55.50944545999015
5134,55.50944545999015
5134,55.50944545999015
5134,55.50944545999015
5135,51.986017776625275
5135,51.986017776625275
5135,51.986017776625275
5135,51.986017776625275
5135,51.986017776625275
5136,51.931945984920745
5136,51.931945984920745
5136,51.931945984920745
5136,51.931945984920745
5136,51.931945984920745
5137,51.90205982895613
5137,51.90205982895613
5137,51.90205982895613
5137,51.90205982895613
5137,51.90205982895613
5138,51.907685216104184
5138,51.907685216104184
5138,51.907685216104184
5138,51.907685216104184
5138,51.907685216104184
5139,35.96543416248072
5139,35.96543416248072
5139,35.96543416248072
5139,35.96543416248072
5139,35.96543416248072
5140,35.92045567733858
5140,35.92045567733858
5140,35.92045567733858
5140,35.92045567733858
5140,35.92045567733858
5141,32.36514755072236
5141,32.36514755072236
5141,32.36514755072236
5141,32.36514755072236
5141,32.36514755072236
5142,32.36689179354391
5142,32.36689179354391
5142,32.36689179354391
5142,32.36689179354391
5142,32.36689179354391
5143,32.36167888388384
5143,32.36167888388384
5143,32.36167888388384
5143,32.36167888388384
5143,32.36167888388384
5144,32.31132236258521
5144,32.31132236258521
5144,32.31132236258521
5144,32.31132236258521
5144,32.31132236258521
5145,35.88920816112532
5145,35.88920816112532
5145,35.88920816112532
5145,35.88920816112532
5145,35.88920816112532
5146,32.25610622544679
5146,32.25610622544679
5146,32.25610622544679
5146,32.25610622544679
5146,32.25610622544679
5147,35.92033649409086
5147,35.92033649409086
5147,35.92033649409086
5147,35.92033649409086
5147,35.92033649409086
5148,35.94366270699875
5148,35.94366270699875
5148,35.94366270699875
5148,35.94366270699875
5148,35.94366270699875
5149,35.921158383070974
5149,35.921158383070974
5149,35.921158383070974
5149,35.921158383070974
5149,35.921158383070974
5150,35.98475351923976
5150,35.98475351923976
5150,35.98475351923976
5150,35.98475351923976
5150,35.98475351923976
5151,35.98682866652225
5151,35.98682866652225
5151,35.98682866652225
5151,35.98682866652225
5151,35.98682866652225
5152,39.61750722332397
5152,39.61750722332397
5152,39.61750722332397
5152,39.61750722332397
5152,39.61750722332397
5153,55.65005828080491
5153,55.65005828080491
5153,55.65005828080491
5153,55.65005828080491
5153,55.65005828080491
5154,35.924467571684495
5154,35.924467571684495
5154,35.924467571684495
5154,35.924467571684495
5154,35.924467571684495
5155,35.94108809456271
5155,35.94108809456271
5155,35.94108809456271
5155,35.94108809456271
5155,35.94108809456271
5156,35.907000925734884
5156,35.907000925734884
5156,35.907000925734884
5156,35.907000925734884
5156,35.907000925734884
5157,35.91268138761783
5157,35.91268138761783
5157,35.91268138761783
5157,35.91268138761783
5157,35.91268138761783
5158,35.94280052255963
5158,35.94280052255963
5158,35.94280052255963
5158,35.94280052255963
5158,35.94280052255963
5159,35.93351007196291
5159,35.93351007196291
5159,35.93351007196291
5159,35.93351007196291
5159,35.93351007196291
5160,35.89249233484667
5160,35.89249233484667
5160,35.89249233484667
5160,35.89249233484667
5160,35.89249233484667
5161,39.505856025484256
5161,39.505856025484256
5161,39.505856025484256
5161,39.505856025484256
5161,39.505856025484256
5162,39.52033788353488
5162,39.52033788353488
5162,39.52033788353488
5162,39.52033788353488
5162,39.52033788353488
5163,35.87904348204065
5163,35.87904348204065
5163,35.87904348204065
5163,35.87904348204065
5163,35.87904348204065
5164,19.991098868103506
5164,19.991098868103506
5164,19.991098868103506
5164,19.991098868103506
5164,19.991098868103506
5165,19.96517061371722
5165,19.96517061371722
5165,19.96517061371722
5165,19.96517061371722
5165,19.96517061371722
5166,36.119966408948144
5166,36.119966408948144
5166,36.119966408948144
5166,36.119966408948144
5166,36.119966408948144
5167,36.12134869965242
5167,36.12134869965242
5167,36.12134869965242
5167,36.12134869965242
5167,36.12134869965242
5168,36.10524335276027
5168,36.10524335276027
5168,36.10524335276027
5168,36.10524335276027
5168,36.10524335276027
5169,36.130982810544936
5169,36.130982810544936
5169,36.130982810544936
5169,36.130982810544936
5169,36.130982810544936
5170,36.11353032631874
5170,36.11353032631874
5170,36.11353032631874
5170,36.11353032631874
5170,36.11353032631874
5171,36.093034106284875
5171,36.093034106284875
5171,36.093034106284875
5171,36.093034106284875
5171,36.093034106284875
5172,36.08897039401715
5172,36.08897039401715
5172,36.08897039401715
5172,36.08897039401715
5172,36.08897039401715
5173,51.979529571343505
5173,51.979529571343505
5173,51.979529571343505
5173,51.979529571343505
5173,51.979529571343505
5174,51.90327116042797
5174,51.90327116042797
5174,51.90327116042797
5174,51.90327116042797
5174,51.90327116042797
5175,71.4858939457412
5175,71.4858939457412
5175,71.4858939457412
5175,71.4858939457412
5175,71.4858939457412
5176,71.56656667231152
5176,71.56656667231152
5176,71.56656667231152
5176,71.56656667231152
5176,71.56656667231152
5177,71.51138901888255
5177,71.51138901888255
5177,71.51138901888255
5177,71.51138901888255
5177,71.51138901888255
5178,67.92378670113241
5178,67.92378670113241
5178,67.92378670113241
5178,67.92378670113241
5178,67.92378670113241
5179,67.93392170305471
5179,67.93392170305471
5179,67.93392170305471
5179,67.93392170305471
5179,67.93392170305471
5180,67.91301221809549
5180,67.91301221809549
5180,67.91301221809549
5180,67.91301221809549
5180,67.91301221809549
5181,71.42437635773186
5181,71.42437635773186
5181,71.42437635773186
5181,71.42437635773186
5181,71.42437635773186
5182,71.48308545593946
5182,71.48308545593946
5182,71.48308545593946
5182,71.48308545593946
5182,71.48308545593946
5183,71.470116707478
5183,71.470116707478
5183,71.470116707478
5183,71.470116707478
5183,71.470116707478
5184,67.82887567785829
5184,67.82887567785829
5184,67.82887567785829
5184,67.82887567785829
5184,67.82887567785829
5185,64.21348492759235
5185,64.21348492759235
5185,64.21348492759235
5185,64.21348492759235
5185,64.21348492759235
5186,64.25709114545087
5186,64.25709114545087
5186,64.25709114545087
5186,64.25709114545087
5186,64.25709114545087
5187,64.3501089310746
5187,64.3501089310746
5187,64.3501089310746
5187,64.3501089310746
5187,64.3501089310746
5188,64.34459507462931
5188,64.34459507462931
5188,64.34459507462931
5188,64.34459507462931
5188,64.34459507462931
5189,67.98989128195265
5189,67.98989128195265
5189,67.98989128195265
5189,67.98989128195265
5189,67.98989128195265
5190,64.29130920623
5190,64.29130920623
5190,64.29130920623
5190,64.29130920623
5190,64.29130920623
5191,67.91634649132291
5191,67.91634649132291
5191,67.91634649132291
5191,67.91634649132291
5191,67.91634649132291
5192,71.52173852063224
5192,71.52173852063224
5192,71.52173852063224
5192,71.52173852063224
5192,71.52173852063224
5193,71.58145062135202
5193,71.58145062135202
5193,71.58145062135202
5193,71.58145062135202
5193,71.58145062135202
5194,71.54888295465943
5194,71.54888295465943
5194,71.54888295465943
5194,71.54888295465943
5194,71.54888295465943
5195,71.46492278137394
5195,71.46492278137394
5195,71.46492278137394
5195,71.46492278137394
5195,71.46492278137394
5196,55.55046764052175
5196,55.55046764052175
5196,55.55046764052175
5196,55.55046764052175
5196,55.55046764052175
5197,39.63376349680261
5197,39.63376349680261
5197,39.63376349680261
5197,39.63376349680261
5197,39.63376349680261
5198,51.94359092365037
5198,51.94359092365037
5198,51.94359092365037
5198,51.94359092365037
5198,51.94359092365037
5199,51.946372143373424
5199,51.946372143373424
5199,51.946372143373424
5199,51.946372143373424
5199,51.946372143373424
5200,64.2559418534837
5200,64.2559418534837
5200,64.2559418534837
5200,64.2559418534837
5200,64.2559418534837
5201,67.79841160406795
5201,67.79841160406795
5201,67.79841160406795
5201,67.79841160406795
5201,67.79841160406795
5202,67.78769599085639
5202,67.78769599085639
5202,67.78769599085639
5202,67.78769599085639
5202,67.78769599085639
5203,35.8616821913457
5203,35.8616821913457
5203,35.8616821913457
5203,35.8616821913457
5203,35.8616821913457
5204,39.52507388046548
5204,39.52507388046548
5204,39.52507388046548
5204,39.52507388046548
5204,39.52507388046548
5205,39.569759351731896
5205,39.569759351731896
5205,39.569759351731896
5205,39.569759351731896
5205,39.569759351731896
5206,39.5482252206825
5206,39.5482252206825
5206,39.5482252206825
5206,39.5482252206825
5206,39.5482252206825
5207,39.55138355911348
5207,39.55138355911348
5207,39.55138355911348
5207,39.55138355911348
5207,39.55138355911348
5208,55.622859979727615
5208,55.622859979727615
5208,55.622859979727615
5208,55.622859979727615
5208,55.622859979727615
5209,55.682653209370734
5209,55.682653209370734
5209,55.682653209370734
5209,55.682653209370734
5209,55.682653209370734
5210,52.083822480367715
5210,52.083822480367715
5210,52.083822480367715
5210,52.083822480367715
5210,52.083822480367715
5211,48.54183468033635
5211,48.54183468033635
5211,48.54183468033635
5211,48.54183468033635
5211,48.54183468033635
5212,71.66280918992678
5212,71.66280918992678
5212,71.66280918992678
5212,71.66280918992678
5212,71.66280918992678
5213,71.65743397566636
5213,71.65743397566636
5213,71.65743397566636
5213,71.65743397566636
5213,71.65743397566636
5214,71.6095837083964
5214,71.6095837083964
5214,71.6095837083964
5214,71.6095837083964
5214,71.6095837083964
5215,71.51159169118617
5215,71.51159169118617
5215,71.51159169118617
5215,71.51159169118617
5215,71.51159169118617
5216,71.50805038330678
5216,71.50805038330678
5216,71.50805038330678
5216,71.50805038330678
5216,71.50805038330678
5217,67.92229681938952
5217,67.92229681938952
5217,67.92229681938952
5217,67.92229681938952
5217,67.92229681938952
5218,68.0604236974598
5218,68.0604236974598
5218,68.0604236974598
5218,68.0604236974598
5218,68.0604236974598
5219,75.19058885487689
5219,75.19058885487689
5219,75.19058885487689
5219,75.19058885487689
5219,75.19058885487689
5220,71.64333224828822
5220,71.64333224828822
5220,71.64333224828822
5220,71.64333224828822
5220,71.64333224828822
5221,55.802588964047786
5221,55.802588964047786
5221,55.802588964047786
5221,55.802588964047786
5221,55.802588964047786
5222,55.83782219441082
5222,55.83782219441082
5222,55.83782219441082
5222,55.83782219441082
5222,55.83782219441082
5223,55.78520914719934
5223,55.78520914719934
5223,55.78520914719934
5223,55.78520914719934
5223,55.78520914719934
5224,55.73915178830164
5224,55.73915178830164
5224,55.73915178830164
5224,55.73915178830164
5224,55.73915178830164
5225,52.04864315957974
5225,52.04864315957974
5225,52.04864315957974
5225,52.04864315957974
5225,52.04864315957974
5226,67.93549925310238
5226,67.93549925310238
5226,67.93549925310238
5226,67.93549925310238
5226,67.93549925310238
5227,52.05916034303668
5227,52.05916034303668
5227,52.05916034303668
5227,52.05916034303668
5227,52.05916034303668
5228,52.10149509355811
5228,52.10149509355811
5228,52.10149509355811
5228,52.10149509355811
5228,52.10149509355811
5229,52.16958230223579
5229,52.16958230223579
5229,52.16958230223579
5229,52.16958230223579
5229,52.16958230223579
5230,68.08731684035122
5230,68.08731684035122
5230,68.08731684035122
5230,68.08731684035122
5230,68.08731684035122
5231,52.057991029355094
5231,52.057991029355094
5231,52.057991029355094
5231,52.057991029355094
5231,52.057991029355094
5232,51.99527263739024
5232,51.99527263739024
5232,51.99527263739024
5232,51.99527263739024
5232,51.99527263739024
5233,51.999149810682255
5233,51.999149810682255
5233,51.999149810682255
5233,51.999149810682255
5233,51.999149810682255
5234,55.54267285251901
5234,55.54267285251901
5234,55.54267285251901
5234,55.54267285251901
5234,55.54267285251901
5235,55.538173571252436
5235,55.538173571252436
5235,55.538173571252436
5235,55.538173571252436
5235,55.538173571252436
5236,55.54069964084497
5236,55.54069964084497
5236,55.54069964084497
5236,55.54069964084497
5236,55.54069964084497
5237,55.47456596330377
5237,55.47456596330377
5237,55.47456596330377
5237,55.47456596330377
5237,55.47456596330377
5238,55.49197450289239
5238,55.49197450289239
5238,55.49197450289239
5238,55.49197450289239
5238,55.49197450289239
5239,71.42739881214126
5239,71.42739881214126
5239,71.42739881214126
5239,71.42739881214126
5239,71.42739881214126
5240,67.88590245394435
5240,67.88590245394435
5240,67.88590245394435
5240,67.88590245394435
5240,67.88590245394435
5241,67.91102379829296
5241,67.91102379829296
5241,67.91102379829296
5241,67.91102379829296
5241,67.91102379829296
5242,48.39139128397193
5242,48.39139128397193
5242,48.39139128397193
5242,48.39139128397193
5242,48.39139128397193
5243,51.9575865068057
5243,51.9575865068057
5243,51.9575865068057
5243,51.9575865068057
5243,51.9575865068057
5244,51.86117378545557
5244,51.86117378545557
5244,51.86117378545557
5244,51.86117378545557
5244,51.86117378545557
5245,51.8600866571982
5245,51.8600866571982
5245,51.8600866571982
5245,51.8600866571982
5245,51.8600866571982
5246,51.87705843276859
5246,51.87705843276859
5246,51.87705843276859
5246,51.87705843276859
5246,51.87705843276859
5247,67.76716929684363
5247,67.76716929684363
5247,67.76716929684363
5247,67.76716929684363
5247,67.76716929684363
5248,51.866269855756876
5248,51.866269855756876
5248,51.866269855756876
5248,51.866269855756876
5248,51.866269855756876
5249,67.88579148359464
5249,67.88579148359464
5249,67.88579148359464
5249,67.88579148359464
5249,67.88579148359464
5250,67.86724447873858
5250,67.86724447873858
5250,67.86724447873858
5250,67.86724447873858
5250,67.86724447873858
5251,67.92302975100421
5251,67.92302975100421
5251,67.92302975100421
5251,67.92302975100421
5251,67.92302975100421
5252,87.58061240641189
5252,87.58061240641189
5252,87.58061240641189
5252,87.58061240641189
5252,87.58061240641189
5253,71.61233592366105
5253,71.61233592366105
5253,71.61233592366105
5253,71.61233592366105
5253,71.61233592366105
5254,71.56349549761521
5254,71.56349549761521
5254,71.56349549761521
5254,71.56349549761521
5254,71.56349549761521
5255,71.59576230598174
5255,71.59576230598174
5255,71.59576230598174
5255,71.59576230598174
5255,71.59576230598174
5256,68.13958230309575
5256,68.13958230309575
5256,68.13958230309575
5256,68.13958230309575
5256,68.13958230309575
5257,48.41627008812297
5257,48.41627008812297
5257,48.41627008812297
5257,48.41627008812297
5257,48.41627008812297
5258,52.09140830308896
5258,52.09140830308896
5258,52.09140830308896
5258,52.09140830308896
5258,52.09140830308896
5259,52.096976580869296
5259,52.096976580869296
5259,52.096976580869296
5259,52.096976580869296
5259,52.096976580869296
5260,52.057354916129974
5260,52.057354916129974
5260,52.057354916129974
5260,52.057354916129974
5260,52.057354916129974
5261,51.955941106867236
5261,51.955941106867236
5261,51.955941106867236
5261,51.955941106867236
5261,51.955941106867236
5262,52.0075689725377
5262,52.0075689725377
5262,52.0075689725377
5262,52.0075689725377
5262,52.0075689725377
5263,51.91112716606028
5263,51.91112716606028
5263,51.91112716606028
5263,51.91112716606028
5263,51.91112716606028
5264,51.875123842033624
5264,51.875123842033624
5264,51.875123842033624
5264,51.875123842033624
5264,51.875123842033624
5265,51.882853138122655
5265,51.882853138122655
5265,51.882853138122655
5265,51.882853138122655
5265,51.882853138122655
5266,51.818182436406275
5266,51.818182436406275
5266,51.818182436406275
5266,51.818182436406275
5266,51.818182436406275
5267,51.88815571006703
5267,51.88815571006703
5267,51.88815571006703
5267,51.88815571006703
5267,51.88815571006703
5268,55.4744052984797
5268,55.4744052984797
5268,55.4744052984797
5268,55.4744052984797
5268,55.4744052984797
5269,59.1149872653402
5269,59.1149872653402
5269,59.1149872653402
5269,59.1149872653402
5269,59.1149872653402
5270,58.973225619163145
5270,58.973225619163145
5270,58.973225619163145
5270,58.973225619163145
5270,58.973225619163145
5271,55.38754781744723
5271,55.38754781744723
5271,55.38754781744723
5271,55.38754781744723
5271,55.38754781744723
5272,51.81678051959072
5272,51.81678051959072
5272,51.81678051959072
5272,51.81678051959072
5272,51.81678051959072
5273,51.81413184895057
5273,51.81413184895057
5273,51.81413184895057
5273,51.81413184895057
5273,51.81413184895057
5274,48.215930443669684
5274,48.215930443669684
5274,48.215930443669684
5274,48.215930443669684
5274,48.215930443669684
5275,48.278052207661666
5275,48.278052207661666
5275,48.278052207661666
5275,48.278052207661666
5275,48.278052207661666
5276,48.281004307437065
5276,48.281004307437065
5276,48.281004307437065
5276,48.281004307437065
5276,48.281004307437065
5277,48.23946627749645
5277,48.23946627749645
5277,48.23946627749645
5277,48.23946627749645
5277,48.23946627749645
5278,48.21537230841878
5278,48.21537230841878
5278,48.21537230841878
5278,48.21537230841878
5278,48.21537230841878
5279,64.16559030117281
5279,64.16559030117281
5279,64.16559030117281
5279,64.16559030117281
5279,64.16559030117281
5280,51.93506909405615
5280,51.93506909405615
5280,51.93506909405615
5280,51.93506909405615
5280,51.93506909405615
5281,67.91315688922698
5281,67.91315688922698
5281,67.91315688922698
5281,67.91315688922698
5281,67.91315688922698
5282,67.99948833368441
5282,67.99948833368441
5282,67.99948833368441
5282,67.99948833368441
5282,67.99948833368441
5283,67.9625815225147
5283,67.9625815225147
5283,67.9625815225147
5283,67.9625815225147
5283,67.9625815225147
5284,68.00443975679211
5284,68.00443975679211
5284,68.00443975679211
5284,68.00443975679211
5284,68.00443975679211
5285,71.51669737672167
5285,71.51669737672167
5285,71.51669737672167
5285,71.51669737672167
5285,71.51669737672167
5286,87.48561123864579
5286,87.48561123864579
5286,87.48561123864579
5286,87.48561123864579
5286,87.48561123864579
5287,75.17499991108394
5287,75.17499991108394
5287,75.17499991108394
5287,75.17499991108394
5287,75.17499991108394
5288,71.55151960417398
5288,71.55151960417398
5288,71.55151960417398
5288,71.55151960417398
5288,71.55151960417398
5289,71.53249925126892
5289,71.53249925126892
5289,71.53249925126892
5289,71.53249925126892
5289,71.53249925126892
5290,71.56554734141703
5290,71.56554734141703
5290,71.56554734141703
5290,71.56554734141703
5290,71.56554734141703
5291,55.603106369297606
5291,55.603106369297606
5291,55.603106369297606
5291,55.603106369297606
5291,55.603106369297606
5292,67.92483237441624
5292,67.92483237441624
5292,67.92483237441624
5292,67.92483237441624
5292,67.92483237441624
5293,67.90593790199065
5293,67.90593790199065
5293,67.90593790199065
5293,67.90593790199065
5293,67.90593790199065
5294,71.48266593065554
5294,71.48266593065554
5294,71.48266593065554
5294,71.48266593065554
5294,71.48266593065554
5295,71.64602183488786
5295,71.64602183488786
5295,71.64602183488786
5295,71.64602183488786
5295,71.64602183488786
5296,55.769542201380695
5296,55.769542201380695
5296,55.769542201380695
5296,55.769542201380695
5296,55.769542201380695
5297,55.80069202639292
5297,55.80069202639292
5297,55.80069202639292
5297,55.80069202639292
5297,55.80069202639292
5298,59.448941056187735
5298,59.448941056187735
5298,59.448941056187735
5298,59.448941056187735
5298,59.448941056187735
5299,59.41323313765237
5299,59.41323313765237
5299,59.41323313765237
5299,59.41323313765237
5299,59.41323313765237
5300,59.35810254818866
5300,59.35810254818866
5300,59.35810254818866
5300,59.35810254818866
5300,59.35810254818866
5301,59.2226149959223
5301,59.2226149959223
5301,59.2226149959223
5301,59.2226149959223
5301,59.2226149959223
5302,59.24140968584751
5302,59.24140968584751
5302,59.24140968584751
5302,59.24140968584751
5302,59.24140968584751
5303,71.57592264265651
5303,71.57592264265651
5303,71.57592264265651
5303,71.57592264265651
5303,71.57592264265651
5304,75.03138544192905
5304,75.03138544192905
5304,75.03138544192905
5304,75.03138544192905
5304,75.03138544192905
5305,75.05008702920347
5305,75.05008702920347
5305,75.05008702920347
5305,75.05008702920347
5305,75.05008702920347
5306,67.82083941723663
5306,67.82083941723663
5306,67.82083941723663
5306,67.82083941723663
5306,67.82083941723663
5307,67.89737038259676
5307,67.89737038259676
5307,67.89737038259676
5307,67.89737038259676
5307,67.89737038259676
5308,67.83254978489552
5308,67.83254978489552
5308,67.83254978489552
5308,67.83254978489552
5308,67.83254978489552
5309,55.6753145344479
5309,55.6753145344479
5309,55.6753145344479
5309,55.6753145344479
5309,55.6753145344479
5310,59.312573039499775
5310,59.312573039499775
5310,59.312573039499775
5310,59.312573039499775
5310,59.312573039499775
5311,59.42595651297519
5311,59.42595651297519
5311,59.42595651297519
5311,59.42595651297519
5311,59.42595651297519
5312,59.37283793516864
5312,59.37283793516864
5312,59.37283793516864
5312,59.37283793516864
5312,59.37283793516864
5313,59.329115514104515
5313,59.329115514104515
5313,59.329115514104515
5313,59.329115514104515
5313,59.329115514104515
5314,59.261127407808786
5314,59.261127407808786
5314,59.261127407808786
5314,59.261127407808786
5314,59.261127407808786
5315,55.6763496896197
5315,55.6763496896197
5315,55.6763496896197
5315,55.6763496896197
5315,55.6763496896197
5316,71.46106103259902
5316,71.46106103259902
5316,71.46106103259902
5316,71.46106103259902
5316,71.46106103259902
5317,67.82771915807356
5317,67.82771915807356
5317,67.82771915807356
5317,67.82771915807356
5317,67.82771915807356
5318,68.08001532723357
5318,68.08001532723357
5318,68.08001532723357
5318,68.08001532723357
5318,68.08001532723357
5319,68.03381887568719
5319,68.03381887568719
5319,68.03381887568719
5319,68.03381887568719
5319,68.03381887568719
5320,68.05884973142413
5320,68.05884973142413
5320,68.05884973142413
5320,68.05884973142413
5320,68.05884973142413
5321,52.03101290654988
5321,52.03101290654988
5321,52.03101290654988
5321,52.03101290654988
5321,52.03101290654988
5322,83.85029591001782
5322,83.85029591001782
5322,83.85029591001782
5322,83.85029591001782
5322,83.85029591001782
5323,71.53982520596892
5323,71.53982520596892
5323,71.53982520596892
5323,71.53982520596892
5323,71.53982520596892
5324,71.55624304197828
5324,71.55624304197828
5324,71.55624304197828
5324,71.55624304197828
5324,71.55624304197828
5325,71.50428784300368
5325,71.50428784300368
5325,71.50428784300368
5325,71.50428784300368
5325,71.50428784300368
5326,67.87867365665643
5326,67.87867365665643
5326,67.87867365665643
5326,67.87867365665643
5326,67.87867365665643
5327,68.01471558121072
5327,68.01471558121072
5327,68.01471558121072
5327,68.01471558121072
5327,68.01471558121072
5328,67.91039916910253
5328,67.91039916910253
5328,67.91039916910253
5328,67.91039916910253
5328,67.91039916910253
5329,67.95832097787908
5329,67.95832097787908
5329,67.95832097787908
5329,67.95832097787908
5329,67.95832097787908
5330,67.9273253506351
5330,67.9273253506351
5330,67.9273253506351
5330,67.9273253506351
5330,67.9273253506351
5331,32.45350475924549
5331,32.45350475924549
5331,32.45350475924549
5331,32.45350475924549
5331,32.45350475924549
5332,48.40795860223098
5332,48.40795860223098
5332,48.40795860223098
5332,48.40795860223098
5332,48.40795860223098
5333,64.4070184591961
5333,64.4070184591961
5333,64.4070184591961
5333,64.4070184591961
5333,64.4070184591961
5334,67.91507010452706
5334,67.91507010452706
5334,67.91507010452706
5334,67.91507010452706
5334,67.91507010452706
5335,71.52277667130042
5335,71.52277667130042
5335,71.52277667130042
5335,71.52277667130042
5335,71.52277667130042
5336,59.29091317305904
5336,59.29091317305904
5336,59.29091317305904
5336,59.29091317305904
5336,59.29091317305904
5337,59.26878384860076
5337,59.26878384860076
5337,59.26878384860076
5337,59.26878384860076
5337,59.26878384860076
5338,55.610338629219584
5338,55.610338629219584
5338,55.610338629219584
5338,55.610338629219584
5338,55.610338629219584
5339,55.644748492036776
5339,55.644748492036776
5339,55.644748492036776
5339,55.644748492036776
5339,55.644748492036776
5340,55.54262737119559
5340,55.54262737119559
5340,55.54262737119559
5340,55.54262737119559
5340,55.54262737119559
5341,39.65205792498213
5341,39.65205792498213
5341,39.65205792498213
5341,39.65205792498213
5341,39.65205792498213
5342,39.71566040261882
5342,39.71566040261882
5342,39.71566040261882
5342,39.71566040261882
5342,39.71566040261882
5343,55.70137719289646
5343,55.70137719289646
5343,55.70137719289646
5343,55.70137719289646
5343,55.70137719289646
5344,55.70619616720056
5344,55.70619616720056
5344,55.70619616720056
5344,55.70619616720056
5344,55.70619616720056
5345,52.25673573201034
5345,52.25673573201034
5345,52.25673573201034
5345,52.25673573201034
5345,52.25673573201034
5346,52.1206338390052
5346,52.1206338390052
5346,52.1206338390052
5346,52.1206338390052
5346,52.1206338390052
5347,68.01226274454974
5347,68.01226274454974
5347,68.01226274454974
5347,68.01226274454974
5347,68.01226274454974
5348,52.09604136627763
5348,52.09604136627763
5348,52.09604136627763
5348,52.09604136627763
5348,52.09604136627763
5349,55.84563792657671
5349,55.84563792657671
5349,55.84563792657671
5349,55.84563792657671
5349,55.84563792657671
5350,55.888859121061785
5350,55.888859121061785
5350,55.888859121061785
5350,55.888859121061785
5350,55.888859121061785
5351,55.7994570519896
5351,55.7994570519896
5351,55.7994570519896
5351,55.7994570519896
5351,55.7994570519896
5352,55.68223923721797
5352,55.68223923721797
5352,55.68223923721797
5352,55.68223923721797
5352,55.68223923721797
5353,39.737964348367235
5353,39.737964348367235
5353,39.737964348367235
5353,39.737964348367235
5353,39.737964348367235
5354,39.72976633714817
5354,39.72976633714817
5354,39.72976633714817
5354,39.72976633714817
5354,39.72976633714817
5355,39.63534420359654
5355,39.63534420359654
5355,39.63534420359654
5355,39.63534420359654
5355,39.63534420359654
5356,55.598775233567224
5356,55.598775233567224
5356,55.598775233567224
5356,55.598775233567224
5356,55.598775233567224
5357,51.99224529816777
5357,51.99224529816777
5357,51.99224529816777
5357,51.99224529816777
5357,51.99224529816777
5358,51.965721552906984
5358,51.965721552906984
5358,51.965721552906984
5358,51.965721552906984
5358,51.965721552906984
5359,71.6317016530239
5359,71.6317016530239
5359,71.6317016530239
5359,71.6317016530239
5359,71.6317016530239
5360,71.63229975621212
5360,71.63229975621212
5360,71.63229975621212
5360,71.63229975621212
5360,71.63229975621212
5361,87.60359148801174
5361,87.60359148801174
5361,87.60359148801174
5361,87.60359148801174
5361,87.60359148801174
5362,84.04448709712207
5362,84.04448709712207
5362,84.04448709712207
5362,84.04448709712207
5362,84.04448709712207
5363,84.01384387197054
5363,84.01384387197054
5363,84.01384387197054
5363,84.01384387197054
5363,84.01384387197054
5364,68.04964805314334
5364,68.04964805314334
5364,68.04964805314334
5364,68.04964805314334
5364,68.04964805314334
5365,71.66895080813389
5365,71.66895080813389
5365,71.66895080813389
5365,71.66895080813389
5365,71.66895080813389
5366,71.65887862611228
5366,71.65887862611228
5366,71.65887862611228
5366,71.65887862611228
5366,71.65887862611228
5367,71.62994184446045
5367,71.62994184446045
5367,71.62994184446045
5367,71.62994184446045
5367,71.62994184446045
5368,87.4006247249414
5368,87.4006247249414
5368,87.4006247249414
5368,87.4006247249414
5368,87.4006247249414
5369,87.47617799020801
5369,87.47617799020801
5369,87.47617799020801
5369,87.47617799020801
5369,87.47617799020801
5370,87.63719878772132
5370,87.63719878772132
5370,87.63719878772132
5370,87.63719878772132
5370,87.63719878772132
5371,71.64392395124939
5371,71.64392395124939
5371,71.64392395124939
5371,71.64392395124939
5371,71.64392395124939
5372,67.92671663299754
5372,67.92671663299754
5372,67.92671663299754
5372,67.92671663299754
5372,67.92671663299754
5373,67.94278917473386
5373,67.94278917473386
5373,67.94278917473386
5373,67.94278917473386
5373,67.94278917473386
5374,48.4338629939234
5374,48.4338629939234
5374,48.4338629939234
5374,48.4338629939234
5374,48.4338629939234
5375,48.55549889606364
5375,48.55549889606364
5375,48.55549889606364
5375,48.55549889606364
5375,48.55549889606364
5376,68.01819974748177
5376,68.01819974748177
5376,68.01819974748177
5376,68.01819974748177
5376,68.01819974748177
5377,52.07928056732974
5377,52.07928056732974
5377,52.07928056732974
5377,52.07928056732974
5377,52.07928056732974
5378,32.601999754131896
5378,32.601999754131896
5378,32.601999754131896
5378,32.601999754131896
5378,32.601999754131896
5379,32.580345231280944
5379,32.580345231280944
5379,32.580345231280944
5379,32.580345231280944
5379,32.580345231280944
5380,32.579611555248384
5380,32.579611555248384
5380,32.579611555248384
5380,32.579611555248384
5380,32.579611555248384
5381,52.089086752146784
5381,52.089086752146784
5381,52.089086752146784
5381,52.089086752146784
5381,52.089086752146784
5382,52.047103632936306
5382,52.047103632936306
5382,52.047103632936306
5382,52.047103632936306
5382,52.047103632936306
5383,67.89963787349963
5383,67.89963787349963
5383,67.89963787349963
5383,67.89963787349963
5383,67.89963787349963
5384,48.32589917241577
5384,48.32589917241577
5384,48.32589917241577
5384,48.32589917241577
5384,48.32589917241577
5385,48.32768204435691
5385,48.32768204435691
5385,48.32768204435691
5385,48.32768204435691
5385,48.32768204435691
5386,48.343595665166994
5386,48.343595665166994
5386,48.343595665166994
5386,48.343595665166994
5386,48.343595665166994
5387,32.3742974560593
5387,32.3742974560593
5387,32.3742974560593
5387,32.3742974560593
5387,32.3742974560593
5388,32.393038176749215
5388,32.393038176749215
5388,32.393038176749215
5388,32.393038176749215
5388,32.393038176749215
5389,20.09410455098091
5389,20.09410455098091
5389,20.09410455098091
5389,20.09410455098091
5389,20.09410455098091
5390,20.09201786714712
5390,20.09201786714712
5390,20.09201786714712
5390,20.09201786714712
5390,20.09201786714712
5391,20.03999556498981
5391,20.03999556498981
5391,20.03999556498981
5391,20.03999556498981
5391,20.03999556498981
5392,20.04243810794781
5392,20.04243810794781
5392,20.04243810794781
5392,20.04243810794781
5392,20.04243810794781
5393,20.01954474812595
5393,20.01954474812595
5393,20.01954474812595
5393,20.01954474812595
5393,20.01954474812595
5394,20.032613178277856
5394,20.032613178277856
5394,20.032613178277856
5394,20.032613178277856
5394,20.032613178277856
5395,20.049145955708667
5395,20.049145955708667
5395,20.049145955708667
5395,20.049145955708667
5395,20.049145955708667
5396,19.993764215200336
5396,19.993764215200336
5396,19.993764215200336
5396,19.993764215200336
5396,19.993764215200336
5397,16.33544688369847
5397,16.33544688369847
5397,16.33544688369847
5397,16.33544688369847
5397,16.33544688369847
5398,16.358398381121223
5398,16.358398381121223
5398,16.358398381121223
5398,16.358398381121223
5398,16.358398381121223
5399,16.388165031151892
5399,16.388165031151892
5399,16.388165031151892
5399,16.388165031151892
5399,16.388165031151892
5400,16.38975711412962
5400,16.38975711412962
5400,16.38975711412962
5400,16.38975711412962
5400,16.38975711412962
5401,16.36524429961978
5401,16.36524429961978
5401,16.36524429961978
5401,16.36524429961978
5401,16.36524429961978
5402,0.4386278892942732
5402,0.4386278892942732
5402,0.4386278892942732
5402,0.4386278892942732
5402,0.4386278892942732
5403,16.394872681222182
5403,16.394872681222182
5403,16.394872681222182
5403,16.394872681222182
5403,16.394872681222182
5404,16.412485212549175
5404,16.412485212549175
5404,16.412485212549175
5404,16.412485212549175
5404,16.412485212549175
5405,16.540299670504623
5405,16.540299670504623
5405,16.540299670504623
5405,16.540299670504623
5405,16.540299670504623
5406,16.41445375544395
5406,16.41445375544395
5406,16.41445375544395
5406,16.41445375544395
5406,16.41445375544395
5407,16.42792835522217
5407,16.42792835522217
5407,16.42792835522217
5407,16.42792835522217
5407,16.42792835522217
5408,0.4656258905961234
5408,0.4656258905961234
5408,0.4656258905961234
5408,0.4656258905961234
5408,0.4656258905961234
5409,0.46179677766559946
5409,0.46179677766559946
5409,0.46179677766559946
5409,0.46179677766559946
5409,0.46179677766559946
5410,0.4587346708912333
5410,0.4587346708912333
5410,0.4587346708912333
5410,0.4587346708912333
5410,0.4587346708912333
5411,0.44131400665316906
5411,0.44131400665316906
5411,0.44131400665316906
5411,0.44131400665316906
5411,0.44131400665316906
5412,16.329479660324274
5412,16.329479660324274
5412,16.329479660324274
5412,16.329479660324274
5412,16.329479660324274
5413,16.273229404513337
5413,16.273229404513337
5413,16.273229404513337
5413,16.273229404513337
5413,16.273229404513337
5414,32.24057119692369
5414,32.24057119692369
5414,32.24057119692369
5414,32.24057119692369
5414,32.24057119692369
5415,19.910621969370833
5415,19.910621969370833
5415,19.910621969370833
5415,19.910621969370833
5415,19.910621969370833
5416,35.9793486452926
5416,35.9793486452926
5416,35.9793486452926
5416,35.9793486452926
5416,35.9793486452926
5417,36.01857457395962
5417,36.01857457395962
5417,36.01857457395962
5417,36.01857457395962
5417,36.01857457395962
5418,35.94352246477156
5418,35.94352246477156
5418,35.94352246477156
5418,35.94352246477156
5418,35.94352246477156
5419,36.060124685249704
5419,36.060124685249704
5419,36.060124685249704
5419,36.060124685249704
5419,36.060124685249704
5420,36.046415296491624
5420,36.046415296491624
5420,36.046415296491624
5420,36.046415296491624
5420,36.046415296491624
5421,51.97004071239284
5421,51.97004071239284
5421,51.97004071239284
5421,51.97004071239284
5421,51.97004071239284
5422,36.043624076228355
5422,36.043624076228355
5422,36.043624076228355
5422,36.043624076228355
5422,36.043624076228355
5423,39.64960792808914
5423,39.64960792808914
5423,39.64960792808914
5423,39.64960792808914
5423,39.64960792808914
5424,39.62579086874636
5424,39.62579086874636
5424,39.62579086874636
5424,39.62579086874636
5424,39.62579086874636
5425,35.98358087729189
5425,35.98358087729189
5425,35.98358087729189
5425,35.98358087729189
5425,35.98358087729189
5426,35.97069563083757
5426,35.97069563083757
5426,35.97069563083757
5426,35.97069563083757
5426,35.97069563083757
5427,35.943537709941786
5427,35.943537709941786
5427,35.943537709941786
5427,35.943537709941786
5427,35.943537709941786
5428,55.48896853476636
5428,55.48896853476636
5428,55.48896853476636
5428,55.48896853476636
5428,55.48896853476636
5429,55.48577231832443
5429,55.48577231832443
5429,55.48577231832443
5429,55.48577231832443
5429,55.48577231832443
5430,55.50182531056146
5430,55.50182531056146
5430,55.50182531056146
5430,55.50182531056146
5430,55.50182531056146
5431,55.55062927290281
5431,55.55062927290281
5431,55.55062927290281
5431,55.55062927290281
5431,55.55062927290281
5432,55.568769232061186
5432,55.568769232061186
5432,55.568769232061186
5432,55.568769232061186
5432,55.568769232061186
5433,55.58011945980222
5433,55.58011945980222
5433,55.58011945980222
5433,55.58011945980222
5433,55.58011945980222
5434,39.541894323184124
5434,39.541894323184124
5434,39.541894323184124
5434,39.541894323184124
5434,39.541894323184124
5435,35.92987784740883
5435,35.92987784740883
5435,35.92987784740883
5435,35.92987784740883
5435,35.92987784740883
5436,39.48408385546152
5436,39.48408385546152
5436,39.48408385546152
5436,39.48408385546152
5436,39.48408385546152
5437,55.44803398820485
5437,55.44803398820485
5437,55.44803398820485
5437,55.44803398820485
5437,55.44803398820485
5438,55.39719898915183
5438,55.39719898915183
5438,55.39719898915183
5438,55.39719898915183
5438,55.39719898915183
5439,35.810369810820795
5439,35.810369810820795
5439,35.810369810820795
5439,35.810369810820795
5439,35.810369810820795
5440,35.79835073869404
5440,35.79835073869404
5440,35.79835073869404
5440,35.79835073869404
5440,35.79835073869404
5441,35.86424175785458
5441,35.86424175785458
5441,35.86424175785458
5441,35.86424175785458
5441,35.86424175785458
5442,39.44329190526547
5442,39.44329190526547
5442,39.44329190526547
5442,39.44329190526547
5442,39.44329190526547
5443,39.48583166400233
5443,39.48583166400233
5443,39.48583166400233
5443,39.48583166400233
5443,39.48583166400233
5444,39.507514862394025
5444,39.507514862394025
5444,39.507514862394025
5444,39.507514862394025
5444,39.507514862394025
5445,35.97578440425443
5445,35.97578440425443
5445,35.97578440425443
5445,35.97578440425443
5445,35.97578440425443
5446,20.004932900777483
5446,20.004932900777483
5446,20.004932900777483
5446,20.004932900777483
5446,20.004932900777483
5447,36.01463905395859
5447,36.01463905395859
5447,36.01463905395859
5447,36.01463905395859
5447,36.01463905395859
5448,52.12515857699013
5448,52.12515857699013
5448,52.12515857699013
5448,52.12515857699013
5448,52.12515857699013
5449,71.63095907983087
5449,71.63095907983087
5449,71.63095907983087
5449,71.63095907983087
5449,71.63095907983087
5450,59.26856523061571
5450,59.26856523061571
5450,59.26856523061571
5450,59.26856523061571
5450,59.26856523061571
5451,59.25633214019331
5451,59.25633214019331
5451,59.25633214019331
5451,59.25633214019331
5451,59.25633214019331
5452,59.22805826489711
5452,59.22805826489711
5452,59.22805826489711
5452,59.22805826489711
5452,59.22805826489711
5453,59.27510053182796
5453,59.27510053182796
5453,59.27510053182796
5453,59.27510053182796
5453,59.27510053182796
5454,59.21692000353644
5454,59.21692000353644
5454,59.21692000353644
5454,59.21692000353644
5454,59.21692000353644
5455,59.19586888142138
5455,59.19586888142138
5455,59.19586888142138
5455,59.19586888142138
5455,59.19586888142138
5456,55.55665537600363
5456,55.55665537600363
5456,55.55665537600363
5456,55.55665537600363
5456,55.55665537600363
5457,55.578736273617935
5457,55.578736273617935
5457,55.578736273617935
5457,55.578736273617935
5457,55.578736273617935
5458,71.6256050942778
5458,71.6256050942778
5458,71.6256050942778
5458,71.6256050942778
5458,71.6256050942778
5459,71.49340035285287
5459,71.49340035285287
5459,71.49340035285287
5459,71.49340035285287
5459,71.49340035285287
5460,64.25253712254097
5460,64.25253712254097
5460,64.25253712254097
5460,64.25253712254097
5460,64.25253712254097
5461,32.34010876413207
5461,32.34010876413207
5461,32.34010876413207
5461,32.34010876413207
5461,32.34010876413207
5462,48.36482359602975
5462,48.36482359602975
5462,48.36482359602975
5462,48.36482359602975
5462,48.36482359602975
5463,48.362300010452664
5463,48.362300010452664
5463,48.362300010452664
5463,48.362300010452664
5463,48.362300010452664
5464,48.393073919265504
5464,48.393073919265504
5464,48.393073919265504
5464,48.393073919265504
5464,48.393073919265504
5465,48.5077634533325
5465,48.5077634533325
5465,48.5077634533325
5465,48.5077634533325
5465,48.5077634533325
5466,32.55877109446636
5466,32.55877109446636
5466,32.55877109446636
5466,32.55877109446636
5466,32.55877109446636
5467,32.45948028796676
5467,32.45948028796676
5467,32.45948028796676
5467,32.45948028796676
5467,32.45948028796676
5468,32.48665207937155
5468,32.48665207937155
5468,32.48665207937155
5468,32.48665207937155
5468,32.48665207937155
5469,36.12663275972622
5469,36.12663275972622
5469,36.12663275972622
5469,36.12663275972622
5469,36.12663275972622
5470,36.17878981715885
5470,36.17878981715885
5470,36.17878981715885
5470,36.17878981715885
5470,36.17878981715885
5471,48.48088167049533
5471,48.48088167049533
5471,48.48088167049533
5471,48.48088167049533
5471,48.48088167049533
5472,48.48603684779367
5472,48.48603684779367
5472,48.48603684779367
5472,48.48603684779367
5472,48.48603684779367
5473,48.49409515466413
5473,48.49409515466413
5473,48.49409515466413
5473,48.49409515466413
5473,48.49409515466413
5474,55.690023132702095
5474,55.690023132702095
5474,55.690023132702095
5474,55.690023132702095
5474,55.690023132702095
5475,51.98277577455225
5475,51.98277577455225
5475,51.98277577455225
5475,51.98277577455225
5475,51.98277577455225
5476,52.05711161848617
5476,52.05711161848617
5476,52.05711161848617
5476,52.05711161848617
5476,52.05711161848617
5477,52.1272001604597
5477,52.1272001604597
5477,52.1272001604597
5477,52.1272001604597
5477,52.1272001604597
5478,52.05685585492201
5478,52.05685585492201
5478,52.05685585492201
5478,52.05685585492201
5478,52.05685585492201
5479,52.05011105078184
5479,52.05011105078184
5479,52.05011105078184
5479,52.05011105078184
5479,52.05011105078184
5480,52.03402878975571
5480,52.03402878975571
5480,52.03402878975571
5480,52.03402878975571
5480,52.03402878975571
5481,52.06833236917383
5481,52.06833236917383
5481,52.06833236917383
5481,52.06833236917383
5481,52.06833236917383
5482,36.194656721121234
5482,36.194656721121234
5482,36.194656721121234
5482,36.194656721121234
5482,36.194656721121234
5483,36.09341191228882
5483,36.09341191228882
5483,36.09341191228882
5483,36.09341191228882
5483,36.09341191228882
5484,52.04647347499152
5484,52.04647347499152
5484,52.04647347499152
5484,52.04647347499152
5484,52.04647347499152
5485,51.990666134103684
5485,51.990666134103684
5485,51.990666134103684
5485,51.990666134103684
5485,51.990666134103684
5486,48.23216982023213
5486,48.23216982023213
5486,48.23216982023213
5486,48.23216982023213
5486,48.23216982023213
5487,48.216433528449244
5487,48.216433528449244
5487,48.216433528449244
5487,48.216433528449244
5487,48.216433528449244
5488,51.81842636113284
5488,51.81842636113284
5488,51.81842636113284
5488,51.81842636113284
5488,51.81842636113284
5489,51.93817795569637
5489,51.93817795569637
5489,51.93817795569637
5489,51.93817795569637
5489,51.93817795569637
5490,55.62868975614931
5490,55.62868975614931
5490,55.62868975614931
5490,55.62868975614931
5490,55.62868975614931
5491,55.64949261599869
5491,55.64949261599869
5491,55.64949261599869
5491,55.64949261599869
5491,55.64949261599869
5492,55.61352211528301
5492,55.61352211528301
5492,55.61352211528301
5492,55.61352211528301
5492,55.61352211528301
5493,55.410689113842864
5493,55.410689113842864
5493,55.410689113842864
5493,55.410689113842864
5493,55.410689113842864
5494,48.2654753077029
5494,48.2654753077029
5494,48.2654753077029
5494,48.2654753077029
5494,48.2654753077029
5495,35.88136676374303
5495,35.88136676374303
5495,35.88136676374303
5495,35.88136676374303
5495,35.88136676374303
5496,35.95691974475234
5496,35.95691974475234
5496,35.95691974475234
5496,35.95691974475234
5496,35.95691974475234
5497,35.98524323381687
5497,35.98524323381687
5497,35.98524323381687
5497,35.98524323381687
5497,35.98524323381687
5498,36.0159899833145
5498,36.0159899833145
5498,36.0159899833145
5498,36.0159899833145
5498,36.0159899833145
5499,36.03101822065719
5499,36.03101822065719
5499,36.03101822065719
5499,36.03101822065719
5499,36.03101822065719
5500,36.009547969884416
5500,36.009547969884416
5500,36.009547969884416
5500,36.009547969884416
5500,36.009547969884416
5501,36.003451119252865
5501,36.003451119252865
5501,36.003451119252865
5501,36.003451119252865
5501,36.003451119252865
5502,39.601870478125896
5502,39.601870478125896
5502,39.601870478125896
5502,39.601870478125896
5502,39.601870478125896
5503,35.98348229984016
5503,35.98348229984016
5503,35.98348229984016
5503,35.98348229984016
5503,35.98348229984016
5504,35.96224800916948
5504,35.96224800916948
5504,35.96224800916948
5504,35.96224800916948
5504,35.96224800916948
5505,35.938163989712066
5505,35.938163989712066
5505,35.938163989712066
5505,35.938163989712066
5505,35.938163989712066
5506,35.93098994940801
5506,35.93098994940801
5506,35.93098994940801
5506,35.93098994940801
5506,35.93098994940801
5507,35.88896740845681
5507,35.88896740845681
5507,35.88896740845681
5507,35.88896740845681
5507,35.88896740845681
5508,35.89762873513858
5508,35.89762873513858
5508,35.89762873513858
5508,35.89762873513858
5508,35.89762873513858
5509,35.897090100726686
5509,35.897090100726686
5509,35.897090100726686
5509,35.897090100726686
5509,35.897090100726686
5510,20.044055319392662
5510,20.044055319392662
5510,20.044055319392662
5510,20.044055319392662
5510,20.044055319392662
5511,20.034376054453087
5511,20.034376054453087
5511,20.034376054453087
5511,20.034376054453087
5511,20.034376054453087
5512,20.010440813534455
5512,20.010440813534455
5512,20.010440813534455
5512,20.010440813534455
5512,20.010440813534455
5513,16.458428633559738
5513,16.458428633559738
5513,16.458428633559738
5513,16.458428633559738
5513,16.458428633559738
5514,16.45358534370927
5514,16.45358534370927
5514,16.45358534370927
5514,16.45358534370927
5514,16.45358534370927
5515,0.38671390470237327
5515,0.38671390470237327
5515,0.38671390470237327
5515,0.38671390470237327
5515,0.38671390470237327
5516,16.420362180651676
5516,16.420362180651676
5516,16.420362180651676
5516,16.420362180651676
5516,16.420362180651676
5517,35.94277597997922
5517,35.94277597997922
5517,35.94277597997922
5517,35.94277597997922
5517,35.94277597997922
5518,35.93689333129709
5518,35.93689333129709
5518,35.93689333129709
5518,35.93689333129709
5518,35.93689333129709
5519,32.32511526384034
5519,32.32511526384034
5519,32.32511526384034
5519,32.32511526384034
5519,32.32511526384034
5520,32.32695133659786
5520,32.32695133659786
5520,32.32695133659786
5520,32.32695133659786
5520,32.32695133659786
5521,48.33879120744963
5521,48.33879120744963
5521,48.33879120744963
5521,48.33879120744963
5521,48.33879120744963
5522,64.2804232949738
5522,64.2804232949738
5522,64.2804232949738
5522,64.2804232949738
5522,64.2804232949738
5523,64.25667880642023
5523,64.25667880642023
5523,64.25667880642023
5523,64.25667880642023
5523,64.25667880642023
5524,48.39536342972474
5524,48.39536342972474
5524,48.39536342972474
5524,48.39536342972474
5524,48.39536342972474
5525,48.35604263719618
5525,48.35604263719618
5525,48.35604263719618
5525,48.35604263719618
5525,48.35604263719618
5526,16.47539633042056
5526,16.47539633042056
5526,16.47539633042056
5526,16.47539633042056
5526,16.47539633042056
5527,16.46374730376105
5527,16.46374730376105
5527,16.46374730376105
5527,16.46374730376105
5527,16.46374730376105
5528,16.443581712925504
5528,16.443581712925504
5528,16.443581712925504
5528,16.443581712925504
5528,16.443581712925504
5529,16.44619651439384
5529,16.44619651439384
5529,16.44619651439384
5529,16.44619651439384
5529,16.44619651439384
5530,16.47646976555097
5530,16.47646976555097
5530,16.47646976555097
5530,16.47646976555097
5530,16.47646976555097
5531,16.529278861733655
5531,16.529278861733655
5531,16.529278861733655
5531,16.529278861733655
5531,16.529278861733655
5532,16.54326366807455
5532,16.54326366807455
5532,16.54326366807455
5532,16.54326366807455
5532,16.54326366807455
5533,32.475844303606756
5533,32.475844303606756
5533,32.475844303606756
5533,32.475844303606756
5533,32.475844303606756
5534,32.448055999864536
5534,32.448055999864536
5534,32.448055999864536
5534,32.448055999864536
5534,32.448055999864536
5535,32.335065203765545
5535,32.335065203765545
5535,32.335065203765545
5535,32.335065203765545
5535,32.335065203765545
5536,32.3062207028981
5536,32.3062207028981
5536,32.3062207028981
5536,32.3062207028981
5536,32.3062207028981
5537,16.375965991383417
5537,16.375965991383417
5537,16.375965991383417
5537,16.375965991383417
5537,16.375965991383417
5538,16.42669562610751
5538,16.42669562610751
5538,16.42669562610751
5538,16.42669562610751
5538,16.42669562610751
5539,16.46426829713384
5539,16.46426829713384
5539,16.46426829713384
5539,16.46426829713384
5539,16.46426829713384
5540,0.5231780781198514
5540,0.5231780781198514
5540,0.5231780781198514
5540,0.5231780781198514
5540,0.5231780781198514
5541,0.5419278651865729
5541,0.5419278651865729
5541,0.5419278651865729
5541,0.5419278651865729
5541,0.5419278651865729
5542,0.5272043798900189
5542,0.5272043798900189
5542,0.5272043798900189
5542,0.5272043798900189
5542,0.5272043798900189
5543,16.43719165513698
5543,16.43719165513698
5543,16.43719165513698
5543,16.43719165513698
5543,16.43719165513698
5544,16.434950783752452
5544,16.434950783752452
5544,16.434950783752452
5544,16.434950783752452
5544,16.434950783752452
5545,32.364217598383014
5545,32.364217598383014
5545,32.364217598383014
5545,32.364217598383014
5545,32.364217598383014
5546,35.96959031710283
5546,35.96959031710283
5546,35.96959031710283
5546,35.96959031710283
5546,35.96959031710283
5547,35.88073707226344
5547,35.88073707226344
5547,35.88073707226344
5547,35.88073707226344
5547,35.88073707226344
5548,35.9446137868301
5548,35.9446137868301
5548,35.9446137868301
5548,35.9446137868301
5548,35.9446137868301
5549,51.912804726270906
5549,51.912804726270906
5549,51.912804726270906
5549,51.912804726270906
5549,51.912804726270906
5550,32.432789653961365
5550,32.432789653961365
5550,32.432789653961365
5550,32.432789653961365
5550,32.432789653961365
5551,32.45723743571803
5551,32.45723743571803
5551,32.45723743571803
5551,32.45723743571803
5551,32.45723743571803
5552,32.45141804675826
5552,32.45141804675826
5552,32.45141804675826
5552,32.45141804675826
5552,32.45141804675826
5553,48.4353862751332
5553,48.4353862751332
5553,48.4353862751332
5553,48.4353862751332
5553,48.4353862751332
5554,48.36491202562322
5554,48.36491202562322
5554,48.36491202562322
5554,48.36491202562322
5554,48.36491202562322
5555,48.361060966716984
5555,48.361060966716984
5555,48.361060966716984
5555,48.361060966716984
5555,48.361060966716984
5556,32.38441650846063
5556,32.38441650846063
5556,32.38441650846063
5556,32.38441650846063
5556,32.38441650846063
5557,32.405763427170264
5557,32.405763427170264
5557,32.405763427170264
5557,32.405763427170264
5557,32.405763427170264
5558,32.3858782665133
5558,32.3858782665133
5558,32.3858782665133
5558,32.3858782665133
5558,32.3858782665133
5559,51.984841405203724
5559,51.984841405203724
5559,51.984841405203724
5559,51.984841405203724
5559,51.984841405203724
5560,19.974104485547567
5560,19.974104485547567
5560,19.974104485547567
5560,19.974104485547567
5560,19.974104485547567
5561,36.035292527743074
5561,36.035292527743074
5561,36.035292527743074
5561,36.035292527743074
5561,36.035292527743074
5562,20.062199018386384
5562,20.062199018386384
5562,20.062199018386384
5562,20.062199018386384
5562,20.062199018386384
5563,32.361794224588735
5563,32.361794224588735
5563,32.361794224588735
5563,32.361794224588735
5563,32.361794224588735
5564,32.33721845003616
5564,32.33721845003616
5564,32.33721845003616
5564,32.33721845003616
5564,32.33721845003616
5565,36.02818445667913
5565,36.02818445667913
5565,36.02818445667913
5565,36.02818445667913
5565,36.02818445667913
5566,36.11139448485659
5566,36.11139448485659
5566,36.11139448485659
5566,36.11139448485659
5566,36.11139448485659
5567,36.04195067871329
5567,36.04195067871329
5567,36.04195067871329
5567,36.04195067871329
5567,36.04195067871329
5568,35.93074138267878
5568,35.93074138267878
5568,35.93074138267878
5568,35.93074138267878
5568,35.93074138267878
5569,35.91661803391505
5569,35.91661803391505
5569,35.91661803391505
5569,35.91661803391505
5569,35.91661803391505
5570,35.87771163909878
5570,35.87771163909878
5570,35.87771163909878
5570,35.87771163909878
5570,35.87771163909878
5571,35.881302433450855
5571,35.881302433450855
5571,35.881302433450855
5571,35.881302433450855
5571,35.881302433450855
5572,35.924794081764844
5572,35.924794081764844
5572,35.924794081764844
5572,35.924794081764844
5572,35.924794081764844
5573,35.9828300188834
5573,35.9828300188834
5573,35.9828300188834
5573,35.9828300188834
5573,35.9828300188834
5574,35.95124242263876
5574,35.95124242263876
5574,35.95124242263876
5574,35.95124242263876
5574,35.95124242263876
5575,35.9307718935471
5575,35.9307718935471
5575,35.9307718935471
5575,35.9307718935471
5575,35.9307718935471
5576,35.95160723105357
5576,35.95160723105357
5576,35.95160723105357
5576,35.95160723105357
5576,35.95160723105357
5577,39.5984459152543
5577,39.5984459152543
5577,39.5984459152543
5577,39.5984459152543
5577,39.5984459152543
5578,39.58897503023238
5578,39.58897503023238
5578,39.58897503023238
5578,39.58897503023238
5578,39.58897503023238
5579,35.95786299420716
5579,35.95786299420716
5579,35.95786299420716
5579,35.95786299420716
5579,35.95786299420716
5580,35.97081432255466
5580,35.97081432255466
5580,35.97081432255466
5580,35.97081432255466
5580,35.97081432255466
5581,35.98182349919405
5581,35.98182349919405
5581,35.98182349919405
5581,35.98182349919405
5581,35.98182349919405
5582,36.11403979379334
5582,36.11403979379334
5582,36.11403979379334
5582,36.11403979379334
5582,36.11403979379334
5583,36.11038059840881
5583,36.11038059840881
5583,36.11038059840881
5583,36.11038059840881
5583,36.11038059840881
5584,36.13896044458117
5584,36.13896044458117
5584,36.13896044458117
5584,36.13896044458117
5584,36.13896044458117
5585,39.69880303008159
5585,39.69880303008159
5585,39.69880303008159
5585,39.69880303008159
5585,39.69880303008159
5586,35.87355388362872
5586,35.87355388362872
5586,35.87355388362872
5586,35.87355388362872
5586,35.87355388362872
5587,35.889883979669904
5587,35.889883979669904
5587,35.889883979669904
5587,35.889883979669904
5587,35.889883979669904
5588,16.310339330814617
5588,16.310339330814617
5588,16.310339330814617
5588,16.310339330814617
5588,16.310339330814617
5589,0.3848319394561366
5589,0.3848319394561366
5589,0.3848319394561366
5589,0.3848319394561366
5589,0.3848319394561366
5590,0.32866687696680935
5590,0.32866687696680935
5590,0.32866687696680935
5590,0.32866687696680935
5590,0.32866687696680935
5591,0.32831542363070904
5591,0.32831542363070904
5591,0.32831542363070904
5591,0.32831542363070904
5591,0.32831542363070904
5592,0.34753791491744657
5592,0.34753791491744657
5592,0.34753791491744657
5592,0.34753791491744657
5592,0.34753791491744657
5593,0.3785392851583239
5593,0.3785392851583239
5593,0.3785392851583239
5593,0.3785392851583239
5593,0.3785392851583239
5594,16.357249863661252
5594,16.357249863661252
5594,16.357249863661252
5594,16.357249863661252
5594,16.357249863661252
5595,32.370027114878084
5595,32.370027114878084
5595,32.370027114878084
5595,32.370027114878084
5595,32.370027114878084
5596,16.31923140613906
5596,16.31923140613906
5596,16.31923140613906
5596,16.31923140613906
5596,16.31923140613906
5597,16.3112134398572
5597,16.3112134398572
5597,16.3112134398572
5597,16.3112134398572
5597,16.3112134398572
5598,16.3479357299893
5598,16.3479357299893
5598,16.3479357299893
5598,16.3479357299893
5598,16.3479357299893
5599,32.2716626801933
5599,32.2716626801933
5599,32.2716626801933
5599,32.2716626801933
5599,32.2716626801933
5600,35.92713396473763
5600,35.92713396473763
5600,35.92713396473763
5600,35.92713396473763
5600,35.92713396473763
5601,35.99576954929633
5601,35.99576954929633
5601,35.99576954929633
5601,35.99576954929633
5601,35.99576954929633
5602,36.0349328873768
5602,36.0349328873768
5602,36.0349328873768
5602,36.0349328873768
5602,36.0349328873768
5603,36.03596346431614
5603,36.03596346431614
5603,36.03596346431614
5603,36.03596346431614
5603,36.03596346431614
5604,32.44152439584997
5604,32.44152439584997
5604,32.44152439584997
5604,32.44152439584997
5604,32.44152439584997
5605,35.97422509061518
5605,35.97422509061518
5605,35.97422509061518
5605,35.97422509061518
5605,35.97422509061518
5606,35.96177409662785
5606,35.96177409662785
5606,35.96177409662785
5606,35.96177409662785
5606,35.96177409662785
5607,35.96225316645573
5607,35.96225316645573
5607,35.96225316645573
5607,35.96225316645573
5607,35.96225316645573
5608,35.89581903300062
5608,35.89581903300062
5608,35.89581903300062
5608,35.89581903300062
5608,35.89581903300062
5609,35.86643243609662
5609,35.86643243609662
5609,35.86643243609662
5609,35.86643243609662
5609,35.86643243609662
5610,32.2979391104682
5610,32.2979391104682
5610,32.2979391104682
5610,32.2979391104682
5610,32.2979391104682
5611,32.254651398246224
5611,32.254651398246224
5611,32.254651398246224
5611,32.254651398246224
5611,32.254651398246224
5612,32.26437184090973
5612,32.26437184090973
5612,32.26437184090973
5612,32.26437184090973
5612,32.26437184090973
5613,32.305393235982045
5613,32.305393235982045
5613,32.305393235982045
5613,32.305393235982045
5613,32.305393235982045
5614,16.39242230942377
5614,16.39242230942377
5614,16.39242230942377
5614,16.39242230942377
5614,16.39242230942377
5615,16.384894688340317
5615,16.384894688340317
5615,16.384894688340317
5615,16.384894688340317
5615,16.384894688340317
5616,16.472925059382266
5616,16.472925059382266
5616,16.472925059382266
5616,16.472925059382266
5616,16.472925059382266
5617,32.4165503236765
5617,32.4165503236765
5617,32.4165503236765
5617,32.4165503236765
5617,32.4165503236765
5618,32.43956275882395
5618,32.43956275882395
5618,32.43956275882395
5618,32.43956275882395
5618,32.43956275882395
5619,32.45469102461489
5619,32.45469102461489
5619,32.45469102461489
5619,32.45469102461489
5619,32.45469102461489
5620,32.482916370231436
5620,32.482916370231436
5620,32.482916370231436
5620,32.482916370231436
5620,32.482916370231436
5621,32.63191159496837
5621,32.63191159496837
5621,32.63191159496837
5621,32.63191159496837
5621,32.63191159496837
5622,32.539383606030086
5622,32.539383606030086
5622,32.539383606030086
5622,32.539383606030086
5622,32.539383606030086
5623,32.512910956722045
5623,32.512910956722045
5623,32.512910956722045
5623,32.512910956722045
5623,32.512910956722045
5624,16.53521579818736
5624,16.53521579818736
5624,16.53521579818736
5624,16.53521579818736
5624,16.53521579818736
5625,32.48175453437442
5625,32.48175453437442
5625,32.48175453437442
5625,32.48175453437442
5625,32.48175453437442
5626,32.43941115301823
5626,32.43941115301823
5626,32.43941115301823
5626,32.43941115301823
5626,32.43941115301823
5627,32.43778522692507
5627,32.43778522692507
5627,32.43778522692507
5627,32.43778522692507
5627,32.43778522692507
5628,32.54085822659806
5628,32.54085822659806
5628,32.54085822659806
5628,32.54085822659806
5628,32.54085822659806
5629,32.50819892485491
5629,32.50819892485491
5629,32.50819892485491
5629,32.50819892485491
5629,32.50819892485491
5630,32.511465254315716
5630,32.511465254315716
5630,32.511465254315716
5630,32.511465254315716
5630,32.511465254315716
5631,32.504831091422815
5631,32.504831091422815
5631,32.504831091422815
5631,32.504831091422815
5631,32.504831091422815
5632,48.25734164179481
5632,48.25734164179481
5632,48.25734164179481
5632,48.25734164179481
5632,48.25734164179481
5633,48.24247697880628
5633,48.24247697880628
5633,48.24247697880628
5633,48.24247697880628
5633,48.24247697880628
5634,48.28344583246245
5634,48.28344583246245
5634,48.28344583246245
5634,48.28344583246245
5634,48.28344583246245
5635,52.081136725528516
5635,52.081136725528516
5635,52.081136725528516
5635,52.081136725528516
5635,52.081136725528516
5636,52.10080122049446
5636,52.10080122049446
5636,52.10080122049446
5636,52.10080122049446
5636,52.10080122049446
5637,48.39142687468654
5637,48.39142687468654
5637,48.39142687468654
5637,48.39142687468654
5637,48.39142687468654
5638,32.46224775096206
5638,32.46224775096206
5638,32.46224775096206
5638,32.46224775096206
5638,32.46224775096206
5639,16.448245141249895
5639,16.448245141249895
5639,16.448245141249895
5639,16.448245141249895
5639,16.448245141249895
5640,16.41076412651716
5640,16.41076412651716
5640,16.41076412651716
5640,16.41076412651716
5640,16.41076412651716
5641,32.316374810779905
5641,32.316374810779905
5641,32.316374810779905
5641,32.316374810779905
5641,32.316374810779905
5642,32.3111395230596
5642,32.3111395230596
5642,32.3111395230596
5642,32.3111395230596
5642,32.3111395230596
5643,32.20618732611006
5643,32.20618732611006
5643,32.20618732611006
5643,32.20618732611006
5643,32.20618732611006
5644,35.908036836245046
5644,35.908036836245046
5644,35.908036836245046
5644,35.908036836245046
5644,35.908036836245046
5645,32.26862010498259
5645,32.26862010498259
5645,32.26862010498259
5645,32.26862010498259
5645,32.26862010498259
5646,32.32936662456185
5646,32.32936662456185
5646,32.32936662456185
5646,32.32936662456185
5646,32.32936662456185
5647,32.343215919721
5647,32.343215919721
5647,32.343215919721
5647,32.343215919721
5647,32.343215919721
5648,32.35091310258245
5648,32.35091310258245
5648,32.35091310258245
5648,32.35091310258245
5648,32.35091310258245
5649,36.00662941355178
5649,36.00662941355178
5649,36.00662941355178
5649,36.00662941355178
5649,36.00662941355178
5650,32.31543877317047
5650,32.31543877317047
5650,32.31543877317047
5650,32.31543877317047
5650,32.31543877317047
5651,48.302627416433516
5651,48.302627416433516
5651,48.302627416433516
5651,48.302627416433516
5651,48.302627416433516
5652,55.520023227072365
5652,55.520023227072365
5652,55.520023227072365
5652,55.520023227072365
5652,55.520023227072365
5653,59.18028834395352
5653,59.18028834395352
5653,59.18028834395352
5653,59.18028834395352
5653,59.18028834395352
5654,59.114607829257395
5654,59.114607829257395
5654,59.114607829257395
5654,59.114607829257395
5654,59.114607829257395
5655,55.45066955181661
5655,55.45066955181661
5655,55.45066955181661
5655,55.45066955181661
5655,55.45066955181661
5656,59.04768945205707
5656,59.04768945205707
5656,59.04768945205707
5656,59.04768945205707
5656,59.04768945205707
5657,59.02500169206792
5657,59.02500169206792
5657,59.02500169206792
5657,59.02500169206792
5657,59.02500169206792
5658,59.03576598114821
5658,59.03576598114821
5658,59.03576598114821
5658,59.03576598114821
5658,59.03576598114821
5659,71.42181143436214
5659,71.42181143436214
5659,71.42181143436214
5659,71.42181143436214
5659,71.42181143436214
5660,39.54301384160172
5660,39.54301384160172
5660,39.54301384160172
5660,39.54301384160172
5660,39.54301384160172
5661,39.61383416751495
5661,39.61383416751495
5661,39.61383416751495
5661,39.61383416751495
5661,39.61383416751495
5662,39.59995347457691
5662,39.59995347457691
5662,39.59995347457691
5662,39.59995347457691
5662,39.59995347457691
5663,39.55151575069065
5663,39.55151575069065
5663,39.55151575069065
5663,39.55151575069065
5663,39.55151575069065
5664,55.57301660220232
5664,55.57301660220232
5664,55.57301660220232
5664,55.57301660220232
5664,55.57301660220232
5665,55.58193123223798
5665,55.58193123223798
5665,55.58193123223798
5665,55.58193123223798
5665,55.58193123223798
5666,55.472911597465554
5666,55.472911597465554
5666,55.472911597465554
5666,55.472911597465554
5666,55.472911597465554
5667,55.47227398860686
5667,55.47227398860686
5667,55.47227398860686
5667,55.47227398860686
5667,55.47227398860686
5668,39.59189900335472
5668,39.59189900335472
5668,39.59189900335472
5668,39.59189900335472
5668,39.59189900335472
5669,52.020827037918295
5669,52.020827037918295
5669,52.020827037918295
5669,52.020827037918295
5669,52.020827037918295
5670,48.37875659666114
5670,48.37875659666114
5670,48.37875659666114
5670,48.37875659666114
5670,48.37875659666114
5671,48.40448711264323
5671,48.40448711264323
5671,48.40448711264323
5671,48.40448711264323
5671,48.40448711264323
5672,48.5150599413805
5672,48.5150599413805
5672,48.5150599413805
5672,48.5150599413805
5672,48.5150599413805
5673,48.50315053495357
5673,48.50315053495357
5673,48.50315053495357
5673,48.50315053495357
5673,48.50315053495357
5674,48.53501352912436
5674,48.53501352912436
5674,48.53501352912436
5674,48.53501352912436
5674,48.53501352912436
5675,48.515208622899
5675,48.515208622899
5675,48.515208622899
5675,48.515208622899
5675,48.515208622899
5676,32.54963721332615
5676,32.54963721332615
5676,32.54963721332615
5676,32.54963721332615
5676,32.54963721332615
5677,32.517922943483995
5677,32.517922943483995
5677,32.517922943483995
5677,32.517922943483995
5677,32.517922943483995
5678,32.42418511637844
5678,32.42418511637844
5678,32.42418511637844
5678,32.42418511637844
5678,32.42418511637844
5679,36.01630035449125
5679,36.01630035449125
5679,36.01630035449125
5679,36.01630035449125
5679,36.01630035449125
5680,20.059499713184493
5680,20.059499713184493
5680,20.059499713184493
5680,20.059499713184493
5680,20.059499713184493
5681,36.02184353056275
5681,36.02184353056275
5681,36.02184353056275
5681,36.02184353056275
5681,36.02184353056275
5682,36.10258862906237
5682,36.10258862906237
5682,36.10258862906237
5682,36.10258862906237
5682,36.10258862906237
5683,52.025757272001314
5683,52.025757272001314
5683,52.025757272001314
5683,52.025757272001314
5683,52.025757272001314
5684,52.05138172431921
5684,52.05138172431921
5684,52.05138172431921
5684,52.05138172431921
5684,52.05138172431921
5685,52.04418119880394
5685,52.04418119880394
5685,52.04418119880394
5685,52.04418119880394
5685,52.04418119880394
5686,52.008008686721254
5686,52.008008686721254
5686,52.008008686721254
5686,52.008008686721254
5686,52.008008686721254
5687,51.99303016757638
5687,51.99303016757638
5687,51.99303016757638
5687,51.99303016757638
5687,51.99303016757638
5688,55.60796642205122
5688,55.60796642205122
5688,55.60796642205122
5688,55.60796642205122
5688,55.60796642205122
5689,39.63805266784192
5689,39.63805266784192
5689,39.63805266784192
5689,39.63805266784192
5689,39.63805266784192
5690,39.63085419006254
5690,39.63085419006254
5690,39.63085419006254
5690,39.63085419006254
5690,39.63085419006254
5691,39.64632694564974
5691,39.64632694564974
5691,39.64632694564974
5691,39.64632694564974
5691,39.64632694564974
5692,39.738113309865454
5692,39.738113309865454
5692,39.738113309865454
5692,39.738113309865454
5692,39.738113309865454
5693,39.74646161266969
5693,39.74646161266969
5693,39.74646161266969
5693,39.74646161266969
5693,39.74646161266969
5694,39.718448737823906
5694,39.718448737823906
5694,39.718448737823906
5694,39.718448737823906
5694,39.718448737823906
5695,39.596507453311006
5695,39.596507453311006
5695,39.596507453311006
5695,39.596507453311006
5695,39.596507453311006
5696,55.557502899440706
5696,55.557502899440706
5696,55.557502899440706
5696,55.557502899440706
5696,55.557502899440706
5697,51.941885501156264
5697,51.941885501156264
5697,51.941885501156264
5697,51.941885501156264
5697,51.941885501156264
5698,55.46076847400265
5698,55.46076847400265
5698,55.46076847400265
5698,55.46076847400265
5698,55.46076847400265
5699,55.46912019306335
5699,55.46912019306335
5699,55.46912019306335
5699,55.46912019306335
5699,55.46912019306335
5700,51.87830833867598
5700,51.87830833867598
5700,51.87830833867598
5700,51.87830833867598
5700,51.87830833867598
5701,48.27777551331474
5701,48.27777551331474
5701,48.27777551331474
5701,48.27777551331474
5701,48.27777551331474
5702,48.28482735317529
5702,48.28482735317529
5702,48.28482735317529
5702,48.28482735317529
5702,48.28482735317529
5703,48.29526710582631
5703,48.29526710582631
5703,48.29526710582631
5703,48.29526710582631
5703,48.29526710582631
5704,48.42912000717577
5704,48.42912000717577
5704,48.42912000717577
5704,48.42912000717577
5704,48.42912000717577
5705,48.449814985014015
5705,48.449814985014015
5705,48.449814985014015
5705,48.449814985014015
5705,48.449814985014015
5706,55.52498127936491
5706,55.52498127936491
5706,55.52498127936491
5706,55.52498127936491
5706,55.52498127936491
5707,55.52957121196008
5707,55.52957121196008
5707,55.52957121196008
5707,55.52957121196008
5707,55.52957121196008
5708,51.87887302941416
5708,51.87887302941416
5708,51.87887302941416
5708,51.87887302941416
5708,51.87887302941416
5709,32.30876639952733
5709,32.30876639952733
5709,32.30876639952733
5709,32.30876639952733
5709,32.30876639952733
5710,32.38553507401451
5710,32.38553507401451
5710,32.38553507401451
5710,32.38553507401451
5710,32.38553507401451
5711,32.30642325527292
5711,32.30642325527292
5711,32.30642325527292
5711,32.30642325527292
5711,32.30642325527292
5712,32.349219861581595
5712,32.349219861581595
5712,32.349219861581595
5712,32.349219861581595
5712,32.349219861581595
5713,35.967773947775996
5713,35.967773947775996
5713,35.967773947775996
5713,35.967773947775996
5713,35.967773947775996
5714,35.90650900797011
5714,35.90650900797011
5714,35.90650900797011
5714,35.90650900797011
5714,35.90650900797011
5715,35.888891857008915
5715,35.888891857008915
5715,35.888891857008915
5715,35.888891857008915
5715,35.888891857008915
5716,35.871897914943666
5716,35.871897914943666
5716,35.871897914943666
5716,35.871897914943666
5716,35.871897914943666
5717,35.86670767356491
5717,35.86670767356491
5717,35.86670767356491
5717,35.86670767356491
5717,35.86670767356491
5718,39.472489721989405
5718,39.472489721989405
5718,39.472489721989405
5718,39.472489721989405
5718,39.472489721989405
5719,39.454935061405145
5719,39.454935061405145
5719,39.454935061405145
5719,39.454935061405145
5719,39.454935061405145
5720,55.41414261197044
5720,55.41414261197044
5720,55.41414261197044
5720,55.41414261197044
5720,55.41414261197044
5721,55.53351027659427
5721,55.53351027659427
5721,55.53351027659427
5721,55.53351027659427
5721,55.53351027659427
5722,55.54598157589312
5722,55.54598157589312
5722,55.54598157589312
5722,55.54598157589312
5722,55.54598157589312
5723,52.08411826682012
5723,52.08411826682012
5723,52.08411826682012
5723,52.08411826682012
5723,52.08411826682012
5724,55.683758456579014
5724,55.683758456579014
5724,55.683758456579014
5724,55.683758456579014
5724,55.683758456579014
5725,55.687293706874456
5725,55.687293706874456
5725,55.687293706874456
5725,55.687293706874456
5725,55.687293706874456
5726,55.73906962869474
5726,55.73906962869474
5726,55.73906962869474
5726,55.73906962869474
5726,55.73906962869474
5727,55.58280815191921
5727,55.58280815191921
5727,55.58280815191921
5727,55.58280815191921
5727,55.58280815191921
5728,55.56265444376868
5728,55.56265444376868
5728,55.56265444376868
5728,55.56265444376868
5728,55.56265444376868
5729,35.910703529788506
5729,35.910703529788506
5729,35.910703529788506
5729,35.910703529788506
5729,35.910703529788506
5730,39.55622134392814
5730,39.55622134392814
5730,39.55622134392814
5730,39.55622134392814
5730,39.55622134392814
5731,39.65416838250175
5731,39.65416838250175
5731,39.65416838250175
5731,39.65416838250175
5731,39.65416838250175
5732,51.995391649072374
5732,51.995391649072374
5732,51.995391649072374
5732,51.995391649072374
5732,51.995391649072374
5733,48.43461224387656
5733,48.43461224387656
5733,48.43461224387656
5733,48.43461224387656
5733,48.43461224387656
5734,64.54711668021754
5734,64.54711668021754
5734,64.54711668021754
5734,64.54711668021754
5734,64.54711668021754
5735,64.49353508502476
5735,64.49353508502476
5735,64.49353508502476
5735,64.49353508502476
5735,64.49353508502476
5736,64.53837272108471
5736,64.53837272108471
5736,64.53837272108471
5736,64.53837272108471
5736,64.53837272108471
5737,32.55364722650144
5737,32.55364722650144
5737,32.55364722650144
5737,32.55364722650144
5737,32.55364722650144
5738,32.54247130341092
5738,32.54247130341092
5738,32.54247130341092
5738,32.54247130341092
5738,32.54247130341092
5739,48.47641077918816
5739,48.47641077918816
5739,48.47641077918816
5739,48.47641077918816
5739,48.47641077918816
5740,48.4932050458757
5740,48.4932050458757
5740,48.4932050458757
5740,48.4932050458757
5740,48.4932050458757
5741,48.50251901735721
5741,48.50251901735721
5741,48.50251901735721
5741,48.50251901735721
5741,48.50251901735721
5742,48.50337940156315
5742,48.50337940156315
5742,48.50337940156315
5742,48.50337940156315
5742,48.50337940156315
5743,55.72976930397401
5743,55.72976930397401
5743,55.72976930397401
5743,55.72976930397401
5743,55.72976930397401
5744,55.54712770429317
5744,55.54712770429317
5744,55.54712770429317
5744,55.54712770429317
5744,55.54712770429317
5745,55.58535347693684
5745,55.58535347693684
5745,55.58535347693684
5745,55.58535347693684
5745,55.58535347693684
5746,36.061733006029115
5746,36.061733006029115
5746,36.061733006029115
5746,36.061733006029115
5746,36.061733006029115
5747,52.02956296720184
5747,52.02956296720184
5747,52.02956296720184
5747,52.02956296720184
5747,52.02956296720184
5748,52.04240688064759
5748,52.04240688064759
5748,52.04240688064759
5748,52.04240688064759
5748,52.04240688064759
5749,55.70522292019971
5749,55.70522292019971
5749,55.70522292019971
5749,55.70522292019971
5749,55.70522292019971
5750,55.75806089594719
5750,55.75806089594719
5750,55.75806089594719
5750,55.75806089594719
5750,55.75806089594719
5751,55.767935748712276
5751,55.767935748712276
5751,55.767935748712276
5751,55.767935748712276
5751,55.767935748712276
5752,55.670668462603125
5752,55.670668462603125
5752,55.670668462603125
5752,55.670668462603125
5752,55.670668462603125
5753,59.144859485159074
5753,59.144859485159074
5753,59.144859485159074
5753,59.144859485159074
5753,59.144859485159074
5754,59.089008395306415
5754,59.089008395306415
5754,59.089008395306415
5754,59.089008395306415
5754,59.089008395306415
5755,51.88861045007538
5755,51.88861045007538
5755,51.88861045007538
5755,51.88861045007538
5755,51.88861045007538
5756,51.85226550951211
5756,51.85226550951211
5756,51.85226550951211
5756,51.85226550951211
5756,51.85226550951211
5757,51.91244183584369
5757,51.91244183584369
5757,51.91244183584369
5757,51.91244183584369
5757,51.91244183584369
5758,75.08116411557629
5758,75.08116411557629
5758,75.08116411557629
5758,75.08116411557629
5758,75.08116411557629
5759,78.77419878527294
5759,78.77419878527294
5759,78.77419878527294
5759,78.77419878527294
5759,78.77419878527294
5760,78.74353925363283
5760,78.74353925363283
5760,78.74353925363283
5760,78.74353925363283
5760,78.74353925363283
5761,75.08284835372379
5761,75.08284835372379
5761,75.08284835372379
5761,75.08284835372379
5761,75.08284835372379
5762,75.17566360765369
5762,75.17566360765369
5762,75.17566360765369
5762,75.17566360765369
5762,75.17566360765369
5763,75.25465807098931
5763,75.25465807098931
5763,75.25465807098931
5763,75.25465807098931
5763,75.25465807098931
5764,75.27203664166994
5764,75.27203664166994
5764,75.27203664166994
5764,75.27203664166994
5764,75.27203664166994
5765,75.27948699855492
5765,75.27948699855492
5765,75.27948699855492
5765,75.27948699855492
5765,75.27948699855492
5766,75.26900690956077
5766,75.26900690956077
5766,75.26900690956077
5766,75.26900690956077
5766,75.26900690956077
5767,55.715895718179446
5767,55.715895718179446
5767,55.715895718179446
5767,55.715895718179446
5767,55.715895718179446
5768,52.09083560770366
5768,52.09083560770366
5768,52.09083560770366
5768,52.09083560770366
5768,52.09083560770366
5769,52.0694734386222
5769,52.0694734386222
5769,52.0694734386222
5769,52.0694734386222
5769,52.0694734386222
5770,52.03476954824426
5770,52.03476954824426
5770,52.03476954824426
5770,52.03476954824426
5770,52.03476954824426
5771,52.011524293984465
5771,52.011524293984465
5771,52.011524293984465
5771,52.011524293984465
5771,52.011524293984465
5772,51.980843743982476
5772,51.980843743982476
5772,51.980843743982476
5772,51.980843743982476
5772,51.980843743982476
5773,51.94459580004623
5773,51.94459580004623
5773,51.94459580004623
5773,51.94459580004623
5773,51.94459580004623
5774,48.360683087221204
5774,48.360683087221204
5774,48.360683087221204
5774,48.360683087221204
5774,48.360683087221204
5775,48.38270959494568
5775,48.38270959494568
5775,48.38270959494568
5775,48.38270959494568
5775,48.38270959494568
5776,64.23447661278502
5776,64.23447661278502
5776,64.23447661278502
5776,64.23447661278502
5776,64.23447661278502
5777,48.307308924511176
5777,48.307308924511176
5777,48.307308924511176
5777,48.307308924511176
5777,48.307308924511176
5778,67.7684697394184
5778,67.7684697394184
5778,67.7684697394184
5778,67.7684697394184
5778,67.7684697394184
5779,55.48217874163447
5779,55.48217874163447
5779,55.48217874163447
5779,55.48217874163447
5779,55.48217874163447
5780,71.43200251470996
5780,71.43200251470996
5780,71.43200251470996
5780,71.43200251470996
5780,71.43200251470996
5781,67.83918243348595
5781,67.83918243348595
5781,67.83918243348595
5781,67.83918243348595
5781,67.83918243348595
5782,48.295926052722436
5782,48.295926052722436
5782,48.295926052722436
5782,48.295926052722436
5782,48.295926052722436
5783,48.36590747105401
5783,48.36590747105401
5783,48.36590747105401
5783,48.36590747105401
5783,48.36590747105401
5784,48.44171802311666
5784,48.44171802311666
5784,48.44171802311666
5784,48.44171802311666
5784,48.44171802311666
5785,32.440732393232885
5785,32.440732393232885
5785,32.440732393232885
5785,32.440732393232885
5785,32.440732393232885
5786,32.437615252964754
5786,32.437615252964754
5786,32.437615252964754
5786,32.437615252964754
5786,32.437615252964754
5787,32.424505330372355
5787,32.424505330372355
5787,32.424505330372355
5787,32.424505330372355
5787,32.424505330372355
5788,36.062627615614446
5788,36.062627615614446
5788,36.062627615614446
5788,36.062627615614446
5788,36.062627615614446
5789,55.57229509577115
5789,55.57229509577115
5789,55.57229509577115
5789,55.57229509577115
5789,55.57229509577115
5790,51.85754104298621
5790,51.85754104298621
5790,51.85754104298621
5790,51.85754104298621
5790,51.85754104298621
5791,51.82784318195265
5791,51.82784318195265
5791,51.82784318195265
5791,51.82784318195265
5791,51.82784318195265
5792,55.45192936630781
5792,55.45192936630781
5792,55.45192936630781
5792,55.45192936630781
5792,55.45192936630781
5793,55.5021987786732
5793,55.5021987786732
5793,55.5021987786732
5793,55.5021987786732
5793,55.5021987786732
5794,71.47278736670891
5794,71.47278736670891
5794,71.47278736670891
5794,71.47278736670891
5794,71.47278736670891
5795,71.49035849297829
5795,71.49035849297829
5795,71.49035849297829
5795,71.49035849297829
5795,71.49035849297829
5796,71.5558079532881
5796,71.5558079532881
5796,71.5558079532881
5796,71.5558079532881
5796,71.5558079532881
5797,68.0081949657797
5797,68.0081949657797
5797,68.0081949657797
5797,68.0081949657797
5797,68.0081949657797
5798,52.09059485853305
5798,52.09059485853305
5798,52.09059485853305
5798,52.09059485853305
5798,52.09059485853305
5799,52.107847598030425
5799,52.107847598030425
5799,52.107847598030425
5799,52.107847598030425
5799,52.107847598030425
5800,55.6185778375165
5800,55.6185778375165
5800,55.6185778375165
5800,55.6185778375165
5800,55.6185778375165
5801,52.022609669442865
5801,52.022609669442865
5801,52.022609669442865
5801,52.022609669442865
5801,52.022609669442865
5802,64.38460490367231
5802,64.38460490367231
5802,64.38460490367231
5802,64.38460490367231
5802,64.38460490367231
5803,64.46579489941841
5803,64.46579489941841
5803,64.46579489941841
5803,64.46579489941841
5803,64.46579489941841
5804,36.09299270249251
5804,36.09299270249251
5804,36.09299270249251
5804,36.09299270249251
5804,36.09299270249251
5805,36.16010316567051
5805,36.16010316567051
5805,36.16010316567051
5805,36.16010316567051
5805,36.16010316567051
5806,36.14024082329273
5806,36.14024082329273
5806,36.14024082329273
5806,36.14024082329273
5806,36.14024082329273
5807,39.75529840840995
5807,39.75529840840995
5807,39.75529840840995
5807,39.75529840840995
5807,39.75529840840995
5808,39.72116110005269
5808,39.72116110005269
5808,39.72116110005269
5808,39.72116110005269
5808,39.72116110005269
5809,39.71291653944032
5809,39.71291653944032
5809,39.71291653944032
5809,39.71291653944032
5809,39.71291653944032
5810,36.070770017537306
5810,36.070770017537306
5810,36.070770017537306
5810,36.070770017537306
5810,36.070770017537306
5811,36.054371128006935
5811,36.054371128006935
5811,36.054371128006935
5811,36.054371128006935
5811,36.054371128006935
5812,32.42686644951898
5812,32.42686644951898
5812,32.42686644951898
5812,32.42686644951898
5812,32.42686644951898
5813,32.35332552214382
5813,32.35332552214382
5813,32.35332552214382
5813,32.35332552214382
5813,32.35332552214382
5814,32.418180597875505
5814,32.418180597875505
5814,32.418180597875505
5814,32.418180597875505
5814,32.418180597875505
5815,39.66803002548973
5815,39.66803002548973
5815,39.66803002548973
5815,39.66803002548973
5815,39.66803002548973
5816,39.60074904755394
5816,39.60074904755394
5816,39.60074904755394
5816,39.60074904755394
5816,39.60074904755394
5817,39.58072727367447
5817,39.58072727367447
5817,39.58072727367447
5817,39.58072727367447
5817,39.58072727367447
5818,35.992772764072754
5818,35.992772764072754
5818,35.992772764072754
5818,35.992772764072754
5818,35.992772764072754
5819,36.017998891887075
5819,36.017998891887075
5819,36.017998891887075
5819,36.017998891887075
5819,36.017998891887075
5820,51.892575502881606
5820,51.892575502881606
5820,51.892575502881606
5820,51.892575502881606
5820,51.892575502881606
5821,51.941031572575
5821,51.941031572575
5821,51.941031572575
5821,51.941031572575
5821,51.941031572575
5822,48.41770718259245
5822,48.41770718259245
5822,48.41770718259245
5822,48.41770718259245
5822,48.41770718259245
5823,48.450376452845866
5823,48.450376452845866
5823,48.450376452845866
5823,48.450376452845866
5823,48.450376452845866
5824,48.493601667117495
5824,48.493601667117495
5824,48.493601667117495
5824,48.493601667117495
5824,48.493601667117495
5825,48.49440223394727
5825,48.49440223394727
5825,48.49440223394727
5825,48.49440223394727
5825,48.49440223394727
5826,52.00674536484993
5826,52.00674536484993
5826,52.00674536484993
5826,52.00674536484993
5826,52.00674536484993
5827,51.95085264511631
5827,51.95085264511631
5827,51.95085264511631
5827,51.95085264511631
5827,51.95085264511631
5828,48.364864403643836
5828,48.364864403643836
5828,48.364864403643836
5828,48.364864403643836
5828,48.364864403643836
5829,48.47448283014365
5829,48.47448283014365
5829,48.47448283014365
5829,48.47448283014365
5829,48.47448283014365
5830,64.43996513221285
5830,64.43996513221285
5830,64.43996513221285
5830,64.43996513221285
5830,64.43996513221285
5831,64.43317969707331
5831,64.43317969707331
5831,64.43317969707331
5831,64.43317969707331
5831,64.43317969707331
5832,67.92209892678385
5832,67.92209892678385
5832,67.92209892678385
5832,67.92209892678385
5832,67.92209892678385
5833,71.51486575582217
5833,71.51486575582217
5833,71.51486575582217
5833,71.51486575582217
5833,71.51486575582217
5834,78.75025938545328
5834,78.75025938545328
5834,78.75025938545328
5834,78.75025938545328
5834,78.75025938545328
5835,75.11077005647317
5835,75.11077005647317
5835,75.11077005647317
5835,75.11077005647317
5835,75.11077005647317
5836,75.13409699311293
5836,75.13409699311293
5836,75.13409699311293
5836,75.13409699311293
5836,75.13409699311293
5837,75.18729120469013
5837,75.18729120469013
5837,75.18729120469013
5837,75.18729120469013
5837,75.18729120469013
5838,75.178240283028
5838,75.178240283028
5838,75.178240283028
5838,75.178240283028
5838,75.178240283028
5839,75.19532277089955
5839,75.19532277089955
5839,75.19532277089955
5839,75.19532277089955
5839,75.19532277089955
5840,75.15858140790503
5840,75.15858140790503
5840,75.15858140790503
5840,75.15858140790503
5840,75.15858140790503
5841,59.209962529712094
5841,59.209962529712094
5841,59.209962529712094
5841,59.209962529712094
5841,59.209962529712094
5842,55.5592231591758
5842,55.5592231591758
5842,55.5592231591758
5842,55.5592231591758
5842,55.5592231591758
5843,52.00160331761174
5843,52.00160331761174
5843,52.00160331761174
5843,52.00160331761174
5843,52.00160331761174
5844,51.85308422823101
5844,51.85308422823101
5844,51.85308422823101
5844,51.85308422823101
5844,51.85308422823101
5845,48.22528006696372
5845,48.22528006696372
5845,48.22528006696372
5845,48.22528006696372
5845,48.22528006696372
5846,48.22056216270969
5846,48.22056216270969
5846,48.22056216270969
5846,48.22056216270969
5846,48.22056216270969
5847,32.190417543475164
5847,32.190417543475164
5847,32.190417543475164
5847,32.190417543475164
5847,32.190417543475164
5848,32.25337956570057
5848,32.25337956570057
5848,32.25337956570057
5848,32.25337956570057
5848,32.25337956570057
5849,16.419870327285572
5849,16.419870327285572
5849,16.419870327285572
5849,16.419870327285572
5849,16.419870327285572
5850,32.31416170922229
5850,32.31416170922229
5850,32.31416170922229
5850,32.31416170922229
5850,32.31416170922229
5851,32.323973167054724
5851,32.323973167054724
5851,32.323973167054724
5851,32.323973167054724
5851,32.323973167054724
5852,48.320208642347694
5852,48.320208642347694
5852,48.320208642347694
5852,48.320208642347694
5852,48.320208642347694
5853,64.36751268152561
5853,64.36751268152561
5853,64.36751268152561
5853,64.36751268152561
5853,64.36751268152561
5854,48.496227375056684
5854,48.496227375056684
5854,48.496227375056684
5854,48.496227375056684
5854,48.496227375056684
5855,48.47290604368618
5855,48.47290604368618
5855,48.47290604368618
5855,48.47290604368618
5855,48.47290604368618
5856,48.4958258096312
5856,48.4958258096312
5856,48.4958258096312
5856,48.4958258096312
5856,48.4958258096312
5857,48.4832858028557
5857,48.4832858028557
5857,48.4832858028557
5857,48.4832858028557
5857,48.4832858028557
5858,48.47070676863137
5858,48.47070676863137
5858,48.47070676863137
5858,48.47070676863137
5858,48.47070676863137
5859,64.37390617221311
5859,64.37390617221311
5859,64.37390617221311
5859,64.37390617221311
5859,64.37390617221311
5860,64.38310627644739
5860,64.38310627644739
5860,64.38310627644739
5860,64.38310627644739
5860,64.38310627644739
5861,67.95024044883746
5861,67.95024044883746
5861,67.95024044883746
5861,67.95024044883746
5861,67.95024044883746
5862,67.98707639058259
5862,67.98707639058259
5862,67.98707639058259
5862,67.98707639058259
5862,67.98707639058259
5863,68.03930204483684
5863,68.03930204483684
5863,68.03930204483684
5863,68.03930204483684
5863,68.03930204483684
5864,52.0410261760568
5864,52.0410261760568
5864,52.0410261760568
5864,52.0410261760568
5864,52.0410261760568
5865,52.058516431774876
5865,52.058516431774876
5865,52.058516431774876
5865,52.058516431774876
5865,52.058516431774876
5866,55.543984493551285
5866,55.543984493551285
5866,55.543984493551285
5866,55.543984493551285
5866,55.543984493551285
5867,55.465823738568076
5867,55.465823738568076
5867,55.465823738568076
5867,55.465823738568076
5867,55.465823738568076
5868,51.90946661148629
5868,51.90946661148629
5868,51.90946661148629
5868,51.90946661148629
5868,51.90946661148629
5869,55.43991107919004
5869,55.43991107919004
5869,55.43991107919004
5869,55.43991107919004
5869,55.43991107919004
5870,55.51503979640398
5870,55.51503979640398
5870,55.51503979640398
5870,55.51503979640398
5870,55.51503979640398
5871,59.145087472865555
5871,59.145087472865555
5871,59.145087472865555
5871,59.145087472865555
5871,59.145087472865555
5872,59.260302659869375
5872,59.260302659869375
5872,59.260302659869375
5872,59.260302659869375
5872,59.260302659869375
5873,59.280609497276984
5873,59.280609497276984
5873,59.280609497276984
5873,59.280609497276984
5873,59.280609497276984
5874,59.24332733150236
5874,59.24332733150236
5874,59.24332733150236
5874,59.24332733150236
5874,59.24332733150236
5875,59.25413521302837
5875,59.25413521302837
5875,59.25413521302837
5875,59.25413521302837
5875,59.25413521302837
5876,59.19495456111131
5876,59.19495456111131
5876,59.19495456111131
5876,59.19495456111131
5876,59.19495456111131
5877,59.158025566422836
5877,59.158025566422836
5877,59.158025566422836
5877,59.158025566422836
5877,59.158025566422836
5878,59.19268543845176
5878,59.19268543845176
5878,59.19268543845176
5878,59.19268543845176
5878,59.19268543845176
5879,59.1606736490488
5879,59.1606736490488
5879,59.1606736490488
5879,59.1606736490488
5879,59.1606736490488
5880,59.15285189900699
5880,59.15285189900699
5880,59.15285189900699
5880,59.15285189900699
5880,59.15285189900699
5881,59.18679845410446
5881,59.18679845410446
5881,59.18679845410446
5881,59.18679845410446
5881,59.18679845410446
5882,55.60669741078002
5882,55.60669741078002
5882,55.60669741078002
5882,55.60669741078002
5882,55.60669741078002
5883,59.20206786476513
5883,59.20206786476513
5883,59.20206786476513
5883,59.20206786476513
5883,59.20206786476513
5884,59.24719013971878
5884,59.24719013971878
5884,59.24719013971878
5884,59.24719013971878
5884,59.24719013971878
5885,59.278746740985184
5885,59.278746740985184
5885,59.278746740985184
5885,59.278746740985184
5885,59.278746740985184
5886,59.247415354096326
5886,59.247415354096326
5886,59.247415354096326
5886,59.247415354096326
5886,59.247415354096326
5887,59.18213312792115
5887,59.18213312792115
5887,59.18213312792115
5887,59.18213312792115
5887,59.18213312792115
5888,59.22832069186926
5888,59.22832069186926
5888,59.22832069186926
5888,59.22832069186926
5888,59.22832069186926
5889,39.670521278218
5889,39.670521278218
5889,39.670521278218
5889,39.670521278218
5889,39.670521278218
5890,71.51971148900675
5890,71.51971148900675
5890,71.51971148900675
5890,71.51971148900675
5890,71.51971148900675
5891,87.37269917163428
5891,87.37269917163428
5891,87.37269917163428
5891,87.37269917163428
5891,87.37269917163428
5892,71.41820590818608
5892,71.41820590818608
5892,71.41820590818608
5892,71.41820590818608
5892,71.41820590818608
5893,71.50495521098661
5893,71.50495521098661
5893,71.50495521098661
5893,71.50495521098661
5893,71.50495521098661
5894,71.53640006172708
5894,71.53640006172708
5894,71.53640006172708
5894,71.53640006172708
5894,71.53640006172708
5895,71.5781063594791
5895,71.5781063594791
5895,71.5781063594791
5895,71.5781063594791
5895,71.5781063594791
5896,67.92566719009862
5896,67.92566719009862
5896,67.92566719009862
5896,67.92566719009862
5896,67.92566719009862
5897,71.55940888049984
5897,71.55940888049984
5897,71.55940888049984
5897,71.55940888049984
5897,71.55940888049984
5898,51.98604053823017
5898,51.98604053823017
5898,51.98604053823017
5898,51.98604053823017
5898,51.98604053823017
5899,36.109758153721074
5899,36.109758153721074
5899,36.109758153721074
5899,36.109758153721074
5899,36.109758153721074
5900,36.014078939818674
5900,36.014078939818674
5900,36.014078939818674
5900,36.014078939818674
5900,36.014078939818674
5901,67.89088711578775
5901,67.89088711578775
5901,67.89088711578775
5901,67.89088711578775
5901,67.89088711578775
5902,48.37521470403622
5902,48.37521470403622
5902,48.37521470403622
5902,48.37521470403622
5902,48.37521470403622
5903,48.380685841024764
5903,48.380685841024764
5903,48.380685841024764
5903,48.380685841024764
5903,48.380685841024764
5904,48.4145639046337
5904,48.4145639046337
5904,48.4145639046337
5904,48.4145639046337
5904,48.4145639046337
5905,48.40934127750165
5905,48.40934127750165
5905,48.40934127750165
5905,48.40934127750165
5905,48.40934127750165
5906,48.44505020417125
5906,48.44505020417125
5906,48.44505020417125
5906,48.44505020417125
5906,48.44505020417125
5907,48.46573631398678
5907,48.46573631398678
5907,48.46573631398678
5907,48.46573631398678
5907,48.46573631398678
5908,48.45169834862058
5908,48.45169834862058
5908,48.45169834862058
5908,48.45169834862058
5908,48.45169834862058
5909,48.44192042372174
5909,48.44192042372174
5909,48.44192042372174
5909,48.44192042372174
5909,48.44192042372174
5910,48.36754615998863
5910,48.36754615998863
5910,48.36754615998863
5910,48.36754615998863
5910,48.36754615998863
5911,48.35928123568723
5911,48.35928123568723
5911,48.35928123568723
5911,48.35928123568723
5911,48.35928123568723
5912,48.335711725658236
5912,48.335711725658236
5912,48.335711725658236
5912,48.335711725658236
5912,48.335711725658236
5913,48.337643066006066
5913,48.337643066006066
5913,48.337643066006066
5913,48.337643066006066
5913,48.337643066006066
5914,48.337831470535065
5914,48.337831470535065
5914,48.337831470535065
5914,48.337831470535065
5914,48.337831470535065
5915,48.34859526393939
5915,48.34859526393939
5915,48.34859526393939
5915,48.34859526393939
5915,48.34859526393939
5916,48.22490302929407
5916,48.22490302929407
5916,48.22490302929407
5916,48.22490302929407
5916,48.22490302929407
5917,51.84232055885987
5917,51.84232055885987
5917,51.84232055885987
5917,51.84232055885987
5917,51.84232055885987
5918,51.936423508080665
5918,51.936423508080665
5918,51.936423508080665
5918,51.936423508080665
5918,51.936423508080665
5919,51.98219424239473
5919,51.98219424239473
5919,51.98219424239473
5919,51.98219424239473
5919,51.98219424239473
5920,35.95196937113815
5920,35.95196937113815
5920,35.95196937113815
5920,35.95196937113815
5920,35.95196937113815
5921,19.963331348127934
5921,19.963331348127934
5921,19.963331348127934
5921,19.963331348127934
5921,19.963331348127934
5922,19.977630102054437
5922,19.977630102054437
5922,19.977630102054437
5922,19.977630102054437
5922,19.977630102054437
5923,16.263261517443404
5923,16.263261517443404
5923,16.263261517443404
5923,16.263261517443404
5923,16.263261517443404
5924,16.32363486676059
5924,16.32363486676059
5924,16.32363486676059
5924,16.32363486676059
5924,16.32363486676059
5925,16.35497774517902
5925,16.35497774517902
5925,16.35497774517902
5925,16.35497774517902
5925,16.35497774517902
5926,16.358630830402653
5926,16.358630830402653
5926,16.358630830402653
5926,16.358630830402653
5926,16.358630830402653
5927,16.393032343011907
5927,16.393032343011907
5927,16.393032343011907
5927,16.393032343011907
5927,16.393032343011907
5928,32.3256490765411
5928,32.3256490765411
5928,32.3256490765411
5928,32.3256490765411
5928,32.3256490765411
5929,32.308776660807055
5929,32.308776660807055
5929,32.308776660807055
5929,32.308776660807055
5929,32.308776660807055
5930,51.91498583560078
5930,51.91498583560078
5930,51.91498583560078
5930,51.91498583560078
5930,51.91498583560078
5931,51.91231073985388
5931,51.91231073985388
5931,51.91231073985388
5931,51.91231073985388
5931,51.91231073985388
5932,51.931328299929
5932,51.931328299929
5932,51.931328299929
5932,51.931328299929
5932,51.931328299929
5933,32.352202374518306
5933,32.352202374518306
5933,32.352202374518306
5933,32.352202374518306
5933,32.352202374518306
5934,48.427669099574075
5934,48.427669099574075
5934,48.427669099574075
5934,48.427669099574075
5934,48.427669099574075
5935,32.44042571408839
5935,32.44042571408839
5935,32.44042571408839
5935,32.44042571408839
5935,32.44042571408839
5936,36.06847372888063
5936,36.06847372888063
5936,36.06847372888063
5936,36.06847372888063
5936,36.06847372888063
5937,32.38316520288355
5937,32.38316520288355
5937,32.38316520288355
5937,32.38316520288355
5937,32.38316520288355
5938,36.007967996947755
5938,36.007967996947755
5938,36.007967996947755
5938,36.007967996947755
5938,36.007967996947755
5939,36.00332653054432
5939,36.00332653054432
5939,36.00332653054432
5939,36.00332653054432
5939,36.00332653054432
5940,35.96884455142087
5940,35.96884455142087
5940,35.96884455142087
5940,35.96884455142087
5940,35.96884455142087
5941,35.9891545976531
5941,35.9891545976531
5941,35.9891545976531
5941,35.9891545976531
5941,35.9891545976531
5942,51.94055877628413
5942,51.94055877628413
5942,51.94055877628413
5942,51.94055877628413
5942,51.94055877628413
5943,48.38760089812601
5943,48.38760089812601
5943,48.38760089812601
5943,48.38760089812601
5943,48.38760089812601
5944,64.34746486489428
5944,64.34746486489428
5944,64.34746486489428
5944,64.34746486489428
5944,64.34746486489428
5945,64.40415202881738
5945,64.40415202881738
5945,64.40415202881738
5945,64.40415202881738
5945,64.40415202881738
5946,68.01922401765576
5946,68.01922401765576
5946,68.01922401765576
5946,68.01922401765576
5946,68.01922401765576
5947,52.044685304265855
5947,52.044685304265855
5947,52.044685304265855
5947,52.044685304265855
5947,52.044685304265855
5948,52.033377378975615
5948,52.033377378975615
5948,52.033377378975615
5948,52.033377378975615
5948,52.033377378975615
5949,51.992319670324115
5949,51.992319670324115
5949,51.992319670324115
5949,51.992319670324115
5949,51.992319670324115
5950,51.956874407929845
5950,51.956874407929845
5950,51.956874407929845
5950,51.956874407929845
5950,51.956874407929845
5951,51.91052175603907
5951,51.91052175603907
5951,51.91052175603907
5951,51.91052175603907
5951,51.91052175603907
5952,51.884019694801864
5952,51.884019694801864
5952,51.884019694801864
5952,51.884019694801864
5952,51.884019694801864
5953,35.93666079055011
5953,35.93666079055011
5953,35.93666079055011
5953,35.93666079055011
5953,35.93666079055011
5954,35.967503297011554
5954,35.967503297011554
5954,35.967503297011554
5954,35.967503297011554
5954,35.967503297011554
5955,35.95209172021519
5955,35.95209172021519
5955,35.95209172021519
5955,35.95209172021519
5955,35.95209172021519
5956,35.969386113926184
5956,35.969386113926184
5956,35.969386113926184
5956,35.969386113926184
5956,35.969386113926184
5957,51.94603025716087
5957,51.94603025716087
5957,51.94603025716087
5957,51.94603025716087
5957,51.94603025716087
5958,35.92930057939414
5958,35.92930057939414
5958,35.92930057939414
5958,35.92930057939414
5958,35.92930057939414
5959,35.83947201149523
5959,35.83947201149523
5959,35.83947201149523
5959,35.83947201149523
5959,35.83947201149523
5960,32.19002146753932
5960,32.19002146753932
5960,32.19002146753932
5960,32.19002146753932
5960,32.19002146753932
5961,32.18111673289542
5961,32.18111673289542
5961,32.18111673289542
5961,32.18111673289542
5961,32.18111673289542
5962,16.227814618129198
5962,16.227814618129198
5962,16.227814618129198
5962,16.227814618129198
5962,16.227814618129198
5963,16.246018737994355
5963,16.246018737994355
5963,16.246018737994355
5963,16.246018737994355
5963,16.246018737994355
5964,0.3321211413124719
5964,0.3321211413124719
5964,0.3321211413124719
5964,0.3321211413124719
5964,0.3321211413124719
5965,16.2798864090048
5965,16.2798864090048
5965,16.2798864090048
5965,16.2798864090048
5965,16.2798864090048
5966,32.26418683299935
5966,32.26418683299935
5966,32.26418683299935
5966,32.26418683299935
5966,32.26418683299935
5967,32.29536398051398
5967,32.29536398051398
5967,32.29536398051398
5967,32.29536398051398
5967,32.29536398051398
5968,32.2908520720826
5968,32.2908520720826
5968,32.2908520720826
5968,32.2908520720826
5968,32.2908520720826
5969,64.17394857634213
5969,64.17394857634213
5969,64.17394857634213
5969,64.17394857634213
5969,64.17394857634213
5970,48.24599173854889
5970,48.24599173854889
5970,48.24599173854889
5970,48.24599173854889
5970,48.24599173854889
5971,48.266903837782856
5971,48.266903837782856
5971,48.266903837782856
5971,48.266903837782856
5971,48.266903837782856
5972,48.40025928206382
5972,48.40025928206382
5972,48.40025928206382
5972,48.40025928206382
5972,48.40025928206382
5973,48.37260504035532
5973,48.37260504035532
5973,48.37260504035532
5973,48.37260504035532
5973,48.37260504035532
5974,48.39233332722952
5974,48.39233332722952
5974,48.39233332722952
5974,48.39233332722952
5974,48.39233332722952
5975,52.119597754633695
5975,52.119597754633695
5975,52.119597754633695
5975,52.119597754633695
5975,52.119597754633695
5976,51.85511726852796
5976,51.85511726852796
5976,51.85511726852796
5976,51.85511726852796
5976,51.85511726852796
5977,55.48939772479736
5977,55.48939772479736
5977,55.48939772479736
5977,55.48939772479736
5977,55.48939772479736
5978,39.48653456712532
5978,39.48653456712532
5978,39.48653456712532
5978,39.48653456712532
5978,39.48653456712532
5979,39.473559775051726
5979,39.473559775051726
5979,39.473559775051726
5979,39.473559775051726
5979,39.473559775051726
5980,35.95411463306796
5980,35.95411463306796
5980,35.95411463306796
5980,35.95411463306796
5980,35.95411463306796
5981,48.313493358494256
5981,48.313493358494256
5981,48.313493358494256
5981,48.313493358494256
5981,48.313493358494256
5982,32.41474171719328
5982,32.41474171719328
5982,32.41474171719328
5982,32.41474171719328
5982,32.41474171719328
5983,35.95619884388525
5983,35.95619884388525
5983,35.95619884388525
5983,35.95619884388525
5983,35.95619884388525
5984,32.41884668390327
5984,32.41884668390327
5984,32.41884668390327
5984,32.41884668390327
5984,32.41884668390327
5985,36.025797560093096
5985,36.025797560093096
5985,36.025797560093096
5985,36.025797560093096
5985,36.025797560093096
5986,20.04725374257808
5986,20.04725374257808
5986,20.04725374257808
5986,20.04725374257808
5986,20.04725374257808
5987,20.07170238024683
5987,20.07170238024683
5987,20.07170238024683
5987,20.07170238024683
5987,20.07170238024683
5988,35.983280269225446
5988,35.983280269225446
5988,35.983280269225446
5988,35.983280269225446
5988,35.983280269225446
5989,20.06471142123679
5989,20.06471142123679
5989,20.06471142123679
5989,20.06471142123679
5989,20.06471142123679
5990,20.090286217449204
5990,20.090286217449204
5990,20.090286217449204
5990,20.090286217449204
5990,20.090286217449204
5991,20.039837459945083
5991,20.039837459945083
5991,20.039837459945083
5991,20.039837459945083
5991,20.039837459945083
5992,19.97658615113392
5992,19.97658615113392
5992,19.97658615113392
5992,19.97658615113392
5992,19.97658615113392
5993,35.900140284167826
5993,35.900140284167826
5993,35.900140284167826
5993,35.900140284167826
5993,35.900140284167826
5994,32.34057405494859
5994,32.34057405494859
5994,32.34057405494859
5994,32.34057405494859
5994,32.34057405494859
5995,32.42676859870528
5995,32.42676859870528
5995,32.42676859870528
5995,32.42676859870528
5995,32.42676859870528
5996,16.42603138655702
5996,16.42603138655702
5996,16.42603138655702
5996,16.42603138655702
5996,16.42603138655702
5997,16.44542414297197
5997,16.44542414297197
5997,16.44542414297197
5997,16.44542414297197
5997,16.44542414297197
5998,16.469634995368075
5998,16.469634995368075
5998,16.469634995368075
5998,16.469634995368075
5998,16.469634995368075
5999,32.39761928681069
5999,32.39761928681069
5999,32.39761928681069
5999,32.39761928681069
5999,32.39761928681069
6000,32.43728275497008
6000,32.43728275497008
6000,32.43728275497008
6000,32.43728275497008
6000,32.43728275497008
6001,32.39872117927051
6001,32.39872117927051
6001,32.39872117927051
6001,32.39872117927051
6001,32.39872117927051
6002,32.5495389385659
6002,32.5495389385659
6002,32.5495389385659
6002,32.5495389385659
6002,32.5495389385659
6003,32.548633078417154
6003,32.548633078417154
6003,32.548633078417154
6003,32.548633078417154
6003,32.548633078417154
6004,32.42323914541766
6004,32.42323914541766
6004,32.42323914541766
6004,32.42323914541766
6004,32.42323914541766
6005,32.45478710431514
6005,32.45478710431514
6005,32.45478710431514
6005,32.45478710431514
6005,32.45478710431514
6006,16.52169980047523
6006,16.52169980047523
6006,16.52169980047523
6006,16.52169980047523
6006,16.52169980047523
6007,16.37695051363778
6007,16.37695051363778
6007,16.37695051363778
6007,16.37695051363778
6007,16.37695051363778
6008,16.360686476640254
6008,16.360686476640254
6008,16.360686476640254
6008,16.360686476640254
6008,16.360686476640254
6009,16.36043058685383
6009,16.36043058685383
6009,16.36043058685383
6009,16.36043058685383
6009,16.36043058685383
6010,0.303411368536319
6010,0.303411368536319
6010,0.303411368536319
6010,0.303411368536319
6010,0.303411368536319
6011,0.275087291946609
6011,0.275087291946609
6011,0.275087291946609
6011,0.275087291946609
6011,0.275087291946609
6012,0.25925915209915223
6012,0.25925915209915223
6012,0.25925915209915223
6012,0.25925915209915223
6012,0.25925915209915223
6013,0.26067664183918604
6013,0.26067664183918604
6013,0.26067664183918604
6013,0.26067664183918604
6013,0.26067664183918604
6014,0.29213503835372484
6014,0.29213503835372484
6014,0.29213503835372484
6014,0.29213503835372484
6014,0.29213503835372484
6015,0.3050062183946004
6015,0.3050062183946004
6015,0.3050062183946004
6015,0.3050062183946004
6015,0.3050062183946004
6016,0.31136895699633893
6016,0.31136895699633893
6016,0.31136895699633893
6016,0.31136895699633893
6016,0.31136895699633893
6017,0.37827350548214095
6017,0.37827350548214095
6017,0.37827350548214095
6017,0.37827350548214095
6017,0.37827350548214095
6018,0.3451509878043368
6018,0.3451509878043368
6018,0.3451509878043368
6018,0.3451509878043368
6018,0.3451509878043368
6019,0.32082761844513746
6019,0.32082761844513746
6019,0.32082761844513746
6019,0.32082761844513746
6019,0.32082761844513746
6020,0.3061180107037601
6020,0.3061180107037601
6020,0.3061180107037601
6020,0.3061180107037601
6020,0.3061180107037601
6021,0.29838840675698736
6021,0.29838840675698736
6021,0.29838840675698736
6021,0.29838840675698736
6021,0.29838840675698736
6022,0.3277535117224756
6022,0.3277535117224756
6022,0.3277535117224756
6022,0.3277535117224756
6022,0.3277535117224756
6023,0.3531685072480244
6023,0.3531685072480244
6023,0.3531685072480244
6023,0.3531685072480244
6023,0.3531685072480244
6024,0.36645409021775877
6024,0.36645409021775877
6024,0.36645409021775877
6024,0.36645409021775877
6024,0.36645409021775877
6025,0.3810517314878549
6025,0.3810517314878549
6025,0.3810517314878549
6025,0.3810517314878549
6025,0.3810517314878549
6026,0.38469882835594393
6026,0.38469882835594393
6026,0.38469882835594393
6026,0.38469882835594393
6026,0.38469882835594393
6027,0.43402995975412395
6027,0.43402995975412395
6027,0.43402995975412395
6027,0.43402995975412395
6027,0.43402995975412395
6028,0.4217478556198679
6028,0.4217478556198679
6028,0.4217478556198679
6028,0.4217478556198679
6028,0.4217478556198679
6029,0.42100193128275676
6029,0.42100193128275676
6029,0.42100193128275676
6029,0.42100193128275676
6029,0.42100193128275676
6030,0.4135282398871394
6030,0.4135282398871394
6030,0.4135282398871394
6030,0.4135282398871394
6030,0.4135282398871394
6031,0.3998883735919433
6031,0.3998883735919433
6031,0.3998883735919433
6031,0.3998883735919433
6031,0.3998883735919433
6032,0.3488540533921526
6032,0.3488540533921526
6032,0.3488540533921526
6032,0.3488540533921526
6032,0.3488540533921526
6033,0.3595222967345407
6033,0.3595222967345407
6033,0.3595222967345407
6033,0.3595222967345407
6033,0.3595222967345407
6034,0.3364274352919277
6034,0.3364274352919277
6034,0.3364274352919277
6034,0.3364274352919277
6034,0.3364274352919277
6035,0.33132379356179303
6035,0.33132379356179303
6035,0.33132379356179303
6035,0.33132379356179303
6035,0.33132379356179303
6036,0.29231368438262956
6036,0.29231368438262956
6036,0.29231368438262956
6036,0.29231368438262956
6036,0.29231368438262956
6037,0.3123523439606827
6037,0.3123523439606827
6037,0.3123523439606827
6037,0.3123523439606827
6037,0.3123523439606827
6038,0.3215832735413122
6038,0.3215832735413122
6038,0.3215832735413122
6038,0.3215832735413122
6038,0.3215832735413122
6039,0.3529692427567206
6039,0.3529692427567206
6039,0.3529692427567206
6039,0.3529692427567206
6039,0.3529692427567206
6040,0.37782836422985816
6040,0.37782836422985816
6040,0.37782836422985816
6040,0.37782836422985816
6040,0.37782836422985816
6041,0.3788252628279848
6041,0.3788252628279848
6041,0.3788252628279848
6041,0.3788252628279848
6041,0.3788252628279848
6042,0.38889175068953713
6042,0.38889175068953713
6042,0.38889175068953713
6042,0.38889175068953713
6042,0.38889175068953713
6043,0.42970998697748664
6043,0.42970998697748664
6043,0.42970998697748664
6043,0.42970998697748664
6043,0.42970998697748664
6044,0.49119785605075234
6044,0.49119785605075234
6044,0.49119785605075234
6044,0.49119785605075234
6044,0.49119785605075234
6045,0.5215458504648853
6045,0.5215458504648853
6045,0.5215458504648853
6045,0.5215458504648853
6045,0.5215458504648853
6046,0.5400849365114292
6046,0.5400849365114292
6046,0.5400849365114292
6046,0.5400849365114292
6046,0.5400849365114292
6047,0.5329435736508392
6047,0.5329435736508392
6047,0.5329435736508392
6047,0.5329435736508392
6047,0.5329435736508392
6048,0.5256144944010914
6048,0.5256144944010914
6048,0.5256144944010914
6048,0.5256144944010914
6048,0.5256144944010914
6049,0.5220114353774754
6049,0.5220114353774754
6049,0.5220114353774754
6049,0.5220114353774754
6049,0.5220114353774754
6050,0.5276812032979971
6050,0.5276812032979971
6050,0.5276812032979971
6050,0.5276812032979971
6050,0.5276812032979971
6051,0.4477498432722136
6051,0.4477498432722136
6051,0.4477498432722136
6051,0.4477498432722136
6051,0.4477498432722136
6052,0.4482641769919087
6052,0.4482641769919087
6052,0.4482641769919087
6052,0.4482641769919087
6052,0.4482641769919087
6053,19.994382339288215
6053,19.994382339288215
6053,19.994382339288215
6053,19.994382339288215
6053,19.994382339288215
6054,19.985595039483698
6054,19.985595039483698
6054,19.985595039483698
6054,19.985595039483698
6054,19.985595039483698
6055,39.60152717775296
6055,39.60152717775296
6055,39.60152717775296
6055,39.60152717775296
6055,39.60152717775296
6056,39.606094910358834
6056,39.606094910358834
6056,39.606094910358834
6056,39.606094910358834
6056,39.606094910358834
6057,39.58565760557765
6057,39.58565760557765
6057,39.58565760557765
6057,39.58565760557765
6057,39.58565760557765
6058,39.57231396845182
6058,39.57231396845182
6058,39.57231396845182
6058,39.57231396845182
6058,39.57231396845182
6059,39.55299930004153
6059,39.55299930004153
6059,39.55299930004153
6059,39.55299930004153
6059,39.55299930004153
6060,55.60952139285829
6060,55.60952139285829
6060,55.60952139285829
6060,55.60952139285829
6060,55.60952139285829
6061,51.99411976907866
6061,51.99411976907866
6061,51.99411976907866
6061,51.99411976907866
6061,51.99411976907866
6062,52.01894296433693
6062,52.01894296433693
6062,52.01894296433693
6062,52.01894296433693
6062,52.01894296433693
6063,52.01857121965255
6063,52.01857121965255
6063,52.01857121965255
6063,52.01857121965255
6063,52.01857121965255
6064,52.008246064847164
6064,52.008246064847164
6064,52.008246064847164
6064,52.008246064847164
6064,52.008246064847164
6065,36.079206319211316
6065,36.079206319211316
6065,36.079206319211316
6065,36.079206319211316
6065,36.079206319211316
6066,36.08297670842287
6066,36.08297670842287
6066,36.08297670842287
6066,36.08297670842287
6066,36.08297670842287
6067,52.06732822210746
6067,52.06732822210746
6067,52.06732822210746
6067,52.06732822210746
6067,52.06732822210746
6068,48.40182023784509
6068,48.40182023784509
6068,48.40182023784509
6068,48.40182023784509
6068,48.40182023784509
6069,48.362335958141315
6069,48.362335958141315
6069,48.362335958141315
6069,48.362335958141315
6069,48.362335958141315
6070,32.48062245795855
6070,32.48062245795855
6070,32.48062245795855
6070,32.48062245795855
6070,32.48062245795855
6071,48.352351319722615
6071,48.352351319722615
6071,48.352351319722615
6071,48.352351319722615
6071,48.352351319722615
6072,32.46800792106787
6072,32.46800792106787
6072,32.46800792106787
6072,32.46800792106787
6072,32.46800792106787
6073,32.42644006695987
6073,32.42644006695987
6073,32.42644006695987
6073,32.42644006695987
6073,32.42644006695987
6074,32.373855703455504
6074,32.373855703455504
6074,32.373855703455504
6074,32.373855703455504
6074,32.373855703455504
6075,48.34264898527747
6075,48.34264898527747
6075,48.34264898527747
6075,48.34264898527747
6075,48.34264898527747
6076,51.85543282794269
6076,51.85543282794269
6076,51.85543282794269
6076,51.85543282794269
6076,51.85543282794269
6077,59.095328098170114
6077,59.095328098170114
6077,59.095328098170114
6077,59.095328098170114
6077,59.095328098170114
6078,55.56870310291238
6078,55.56870310291238
6078,55.56870310291238
6078,55.56870310291238
6078,55.56870310291238
6079,52.10890227185375
6079,52.10890227185375
6079,52.10890227185375
6079,52.10890227185375
6079,52.10890227185375
6080,52.085388056007766
6080,52.085388056007766
6080,52.085388056007766
6080,52.085388056007766
6080,52.085388056007766
6081,52.05548509042317
6081,52.05548509042317
6081,52.05548509042317
6081,52.05548509042317
6081,52.05548509042317
6082,52.07430671821287
6082,52.07430671821287
6082,52.07430671821287
6082,52.07430671821287
6082,52.07430671821287
6083,52.05334093519281
6083,52.05334093519281
6083,52.05334093519281
6083,52.05334093519281
6083,52.05334093519281
6084,52.06767814190813
6084,52.06767814190813
6084,52.06767814190813
6084,52.06767814190813
6084,52.06767814190813
6085,52.07941706079803
6085,52.07941706079803
6085,52.07941706079803
6085,52.07941706079803
6085,52.07941706079803
6086,51.9956579637756
6086,51.9956579637756
6086,51.9956579637756
6086,51.9956579637756
6086,51.9956579637756
6087,51.997353881146545
6087,51.997353881146545
6087,51.997353881146545
6087,51.997353881146545
6087,51.997353881146545
6088,39.56951104168256
6088,39.56951104168256
6088,39.56951104168256
6088,39.56951104168256
6088,39.56951104168256
6089,39.498426264129606
6089,39.498426264129606
6089,39.498426264129606
6089,39.498426264129606
6089,39.498426264129606
6090,35.85212345026878
6090,35.85212345026878
6090,35.85212345026878
6090,35.85212345026878
6090,35.85212345026878
6091,35.889528250095196
6091,35.889528250095196
6091,35.889528250095196
6091,35.889528250095196
6091,35.889528250095196
6092,39.46720157848744
6092,39.46720157848744
6092,39.46720157848744
6092,39.46720157848744
6092,39.46720157848744
6093,35.9207375321099
6093,35.9207375321099
6093,35.9207375321099
6093,35.9207375321099
6093,35.9207375321099
6094,35.93867133897014
6094,35.93867133897014
6094,35.93867133897014
6094,35.93867133897014
6094,35.93867133897014
6095,39.58994333988481
6095,39.58994333988481
6095,39.58994333988481
6095,39.58994333988481
6095,39.58994333988481
6096,39.66828443229058
6096,39.66828443229058
6096,39.66828443229058
6096,39.66828443229058
6096,39.66828443229058
6097,39.619832927255175
6097,39.619832927255175
6097,39.619832927255175
6097,39.619832927255175
6097,39.619832927255175
6098,39.56715912694223
6098,39.56715912694223
6098,39.56715912694223
6098,39.56715912694223
6098,39.56715912694223
6099,39.59684275056823
6099,39.59684275056823
6099,39.59684275056823
6099,39.59684275056823
6099,39.59684275056823
6100,32.31097787408697
6100,32.31097787408697
6100,32.31097787408697
6100,32.31097787408697
6100,32.31097787408697
6101,39.509483726562195
6101,39.509483726562195
6101,39.509483726562195
6101,39.509483726562195
6101,39.509483726562195
6102,39.54734499629983
6102,39.54734499629983
6102,39.54734499629983
6102,39.54734499629983
6102,39.54734499629983
6103,39.61222196372168
6103,39.61222196372168
6103,39.61222196372168
6103,39.61222196372168
6103,39.61222196372168
6104,39.759821773856615
6104,39.759821773856615
6104,39.759821773856615
6104,39.759821773856615
6104,39.759821773856615
6105,39.778635510475304
6105,39.778635510475304
6105,39.778635510475304
6105,39.778635510475304
6105,39.778635510475304
6106,55.71402093167099
6106,55.71402093167099
6106,55.71402093167099
6106,55.71402093167099
6106,55.71402093167099
6107,55.676294288964456
6107,55.676294288964456
6107,55.676294288964456
6107,55.676294288964456
6107,55.676294288964456
6108,39.82071391676452
6108,39.82071391676452
6108,39.82071391676452
6108,39.82071391676452
6108,39.82071391676452
6109,39.81634928370046
6109,39.81634928370046
6109,39.81634928370046
6109,39.81634928370046
6109,39.81634928370046
6110,39.691040439149425
6110,39.691040439149425
6110,39.691040439149425
6110,39.691040439149425
6110,39.691040439149425
6111,39.67188412844264
6111,39.67188412844264
6111,39.67188412844264
6111,39.67188412844264
6111,39.67188412844264
6112,36.026962294711204
6112,36.026962294711204
6112,36.026962294711204
6112,36.026962294711204
6112,36.026962294711204
6113,20.14104208246173
6113,20.14104208246173
6113,20.14104208246173
6113,20.14104208246173
6113,20.14104208246173
6114,20.11810216757616
6114,20.11810216757616
6114,20.11810216757616
6114,20.11810216757616
6114,20.11810216757616
6115,20.147096618951917
6115,20.147096618951917
6115,20.147096618951917
6115,20.147096618951917
6115,20.147096618951917
6116,20.13088318572372
6116,20.13088318572372
6116,20.13088318572372
6116,20.13088318572372
6116,20.13088318572372
6117,36.135301954353665
6117,36.135301954353665
6117,36.135301954353665
6117,36.135301954353665
6117,36.135301954353665
6118,36.0646493737937
6118,36.0646493737937
6118,36.0646493737937
6118,36.0646493737937
6118,36.0646493737937
6119,36.177924849338424
6119,36.177924849338424
6119,36.177924849338424
6119,36.177924849338424
6119,36.177924849338424
6120,36.113854849390165
6120,36.113854849390165
6120,36.113854849390165
6120,36.113854849390165
6120,36.113854849390165
6121,32.480181084208795
6121,32.480181084208795
6121,32.480181084208795
6121,32.480181084208795
6121,32.480181084208795
6122,32.44808958559992
6122,32.44808958559992
6122,32.44808958559992
6122,32.44808958559992
6122,32.44808958559992
6123,32.426906193071694
6123,32.426906193071694
6123,32.426906193071694
6123,32.426906193071694
6123,32.426906193071694
6124,48.37872444343499
6124,48.37872444343499
6124,48.37872444343499
6124,48.37872444343499
6124,48.37872444343499
6125,48.43110076593879
6125,48.43110076593879
6125,48.43110076593879
6125,48.43110076593879
6125,48.43110076593879
6126,48.452203162508425
6126,48.452203162508425
6126,48.452203162508425
6126,48.452203162508425
6126,48.452203162508425
6127,64.42818646751485
6127,64.42818646751485
6127,64.42818646751485
6127,64.42818646751485
6127,64.42818646751485
6128,48.48625059184034
6128,48.48625059184034
6128,48.48625059184034
6128,48.48625059184034
6128,48.48625059184034
6129,48.534103763651515
6129,48.534103763651515
6129,48.534103763651515
6129,48.534103763651515
6129,48.534103763651515
6130,52.14505235986388
6130,52.14505235986388
6130,52.14505235986388
6130,52.14505235986388
6130,52.14505235986388
6131,51.95429144624112
6131,51.95429144624112
6131,51.95429144624112
6131,51.95429144624112
6131,51.95429144624112
6132,51.93053592164811
6132,51.93053592164811
6132,51.93053592164811
6132,51.93053592164811
6132,51.93053592164811
6133,35.96512395042182
6133,35.96512395042182
6133,35.96512395042182
6133,35.96512395042182
6133,35.96512395042182
6134,36.05129746880438
6134,36.05129746880438
6134,36.05129746880438
6134,36.05129746880438
6134,36.05129746880438
6135,36.08689066267819
6135,36.08689066267819
6135,36.08689066267819
6135,36.08689066267819
6135,36.08689066267819
6136,36.055708642809364
6136,36.055708642809364
6136,36.055708642809364
6136,36.055708642809364
6136,36.055708642809364
6137,55.56690674580476
6137,55.56690674580476
6137,55.56690674580476
6137,55.56690674580476
6137,55.56690674580476
6138,55.53490867892806
6138,55.53490867892806
6138,55.53490867892806
6138,55.53490867892806
6138,55.53490867892806
6139,51.929935824654216
6139,51.929935824654216
6139,51.929935824654216
6139,51.929935824654216
6139,51.929935824654216
6140,51.826187583968235
6140,51.826187583968235
6140,51.826187583968235
6140,51.826187583968235
6140,51.826187583968235
6141,51.85101770444125
6141,51.85101770444125
6141,51.85101770444125
6141,51.85101770444125
6141,51.85101770444125
6142,55.50427053148296
6142,55.50427053148296
6142,55.50427053148296
6142,55.50427053148296
6142,55.50427053148296
6143,55.50356821346588
6143,55.50356821346588
6143,55.50356821346588
6143,55.50356821346588
6143,55.50356821346588
6144,55.471923412968316
6144,55.471923412968316
6144,55.471923412968316
6144,55.471923412968316
6144,55.471923412968316
6145,55.53229074643701
6145,55.53229074643701
6145,55.53229074643701
6145,55.53229074643701
6145,55.53229074643701
6146,59.11262155242774
6146,59.11262155242774
6146,59.11262155242774
6146,59.11262155242774
6146,59.11262155242774
6147,59.17464497649562
6147,59.17464497649562
6147,59.17464497649562
6147,59.17464497649562
6147,59.17464497649562
6148,59.17022005135167
6148,59.17022005135167
6148,59.17022005135167
6148,59.17022005135167
6148,59.17022005135167
6149,59.126503451902956
6149,59.126503451902956
6149,59.126503451902956
6149,59.126503451902956
6149,59.126503451902956
6150,59.14491956103179
6150,59.14491956103179
6150,59.14491956103179
6150,59.14491956103179
6150,59.14491956103179
6151,55.547275067653196
6151,55.547275067653196
6151,55.547275067653196
6151,55.547275067653196
6151,55.547275067653196
6152,71.58839477799748
6152,71.58839477799748
6152,71.58839477799748
6152,71.58839477799748
6152,71.58839477799748
6153,71.61383864952964
6153,71.61383864952964
6153,71.61383864952964
6153,71.61383864952964
6153,71.61383864952964
6154,71.68702831285988
6154,71.68702831285988
6154,71.68702831285988
6154,71.68702831285988
6154,71.68702831285988
6155,71.59203909251383
6155,71.59203909251383
6155,71.59203909251383
6155,71.59203909251383
6155,71.59203909251383
6156,71.71173693169473
6156,71.71173693169473
6156,71.71173693169473
6156,71.71173693169473
6156,71.71173693169473
6157,68.1170096328327
6157,68.1170096328327
6157,68.1170096328327
6157,68.1170096328327
6157,68.1170096328327
6158,52.158328272385155
6158,52.158328272385155
6158,52.158328272385155
6158,52.158328272385155
6158,52.158328272385155
6159,52.19528899931286
6159,52.19528899931286
6159,52.19528899931286
6159,52.19528899931286
6159,52.19528899931286
6160,55.817326062439136
6160,55.817326062439136
6160,55.817326062439136
6160,55.817326062439136
6160,55.817326062439136
6161,59.36102222060136
6161,59.36102222060136
6161,59.36102222060136
6161,59.36102222060136
6161,59.36102222060136
6162,59.374872977676695
6162,59.374872977676695
6162,59.374872977676695
6162,59.374872977676695
6162,59.374872977676695
6163,55.836992770261205
6163,55.836992770261205
6163,55.836992770261205
6163,55.836992770261205
6163,55.836992770261205
6164,55.80381253127564
6164,55.80381253127564
6164,55.80381253127564
6164,55.80381253127564
6164,55.80381253127564
6165,52.056416940805605
6165,52.056416940805605
6165,52.056416940805605
6165,52.056416940805605
6165,52.056416940805605
6166,51.99708761488508
6166,51.99708761488508
6166,51.99708761488508
6166,51.99708761488508
6166,51.99708761488508
6167,35.937343331046684
6167,35.937343331046684
6167,35.937343331046684
6167,35.937343331046684
6167,35.937343331046684
6168,32.45549350561551
6168,32.45549350561551
6168,32.45549350561551
6168,32.45549350561551
6168,32.45549350561551
6169,36.050027962780526
6169,36.050027962780526
6169,36.050027962780526
6169,36.050027962780526
6169,36.050027962780526
6170,36.00730457915431
6170,36.00730457915431
6170,36.00730457915431
6170,36.00730457915431
6170,36.00730457915431
6171,35.92002179462354
6171,35.92002179462354
6171,35.92002179462354
6171,35.92002179462354
6171,35.92002179462354
6172,35.9505123666831
6172,35.9505123666831
6172,35.9505123666831
6172,35.9505123666831
6172,35.9505123666831
6173,36.07749777709168
6173,36.07749777709168
6173,36.07749777709168
6173,36.07749777709168
6173,36.07749777709168
6174,36.044140303815205
6174,36.044140303815205
6174,36.044140303815205
6174,36.044140303815205
6174,36.044140303815205
6175,36.019726597017026
6175,36.019726597017026
6175,36.019726597017026
6175,36.019726597017026
6175,36.019726597017026
6176,36.03578721747965
6176,36.03578721747965
6176,36.03578721747965
6176,36.03578721747965
6176,36.03578721747965
6177,32.42743512060808
6177,32.42743512060808
6177,32.42743512060808
6177,32.42743512060808
6177,32.42743512060808
6178,16.50761422810129
6178,16.50761422810129
6178,16.50761422810129
6178,16.50761422810129
6178,16.50761422810129
6179,16.377970511976276
6179,16.377970511976276
6179,16.377970511976276
6179,16.377970511976276
6179,16.377970511976276
6180,16.30344508955462
6180,16.30344508955462
6180,16.30344508955462
6180,16.30344508955462
6180,16.30344508955462
6181,16.310225551504367
6181,16.310225551504367
6181,16.310225551504367
6181,16.310225551504367
6181,16.310225551504367
6182,32.402229063679805
6182,32.402229063679805
6182,32.402229063679805
6182,32.402229063679805
6182,32.402229063679805
6183,36.07499824203087
6183,36.07499824203087
6183,36.07499824203087
6183,36.07499824203087
6183,36.07499824203087
6184,36.092212070936164
6184,36.092212070936164
6184,36.092212070936164
6184,36.092212070936164
6184,36.092212070936164
6185,51.95425626307154
6185,51.95425626307154
6185,51.95425626307154
6185,51.95425626307154
6185,51.95425626307154
6186,39.54927371148598
6186,39.54927371148598
6186,39.54927371148598
6186,39.54927371148598
6186,39.54927371148598
6187,55.504013335051624
6187,55.504013335051624
6187,55.504013335051624
6187,55.504013335051624
6187,55.504013335051624
6188,55.55464657220165
6188,55.55464657220165
6188,55.55464657220165
6188,55.55464657220165
6188,55.55464657220165
6189,55.554964852949105
6189,55.554964852949105
6189,55.554964852949105
6189,55.554964852949105
6189,55.554964852949105
6190,71.49524367291399
6190,71.49524367291399
6190,71.49524367291399
6190,71.49524367291399
6190,71.49524367291399
6191,52.001359505867086
6191,52.001359505867086
6191,52.001359505867086
6191,52.001359505867086
6191,52.001359505867086
6192,52.093878912814475
6192,52.093878912814475
6192,52.093878912814475
6192,52.093878912814475
6192,52.093878912814475
6193,52.05227590839022
6193,52.05227590839022
6193,52.05227590839022
6193,52.05227590839022
6193,52.05227590839022
6194,48.55754960430265
6194,48.55754960430265
6194,48.55754960430265
6194,48.55754960430265
6194,48.55754960430265
6195,48.38443978708592
6195,48.38443978708592
6195,48.38443978708592
6195,48.38443978708592
6195,48.38443978708592
6196,51.97653126943337
6196,51.97653126943337
6196,51.97653126943337
6196,51.97653126943337
6196,51.97653126943337
6197,39.528077151512136
6197,39.528077151512136
6197,39.528077151512136
6197,39.528077151512136
6197,39.528077151512136
6198,39.57269913022174
6198,39.57269913022174
6198,39.57269913022174
6198,39.57269913022174
6198,39.57269913022174
6199,35.96252516807205
6199,35.96252516807205
6199,35.96252516807205
6199,35.96252516807205
6199,35.96252516807205
6200,35.98712269862145
6200,35.98712269862145
6200,35.98712269862145
6200,35.98712269862145
6200,35.98712269862145
6201,39.655017848179256
6201,39.655017848179256
6201,39.655017848179256
6201,39.655017848179256
6201,39.655017848179256
6202,39.5971459388759
6202,39.5971459388759
6202,39.5971459388759
6202,39.5971459388759
6202,39.5971459388759
6203,39.56800656885607
6203,39.56800656885607
6203,39.56800656885607
6203,39.56800656885607
6203,39.56800656885607
6204,39.51388478649706
6204,39.51388478649706
6204,39.51388478649706
6204,39.51388478649706
6204,39.51388478649706
6205,39.51859884160235
6205,39.51859884160235
6205,39.51859884160235
6205,39.51859884160235
6205,39.51859884160235
6206,39.49596185592273
6206,39.49596185592273
6206,39.49596185592273
6206,39.49596185592273
6206,39.49596185592273
6207,39.48977240608223
6207,39.48977240608223
6207,39.48977240608223
6207,39.48977240608223
6207,39.48977240608223
6208,35.902553555484424
6208,35.902553555484424
6208,35.902553555484424
6208,35.902553555484424
6208,35.902553555484424
6209,35.87724687295324
6209,35.87724687295324
6209,35.87724687295324
6209,35.87724687295324
6209,35.87724687295324
6210,35.87414097718668
6210,35.87414097718668
6210,35.87414097718668
6210,35.87414097718668
6210,35.87414097718668
6211,39.52608524742405
6211,39.52608524742405
6211,39.52608524742405
6211,39.52608524742405
6211,39.52608524742405
6212,39.46388310667696
6212,39.46388310667696
6212,39.46388310667696
6212,39.46388310667696
6212,39.46388310667696
6213,51.90021863541322
6213,51.90021863541322
6213,51.90021863541322
6213,51.90021863541322
6213,51.90021863541322
6214,48.34984725293412
6214,48.34984725293412
6214,48.34984725293412
6214,48.34984725293412
6214,48.34984725293412
6215,35.97391976730335
6215,35.97391976730335
6215,35.97391976730335
6215,35.97391976730335
6215,35.97391976730335
6216,35.96178726688285
6216,35.96178726688285
6216,35.96178726688285
6216,35.96178726688285
6216,35.96178726688285
6217,35.9936346407773
6217,35.9936346407773
6217,35.9936346407773
6217,35.9936346407773
6217,35.9936346407773
6218,36.00908281068847
6218,36.00908281068847
6218,36.00908281068847
6218,36.00908281068847
6218,36.00908281068847
6219,39.63784726430543
6219,39.63784726430543
6219,39.63784726430543
6219,39.63784726430543
6219,39.63784726430543
6220,39.6420117996442
6220,39.6420117996442
6220,39.6420117996442
6220,39.6420117996442
6220,39.6420117996442
6221,39.724858537892956
6221,39.724858537892956
6221,39.724858537892956
6221,39.724858537892956
6221,39.724858537892956
6222,39.76603441917799
6222,39.76603441917799
6222,39.76603441917799
6222,39.76603441917799
6222,39.76603441917799
6223,55.681460987014134
6223,55.681460987014134
6223,55.681460987014134
6223,55.681460987014134
6223,55.681460987014134
6224,55.705062542728214
6224,55.705062542728214
6224,55.705062542728214
6224,55.705062542728214
6224,55.705062542728214
6225,52.06967910081117
6225,52.06967910081117
6225,52.06967910081117
6225,52.06967910081117
6225,52.06967910081117
6226,52.066641390533015
6226,52.066641390533015
6226,52.066641390533015
6226,52.066641390533015
6226,52.066641390533015
6227,55.71801755949254
6227,55.71801755949254
6227,55.71801755949254
6227,55.71801755949254
6227,55.71801755949254
6228,71.55526480900582
6228,71.55526480900582
6228,71.55526480900582
6228,71.55526480900582
6228,71.55526480900582
6229,71.56441824680493
6229,71.56441824680493
6229,71.56441824680493
6229,71.56441824680493
6229,71.56441824680493
6230,71.60176564913078
6230,71.60176564913078
6230,71.60176564913078
6230,71.60176564913078
6230,71.60176564913078
6231,75.21506898196716
6231,75.21506898196716
6231,75.21506898196716
6231,75.21506898196716
6231,75.21506898196716
6232,75.12699902070536
6232,75.12699902070536
6232,75.12699902070536
6232,75.12699902070536
6232,75.12699902070536
6233,71.60111282464263
6233,71.60111282464263
6233,71.60111282464263
6233,71.60111282464263
6233,71.60111282464263
6234,67.99068505107411
6234,67.99068505107411
6234,67.99068505107411
6234,67.99068505107411
6234,67.99068505107411
6235,71.56085264312868
6235,71.56085264312868
6235,71.56085264312868
6235,71.56085264312868
6235,71.56085264312868
6236,67.98725614021683
6236,67.98725614021683
6236,67.98725614021683
6236,67.98725614021683
6236,67.98725614021683
6237,68.00771823444765
6237,68.00771823444765
6237,68.00771823444765
6237,68.00771823444765
6237,68.00771823444765
6238,68.01165554054253
6238,68.01165554054253
6238,68.01165554054253
6238,68.01165554054253
6238,68.01165554054253
6239,71.71238131041244
6239,71.71238131041244
6239,71.71238131041244
6239,71.71238131041244
6239,71.71238131041244
6240,75.13881219234797
6240,75.13881219234797
6240,75.13881219234797
6240,75.13881219234797
6240,75.13881219234797
6241,75.13910216734847
6241,75.13910216734847
6241,75.13910216734847
6241,75.13910216734847
6241,75.13910216734847
6242,75.053047316378
6242,75.053047316378
6242,75.053047316378
6242,75.053047316378
6242,75.053047316378
6243,59.26468742927169
6243,59.26468742927169
6243,59.26468742927169
6243,59.26468742927169
6243,59.26468742927169
6244,55.633338723946814
6244,55.633338723946814
6244,55.633338723946814
6244,55.633338723946814
6244,55.633338723946814
6245,52.044392275590475
6245,52.044392275590475
6245,52.044392275590475
6245,52.044392275590475
6245,52.044392275590475
6246,55.691508924770254
6246,55.691508924770254
6246,55.691508924770254
6246,55.691508924770254
6246,55.691508924770254
6247,55.69356507356093
6247,55.69356507356093
6247,55.69356507356093
6247,55.69356507356093
6247,55.69356507356093
6248,55.716426008010686
6248,55.716426008010686
6248,55.716426008010686
6248,55.716426008010686
6248,55.716426008010686
6249,55.64034380312497
6249,55.64034380312497
6249,55.64034380312497
6249,55.64034380312497
6249,55.64034380312497
6250,55.68713046336255
6250,55.68713046336255
6250,55.68713046336255
6250,55.68713046336255
6250,55.68713046336255
6251,71.61736972867446
6251,71.61736972867446
6251,71.61736972867446
6251,71.61736972867446
6251,71.61736972867446
6252,71.59533837390666
6252,71.59533837390666
6252,71.59533837390666
6252,71.59533837390666
6252,71.59533837390666
6253,55.743022856363055
6253,55.743022856363055
6253,55.743022856363055
6253,55.743022856363055
6253,55.743022856363055
6254,59.37970537381822
6254,59.37970537381822
6254,59.37970537381822
6254,59.37970537381822
6254,59.37970537381822
6255,59.29303261466252
6255,59.29303261466252
6255,59.29303261466252
6255,59.29303261466252
6255,59.29303261466252
6256,59.21195195716623
6256,59.21195195716623
6256,59.21195195716623
6256,59.21195195716623
6256,59.21195195716623
6257,59.23714046985399
6257,59.23714046985399
6257,59.23714046985399
6257,59.23714046985399
6257,59.23714046985399
6258,71.49579343583159
6258,71.49579343583159
6258,71.49579343583159
6258,71.49579343583159
6258,71.49579343583159
6259,75.14797288074325
6259,75.14797288074325
6259,75.14797288074325
6259,75.14797288074325
6259,75.14797288074325
6260,75.17346607155149
6260,75.17346607155149
6260,75.17346607155149
6260,75.17346607155149
6260,75.17346607155149
6261,75.23653967818865
6261,75.23653967818865
6261,75.23653967818865
6261,75.23653967818865
6261,75.23653967818865
6262,75.17113087180518
6262,75.17113087180518
6262,75.17113087180518
6262,75.17113087180518
6262,75.17113087180518
6263,67.99331005856226
6263,67.99331005856226
6263,67.99331005856226
6263,67.99331005856226
6263,67.99331005856226
6264,67.98581131513956
6264,67.98581131513956
6264,67.98581131513956
6264,67.98581131513956
6264,67.98581131513956
6265,68.07288785838902
6265,68.07288785838902
6265,68.07288785838902
6265,68.07288785838902
6265,68.07288785838902
6266,68.16299572058439
6266,68.16299572058439
6266,68.16299572058439
6266,68.16299572058439
6266,68.16299572058439
6267,68.16463211553858
6267,68.16463211553858
6267,68.16463211553858
6267,68.16463211553858
6267,68.16463211553858
6268,71.7571543204357
6268,71.7571543204357
6268,71.7571543204357
6268,71.7571543204357
6268,71.7571543204357
6269,71.64946869472982
6269,71.64946869472982
6269,71.64946869472982
6269,71.64946869472982
6269,71.64946869472982
6270,75.16165658123629
6270,75.16165658123629
6270,75.16165658123629
6270,75.16165658123629
6270,75.16165658123629
6271,75.1431620843949
6271,75.1431620843949
6271,75.1431620843949
6271,75.1431620843949
6271,75.1431620843949
6272,71.54421644775884
6272,71.54421644775884
6272,71.54421644775884
6272,71.54421644775884
6272,71.54421644775884
6273,71.50717647221711
6273,71.50717647221711
6273,71.50717647221711
6273,71.50717647221711
6273,71.50717647221711
6274,71.52078558686644
6274,71.52078558686644
6274,71.52078558686644
6274,71.52078558686644
6274,71.52078558686644
6275,67.78970637684145
6275,67.78970637684145
6275,67.78970637684145
6275,67.78970637684145
6275,67.78970637684145
6276,71.52188902160762
6276,71.52188902160762
6276,71.52188902160762
6276,71.52188902160762
6276,71.52188902160762
6277,71.55524458002759
6277,71.55524458002759
6277,71.55524458002759
6277,71.55524458002759
6277,71.55524458002759
6278,71.53883979242707
6278,71.53883979242707
6278,71.53883979242707
6278,71.53883979242707
6278,71.53883979242707
6279,68.01999505065112
6279,68.01999505065112
6279,68.01999505065112
6279,68.01999505065112
6279,68.01999505065112
6280,68.05084893845579
6280,68.05084893845579
6280,68.05084893845579
6280,68.05084893845579
6280,68.05084893845579
6281,68.0406895369931
6281,68.0406895369931
6281,68.0406895369931
6281,68.0406895369931
6281,68.0406895369931
6282,67.89991332152384
6282,67.89991332152384
6282,67.89991332152384
6282,67.89991332152384
6282,67.89991332152384
6283,67.9009200304952
6283,67.9009200304952
6283,67.9009200304952
6283,67.9009200304952
6283,67.9009200304952
6284,32.46834662828944
6284,32.46834662828944
6284,32.46834662828944
6284,32.46834662828944
6284,32.46834662828944
6285,16.55645712955242
6285,16.55645712955242
6285,16.55645712955242
6285,16.55645712955242
6285,16.55645712955242
6286,16.456551808763646
6286,16.456551808763646
6286,16.456551808763646
6286,16.456551808763646
6286,16.456551808763646
6287,16.332953281423777
6287,16.332953281423777
6287,16.332953281423777
6287,16.332953281423777
6287,16.332953281423777
6288,16.317504627983404
6288,16.317504627983404
6288,16.317504627983404
6288,16.317504627983404
6288,16.317504627983404
6289,16.286446822821965
6289,16.286446822821965
6289,16.286446822821965
6289,16.286446822821965
6289,16.286446822821965
6290,16.259883572803535
6290,16.259883572803535
6290,16.259883572803535
6290,16.259883572803535
6290,16.259883572803535
6291,16.270427696429888
6291,16.270427696429888
6291,16.270427696429888
6291,16.270427696429888
6291,16.270427696429888
6292,16.307990730700958
6292,16.307990730700958
6292,16.307990730700958
6292,16.307990730700958
6292,16.307990730700958
6293,16.360747357561145
6293,16.360747357561145
6293,16.360747357561145
6293,16.360747357561145
6293,16.360747357561145
6294,16.36910600457289
6294,16.36910600457289
6294,16.36910600457289
6294,16.36910600457289
6294,16.36910600457289
6295,16.33465985603336
6295,16.33465985603336
6295,16.33465985603336
6295,16.33465985603336
6295,16.33465985603336
6296,16.330759216942745
6296,16.330759216942745
6296,16.330759216942745
6296,16.330759216942745
6296,16.330759216942745
6297,19.921507585763315
6297,19.921507585763315
6297,19.921507585763315
6297,19.921507585763315
6297,19.921507585763315
6298,19.934070061586276
6298,19.934070061586276
6298,19.934070061586276
6298,19.934070061586276
6298,19.934070061586276
6299,19.896899174615818
6299,19.896899174615818
6299,19.896899174615818
6299,19.896899174615818
6299,19.896899174615818
6300,19.89694594363224
6300,19.89694594363224
6300,19.89694594363224
6300,19.89694594363224
6300,19.89694594363224
6301,19.910994320603074
6301,19.910994320603074
6301,19.910994320603074
6301,19.910994320603074
6301,19.910994320603074
6302,19.88104027739705
6302,19.88104027739705
6302,19.88104027739705
6302,19.88104027739705
6302,19.88104027739705
6303,19.876082074587185
6303,19.876082074587185
6303,19.876082074587185
6303,19.876082074587185
6303,19.876082074587185
6304,19.954831857247164
6304,19.954831857247164
6304,19.954831857247164
6304,19.954831857247164
6304,19.954831857247164
6305,19.972186537763648
6305,19.972186537763648
6305,19.972186537763648
6305,19.972186537763648
6305,19.972186537763648
6306,32.31749869908752
6306,32.31749869908752
6306,32.31749869908752
6306,32.31749869908752
6306,32.31749869908752
6307,32.298698978012546
6307,32.298698978012546
6307,32.298698978012546
6307,32.298698978012546
6307,32.298698978012546
6308,32.30873184412103
6308,32.30873184412103
6308,32.30873184412103
6308,32.30873184412103
6308,32.30873184412103
6309,16.506775284369585
6309,16.506775284369585
6309,16.506775284369585
6309,16.506775284369585
6309,16.506775284369585
6310,16.45844290482103
6310,16.45844290482103
6310,16.45844290482103
6310,16.45844290482103
6310,16.45844290482103
6311,16.477462921581342
6311,16.477462921581342
6311,16.477462921581342
6311,16.477462921581342
6311,16.477462921581342
6312,16.48009920584657
6312,16.48009920584657
6312,16.48009920584657
6312,16.48009920584657
6312,16.48009920584657
6313,16.49309940433108
6313,16.49309940433108
6313,16.49309940433108
6313,16.49309940433108
6313,16.49309940433108
6314,32.40485818678288
6314,32.40485818678288
6314,32.40485818678288
6314,32.40485818678288
6314,32.40485818678288
6315,32.40103189964192
6315,32.40103189964192
6315,32.40103189964192
6315,32.40103189964192
6315,32.40103189964192
6316,35.99643892513466
6316,35.99643892513466
6316,35.99643892513466
6316,35.99643892513466
6316,35.99643892513466
6317,36.000499205648445
6317,36.000499205648445
6317,36.000499205648445
6317,36.000499205648445
6317,36.000499205648445
6318,36.0231640631046
6318,36.0231640631046
6318,36.0231640631046
6318,36.0231640631046
6318,36.0231640631046
6319,36.01240167850038
6319,36.01240167850038
6319,36.01240167850038
6319,36.01240167850038
6319,36.01240167850038
6320,16.388167033805097
6320,16.388167033805097
6320,16.388167033805097
6320,16.388167033805097
6320,16.388167033805097
6321,16.33956297608611
6321,16.33956297608611
6321,16.33956297608611
6321,16.33956297608611
6321,16.33956297608611
6322,32.338693186767316
6322,32.338693186767316
6322,32.338693186767316
6322,32.338693186767316
6322,32.338693186767316
6323,36.046551981320206
6323,36.046551981320206
6323,36.046551981320206
6323,36.046551981320206
6323,36.046551981320206
6324,36.10386662881158
6324,36.10386662881158
6324,36.10386662881158
6324,36.10386662881158
6324,36.10386662881158
6325,52.063573300676296
6325,52.063573300676296
6325,52.063573300676296
6325,52.063573300676296
6325,52.063573300676296
6326,51.91233692334491
6326,51.91233692334491
6326,51.91233692334491
6326,51.91233692334491
6326,51.91233692334491
6327,51.921892353502415
6327,51.921892353502415
6327,51.921892353502415
6327,51.921892353502415
6327,51.921892353502415
6328,35.96278545442685
6328,35.96278545442685
6328,35.96278545442685
6328,35.96278545442685
6328,35.96278545442685
6329,20.096258739207492
6329,20.096258739207492
6329,20.096258739207492
6329,20.096258739207492
6329,20.096258739207492
6330,20.109924376502015
6330,20.109924376502015
6330,20.109924376502015
6330,20.109924376502015
6330,20.109924376502015
6331,35.968336762485905
6331,35.968336762485905
6331,35.968336762485905
6331,35.968336762485905
6331,35.968336762485905
6332,35.92626065105603
6332,35.92626065105603
6332,35.92626065105603
6332,35.92626065105603
6332,35.92626065105603
6333,35.874931895179586
6333,35.874931895179586
6333,35.874931895179586
6333,35.874931895179586
6333,35.874931895179586
6334,51.949537420466
6334,51.949537420466
6334,51.949537420466
6334,51.949537420466
6334,51.949537420466
6335,51.9541899856985
6335,51.9541899856985
6335,51.9541899856985
6335,51.9541899856985
6335,51.9541899856985
6336,67.90025113000539
6336,67.90025113000539
6336,67.90025113000539
6336,67.90025113000539
6336,67.90025113000539
6337,67.87611742167608
6337,67.87611742167608
6337,67.87611742167608
6337,67.87611742167608
6337,67.87611742167608
6338,64.31654811065218
6338,64.31654811065218
6338,64.31654811065218
6338,64.31654811065218
6338,64.31654811065218
6339,68.06224360922968
6339,68.06224360922968
6339,68.06224360922968
6339,68.06224360922968
6339,68.06224360922968
6340,52.14751039381341
6340,52.14751039381341
6340,52.14751039381341
6340,52.14751039381341
6340,52.14751039381341
6341,55.847577541119946
6341,55.847577541119946
6341,55.847577541119946
6341,55.847577541119946
6341,55.847577541119946
6342,55.73565440253515
6342,55.73565440253515
6342,55.73565440253515
6342,55.73565440253515
6342,55.73565440253515
6343,71.69036346635696
6343,71.69036346635696
6343,71.69036346635696
6343,71.69036346635696
6343,71.69036346635696
6344,71.72372857539786
6344,71.72372857539786
6344,71.72372857539786
6344,71.72372857539786
6344,71.72372857539786
6345,55.7705882769733
6345,55.7705882769733
6345,55.7705882769733
6345,55.7705882769733
6345,55.7705882769733
6346,71.72994792694249
6346,71.72994792694249
6346,71.72994792694249
6346,71.72994792694249
6346,71.72994792694249
6347,87.72796259674581
6347,87.72796259674581
6347,87.72796259674581
6347,87.72796259674581
6347,87.72796259674581
6348,87.74127558875217
6348,87.74127558875217
6348,87.74127558875217
6348,87.74127558875217
6348,87.74127558875217
6349,87.88929946661622
6349,87.88929946661622
6349,87.88929946661622
6349,87.88929946661622
6349,87.88929946661622
6350,87.80596818372433
6350,87.80596818372433
6350,87.80596818372433
6350,87.80596818372433
6350,87.80596818372433
6351,91.26053384555253
6351,91.26053384555253
6351,91.26053384555253
6351,91.26053384555253
6351,91.26053384555253
6352,91.14591321111425
6352,91.14591321111425
6352,91.14591321111425
6352,91.14591321111425
6352,91.14591321111425
6353,94.74929981371258
6353,94.74929981371258
6353,94.74929981371258
6353,94.74929981371258
6353,94.74929981371258
6354,94.92669759656336
6354,94.92669759656336
6354,94.92669759656336
6354,94.92669759656336
6354,94.92669759656336
6355,94.95053016622117
6355,94.95053016622117
6355,94.95053016622117
6355,94.95053016622117
6355,94.95053016622117
6356,95.03096595907468
6356,95.03096595907468
6356,95.03096595907468
6356,95.03096595907468
6356,95.03096595907468
6357,95.10444158811302
6357,95.10444158811302
6357,95.10444158811302
6357,95.10444158811302
6357,95.10444158811302
6358,91.40989482743922
6358,91.40989482743922
6358,91.40989482743922
6358,91.40989482743922
6358,91.40989482743922
6359,95.06498167206415
6359,95.06498167206415
6359,95.06498167206415
6359,95.06498167206415
6359,95.06498167206415
6360,95.04182029267237
6360,95.04182029267237
6360,95.04182029267237
6360,95.04182029267237
6360,95.04182029267237
6361,91.33189269095567
6361,91.33189269095567
6361,91.33189269095567
6361,91.33189269095567
6361,91.33189269095567
6362,91.36059290504747
6362,91.36059290504747
6362,91.36059290504747
6362,91.36059290504747
6362,91.36059290504747
6363,68.01483498089458
6363,68.01483498089458
6363,68.01483498089458
6363,68.01483498089458
6363,68.01483498089458
6364,71.54983114831849
6364,71.54983114831849
6364,71.54983114831849
6364,71.54983114831849
6364,71.54983114831849
6365,55.51108712765203
6365,55.51108712765203
6365,55.51108712765203
6365,55.51108712765203
6365,55.51108712765203
6366,55.65107294893393
6366,55.65107294893393
6366,55.65107294893393
6366,55.65107294893393
6366,55.65107294893393
6367,55.65283447421658
6367,55.65283447421658
6367,55.65283447421658
6367,55.65283447421658
6367,55.65283447421658
6368,55.75045227872893
6368,55.75045227872893
6368,55.75045227872893
6368,55.75045227872893
6368,55.75045227872893
6369,71.58140419679225
6369,71.58140419679225
6369,71.58140419679225
6369,71.58140419679225
6369,71.58140419679225
6370,55.57661646139324
6370,55.57661646139324
6370,55.57661646139324
6370,55.57661646139324
6370,55.57661646139324
6371,51.84990687745278
6371,51.84990687745278
6371,51.84990687745278
6371,51.84990687745278
6371,51.84990687745278
6372,51.82479842642821
6372,51.82479842642821
6372,51.82479842642821
6372,51.82479842642821
6372,51.82479842642821
6373,51.84076244054363
6373,51.84076244054363
6373,51.84076244054363
6373,51.84076244054363
6373,51.84076244054363
6374,51.883758557142606
6374,51.883758557142606
6374,51.883758557142606
6374,51.883758557142606
6374,51.883758557142606
6375,51.91069692916316
6375,51.91069692916316
6375,51.91069692916316
6375,51.91069692916316
6375,51.91069692916316
6376,48.31128586018706
6376,48.31128586018706
6376,48.31128586018706
6376,48.31128586018706
6376,48.31128586018706
6377,48.30076292795493
6377,48.30076292795493
6377,48.30076292795493
6377,48.30076292795493
6377,48.30076292795493
6378,48.323594814268645
6378,48.323594814268645
6378,48.323594814268645
6378,48.323594814268645
6378,48.323594814268645
6379,32.34604464296571
6379,32.34604464296571
6379,32.34604464296571
6379,32.34604464296571
6379,32.34604464296571
6380,32.3078555259809
6380,32.3078555259809
6380,32.3078555259809
6380,32.3078555259809
6380,32.3078555259809
6381,32.336374138522956
6381,32.336374138522956
6381,32.336374138522956
6381,32.336374138522956
6381,32.336374138522956
6382,32.30520724162498
6382,32.30520724162498
6382,32.30520724162498
6382,32.30520724162498
6382,32.30520724162498
6383,16.425029993242113
6383,16.425029993242113
6383,16.425029993242113
6383,16.425029993242113
6383,16.425029993242113
6384,16.45901244116576
6384,16.45901244116576
6384,16.45901244116576
6384,16.45901244116576
6384,16.45901244116576
6385,16.534130594091785
6385,16.534130594091785
6385,16.534130594091785
6385,16.534130594091785
6385,16.534130594091785
6386,16.537585243903813
6386,16.537585243903813
6386,16.537585243903813
6386,16.537585243903813
6386,16.537585243903813
6387,32.47265614140777
6387,32.47265614140777
6387,32.47265614140777
6387,32.47265614140777
6387,32.47265614140777
6388,32.50979417778011
6388,32.50979417778011
6388,32.50979417778011
6388,32.50979417778011
6388,32.50979417778011
6389,48.305423756948805
6389,48.305423756948805
6389,48.305423756948805
6389,48.305423756948805
6389,48.305423756948805
6390,51.93347469575173
6390,51.93347469575173
6390,51.93347469575173
6390,51.93347469575173
6390,51.93347469575173
6391,36.12646060886744
6391,36.12646060886744
6391,36.12646060886744
6391,36.12646060886744
6391,36.12646060886744
6392,32.47951518642228
6392,32.47951518642228
6392,32.47951518642228
6392,32.47951518642228
6392,32.47951518642228
6393,32.43935522010561
6393,32.43935522010561
6393,32.43935522010561
6393,32.43935522010561
6393,32.43935522010561
6394,16.49042629797236
6394,16.49042629797236
6394,16.49042629797236
6394,16.49042629797236
6394,16.49042629797236
6395,32.39732219068635
6395,32.39732219068635
6395,32.39732219068635
6395,32.39732219068635
6395,32.39732219068635
6396,51.95231457238732
6396,51.95231457238732
6396,51.95231457238732
6396,51.95231457238732
6396,51.95231457238732
6397,51.995978146105074
6397,51.995978146105074
6397,51.995978146105074
6397,51.995978146105074
6397,51.995978146105074
6398,52.12012496605936
6398,52.12012496605936
6398,52.12012496605936
6398,52.12012496605936
6398,52.12012496605936
6399,48.50798437403822
6399,48.50798437403822
6399,48.50798437403822
6399,48.50798437403822
6399,48.50798437403822
6400,48.51512423742753
6400,48.51512423742753
6400,48.51512423742753
6400,48.51512423742753
6400,48.51512423742753
6401,48.48342548025761
6401,48.48342548025761
6401,48.48342548025761
6401,48.48342548025761
6401,48.48342548025761
6402,48.42607919678547
6402,48.42607919678547
6402,48.42607919678547
6402,48.42607919678547
6402,48.42607919678547
6403,48.43520687038794
6403,48.43520687038794
6403,48.43520687038794
6403,48.43520687038794
6403,48.43520687038794
6404,64.405055258203
6404,64.405055258203
6404,64.405055258203
6404,64.405055258203
6404,64.405055258203
6405,64.42834740174487
6405,64.42834740174487
6405,64.42834740174487
6405,64.42834740174487
6405,64.42834740174487
6406,64.42511404544081
6406,64.42511404544081
6406,64.42511404544081
6406,64.42511404544081
6406,64.42511404544081
6407,64.39577507627264
6407,64.39577507627264
6407,64.39577507627264
6407,64.39577507627264
6407,64.39577507627264
6408,64.4234098454777
6408,64.4234098454777
6408,64.4234098454777
6408,64.4234098454777
6408,64.4234098454777
6409,83.8539006931909
6409,83.8539006931909
6409,83.8539006931909
6409,83.8539006931909
6409,83.8539006931909
6410,83.84056583933447
6410,83.84056583933447
6410,83.84056583933447
6410,83.84056583933447
6410,83.84056583933447
6411,67.9444536686542
6411,67.9444536686542
6411,67.9444536686542
6411,67.9444536686542
6411,67.9444536686542
6412,67.94195290199096
6412,67.94195290199096
6412,67.94195290199096
6412,67.94195290199096
6412,67.94195290199096
6413,71.60224383456706
6413,71.60224383456706
6413,71.60224383456706
6413,71.60224383456706
6413,71.60224383456706
6414,87.53611912118357
6414,87.53611912118357
6414,87.53611912118357
6414,87.53611912118357
6414,87.53611912118357
6415,87.61084607163995
6415,87.61084607163995
6415,87.61084607163995
6415,87.61084607163995
6415,87.61084607163995
6416,87.75044059996772
6416,87.75044059996772
6416,87.75044059996772
6416,87.75044059996772
6416,87.75044059996772
6417,71.54982109138817
6417,71.54982109138817
6417,71.54982109138817
6417,71.54982109138817
6417,71.54982109138817
6418,71.53034412616108
6418,71.53034412616108
6418,71.53034412616108
6418,71.53034412616108
6418,71.53034412616108
6419,67.9354035339001
6419,67.9354035339001
6419,67.9354035339001
6419,67.9354035339001
6419,67.9354035339001
6420,67.98658923962024
6420,67.98658923962024
6420,67.98658923962024
6420,67.98658923962024
6420,67.98658923962024
6421,67.97021214240415
6421,67.97021214240415
6421,67.97021214240415
6421,67.97021214240415
6421,67.97021214240415
6422,55.610619648439595
6422,55.610619648439595
6422,55.610619648439595
6422,55.610619648439595
6422,55.610619648439595
6423,55.62350125038169
6423,55.62350125038169
6423,55.62350125038169
6423,55.62350125038169
6423,55.62350125038169
6424,55.714053611211
6424,55.714053611211
6424,55.714053611211
6424,55.714053611211
6424,55.714053611211
6425,55.675574666009084
6425,55.675574666009084
6425,55.675574666009084
6425,55.675574666009084
6425,55.675574666009084
6426,55.81117189416149
6426,55.81117189416149
6426,55.81117189416149
6426,55.81117189416149
6426,55.81117189416149
6427,68.04342071114995
6427,68.04342071114995
6427,68.04342071114995
6427,68.04342071114995
6427,68.04342071114995
6428,83.9508314719761
6428,83.9508314719761
6428,83.9508314719761
6428,83.9508314719761
6428,83.9508314719761
6429,83.84387024675074
6429,83.84387024675074
6429,83.84387024675074
6429,83.84387024675074
6429,83.84387024675074
6430,48.38095793721972
6430,48.38095793721972
6430,48.38095793721972
6430,48.38095793721972
6430,48.38095793721972
6431,64.26385956169034
6431,64.26385956169034
6431,64.26385956169034
6431,64.26385956169034
6431,64.26385956169034
6432,64.25474347293839
6432,64.25474347293839
6432,64.25474347293839
6432,64.25474347293839
6432,64.25474347293839
6433,48.426201480198465
6433,48.426201480198465
6433,48.426201480198465
6433,48.426201480198465
6433,48.426201480198465
6434,48.41040996154405
6434,48.41040996154405
6434,48.41040996154405
6434,48.41040996154405
6434,48.41040996154405
6435,32.39477981810762
6435,32.39477981810762
6435,32.39477981810762
6435,32.39477981810762
6435,32.39477981810762
6436,32.36754222169769
6436,32.36754222169769
6436,32.36754222169769
6436,32.36754222169769
6436,32.36754222169769
6437,16.430043422457427
6437,16.430043422457427
6437,16.430043422457427
6437,16.430043422457427
6437,16.430043422457427
6438,16.444997479719042
6438,16.444997479719042
6438,16.444997479719042
6438,16.444997479719042
6438,16.444997479719042
6439,16.421605537498117
6439,16.421605537498117
6439,16.421605537498117
6439,16.421605537498117
6439,16.421605537498117
6440,32.378244503256845
6440,32.378244503256845
6440,32.378244503256845
6440,32.378244503256845
6440,32.378244503256845
6441,32.414364544473734
6441,32.414364544473734
6441,32.414364544473734
6441,32.414364544473734
6441,32.414364544473734
6442,32.41494858199446
6442,32.41494858199446
6442,32.41494858199446
6442,32.41494858199446
6442,32.41494858199446
6443,32.53555479832797
6443,32.53555479832797
6443,32.53555479832797
6443,32.53555479832797
6443,32.53555479832797
6444,32.641948345505966
6444,32.641948345505966
6444,32.641948345505966
6444,32.641948345505966
6444,32.641948345505966
6445,32.51310581257975
6445,32.51310581257975
6445,32.51310581257975
6445,32.51310581257975
6445,32.51310581257975
6446,32.583824645559446
6446,32.583824645559446
6446,32.583824645559446
6446,32.583824645559446
6446,32.583824645559446
6447,32.51476560905623
6447,32.51476560905623
6447,32.51476560905623
6447,32.51476560905623
6447,32.51476560905623
6448,32.37318192785896
6448,32.37318192785896
6448,32.37318192785896
6448,32.37318192785896
6448,32.37318192785896
6449,48.271768958406476
6449,48.271768958406476
6449,48.271768958406476
6449,48.271768958406476
6449,48.271768958406476
6450,48.313731557551954
6450,48.313731557551954
6450,48.313731557551954
6450,48.313731557551954
6450,48.313731557551954
6451,67.85966849961594
6451,67.85966849961594
6451,67.85966849961594
6451,67.85966849961594
6451,67.85966849961594
6452,67.83073772175018
6452,67.83073772175018
6452,67.83073772175018
6452,67.83073772175018
6452,67.83073772175018
6453,67.83228703007052
6453,67.83228703007052
6453,67.83228703007052
6453,67.83228703007052
6453,67.83228703007052
6454,68.00344596656163
6454,68.00344596656163
6454,68.00344596656163
6454,68.00344596656163
6454,68.00344596656163
6455,68.13720770561103
6455,68.13720770561103
6455,68.13720770561103
6455,68.13720770561103
6455,68.13720770561103
6456,71.79083604127257
6456,71.79083604127257
6456,71.79083604127257
6456,71.79083604127257
6456,71.79083604127257
6457,75.28928973742177
6457,75.28928973742177
6457,75.28928973742177
6457,75.28928973742177
6457,75.28928973742177
6458,71.55386286123169
6458,71.55386286123169
6458,71.55386286123169
6458,71.55386286123169
6458,71.55386286123169
6459,71.59814993458954
6459,71.59814993458954
6459,71.59814993458954
6459,71.59814993458954
6459,71.59814993458954
6460,67.91330300814731
6460,67.91330300814731
6460,67.91330300814731
6460,67.91330300814731
6460,67.91330300814731
6461,51.94565724440049
6461,51.94565724440049
6461,51.94565724440049
6461,51.94565724440049
6461,51.94565724440049
6462,55.60001278077552
6462,55.60001278077552
6462,55.60001278077552
6462,55.60001278077552
6462,55.60001278077552
6463,39.63193381540607
6463,39.63193381540607
6463,39.63193381540607
6463,39.63193381540607
6463,39.63193381540607
6464,55.57301675491898
6464,55.57301675491898
6464,55.57301675491898
6464,55.57301675491898
6464,55.57301675491898
6465,52.02105159448356
6465,52.02105159448356
6465,52.02105159448356
6465,52.02105159448356
6465,52.02105159448356
6466,48.3239141932974
6466,48.3239141932974
6466,48.3239141932974
6466,48.3239141932974
6466,48.3239141932974
6467,48.32583615892458
6467,48.32583615892458
6467,48.32583615892458
6467,48.32583615892458
6467,48.32583615892458
6468,64.21244877926871
6468,64.21244877926871
6468,64.21244877926871
6468,64.21244877926871
6468,64.21244877926871
6469,64.18338665312653
6469,64.18338665312653
6469,64.18338665312653
6469,64.18338665312653
6469,64.18338665312653
6470,51.91896934624077
6470,51.91896934624077
6470,51.91896934624077
6470,51.91896934624077
6470,51.91896934624077
6471,51.92216121249614
6471,51.92216121249614
6471,51.92216121249614
6471,51.92216121249614
6471,51.92216121249614
6472,52.055287373585166
6472,52.055287373585166
6472,52.055287373585166
6472,52.055287373585166
6472,52.055287373585166
6473,55.6672544837827
6473,55.6672544837827
6473,55.6672544837827
6473,55.6672544837827
6473,55.6672544837827
6474,55.64339801014355
6474,55.64339801014355
6474,55.64339801014355
6474,55.64339801014355
6474,55.64339801014355
6475,55.63463236263283
6475,55.63463236263283
6475,55.63463236263283
6475,55.63463236263283
6475,55.63463236263283
6476,51.922495096749266
6476,51.922495096749266
6476,51.922495096749266
6476,51.922495096749266
6476,51.922495096749266
6477,48.27950537140951
6477,48.27950537140951
6477,48.27950537140951
6477,48.27950537140951
6477,48.27950537140951
6478,48.243935618460554
6478,48.243935618460554
6478,48.243935618460554
6478,48.243935618460554
6478,48.243935618460554
6479,51.82324241231892
6479,51.82324241231892
6479,51.82324241231892
6479,51.82324241231892
6479,51.82324241231892
6480,51.91619419861128
6480,51.91619419861128
6480,51.91619419861128
6480,51.91619419861128
6480,51.91619419861128
6481,51.97623108507048
6481,51.97623108507048
6481,51.97623108507048
6481,51.97623108507048
6481,51.97623108507048
6482,51.990130733879326
6482,51.990130733879326
6482,51.990130733879326
6482,51.990130733879326
6482,51.990130733879326
6483,52.07602533101235
6483,52.07602533101235
6483,52.07602533101235
6483,52.07602533101235
6483,52.07602533101235
6484,52.08600232367043
6484,52.08600232367043
6484,52.08600232367043
6484,52.08600232367043
6484,52.08600232367043
6485,52.104223703106605
6485,52.104223703106605
6485,52.104223703106605
6485,52.104223703106605
6485,52.104223703106605
6486,52.07923510723192
6486,52.07923510723192
6486,52.07923510723192
6486,52.07923510723192
6486,52.07923510723192
6487,36.03272062956475
6487,36.03272062956475
6487,36.03272062956475
6487,36.03272062956475
6487,36.03272062956475
6488,32.442561044377484
6488,32.442561044377484
6488,32.442561044377484
6488,32.442561044377484
6488,32.442561044377484
6489,32.440177444379
6489,32.440177444379
6489,32.440177444379
6489,32.440177444379
6489,32.440177444379
6490,32.455221171496234
6490,32.455221171496234
6490,32.455221171496234
6490,32.455221171496234
6490,32.455221171496234
6491,48.34436466562984
6491,48.34436466562984
6491,48.34436466562984
6491,48.34436466562984
6491,48.34436466562984
6492,48.418011755071475
6492,48.418011755071475
6492,48.418011755071475
6492,48.418011755071475
6492,48.418011755071475
6493,48.55372344629056
6493,48.55372344629056
6493,48.55372344629056
6493,48.55372344629056
6493,48.55372344629056
6494,52.13253705214132
6494,52.13253705214132
6494,52.13253705214132
6494,52.13253705214132
6494,52.13253705214132
6495,52.11087720157447
6495,52.11087720157447
6495,52.11087720157447
6495,52.11087720157447
6495,52.11087720157447
6496,68.10113346060027
6496,68.10113346060027
6496,68.10113346060027
6496,68.10113346060027
6496,68.10113346060027
6497,68.04475993131143
6497,68.04475993131143
6497,68.04475993131143
6497,68.04475993131143
6497,68.04475993131143
6498,68.05165832519603
6498,68.05165832519603
6498,68.05165832519603
6498,68.05165832519603
6498,68.05165832519603
6499,71.62302291083185
6499,71.62302291083185
6499,71.62302291083185
6499,71.62302291083185
6499,71.62302291083185
6500,71.66059792916408
6500,71.66059792916408
6500,71.66059792916408
6500,71.66059792916408
6500,71.66059792916408
6501,71.63794281238158
6501,71.63794281238158
6501,71.63794281238158
6501,71.63794281238158
6501,71.63794281238158
6502,55.6176324754072
6502,55.6176324754072
6502,55.6176324754072
6502,55.6176324754072
6502,55.6176324754072
6503,55.59565143419824
6503,55.59565143419824
6503,55.59565143419824
6503,55.59565143419824
6503,55.59565143419824
6504,55.57403748701663
6504,55.57403748701663
6504,55.57403748701663
6504,55.57403748701663
6504,55.57403748701663
6505,55.56953724534981
6505,55.56953724534981
6505,55.56953724534981
6505,55.56953724534981
6505,55.56953724534981
6506,55.65757333394458
6506,55.65757333394458
6506,55.65757333394458
6506,55.65757333394458
6506,55.65757333394458
6507,55.64688406895753
6507,55.64688406895753
6507,55.64688406895753
6507,55.64688406895753
6507,55.64688406895753
6508,55.63498629083087
6508,55.63498629083087
6508,55.63498629083087
6508,55.63498629083087
6508,55.63498629083087
6509,55.58843306668689
6509,55.58843306668689
6509,55.58843306668689
6509,55.58843306668689
6509,55.58843306668689
6510,55.55022251329543
6510,55.55022251329543
6510,55.55022251329543
6510,55.55022251329543
6510,55.55022251329543
6511,55.503674469037755
6511,55.503674469037755
6511,55.503674469037755
6511,55.503674469037755
6511,55.503674469037755
6512,51.879031670449635
6512,51.879031670449635
6512,51.879031670449635
6512,51.879031670449635
6512,51.879031670449635
6513,35.97296445332667
6513,35.97296445332667
6513,35.97296445332667
6513,35.97296445332667
6513,35.97296445332667
6514,35.95961092807451
6514,35.95961092807451
6514,35.95961092807451
6514,35.95961092807451
6514,35.95961092807451
6515,55.500756978346736
6515,55.500756978346736
6515,55.500756978346736
6515,55.500756978346736
6515,55.500756978346736
6516,39.53733128162399
6516,39.53733128162399
6516,39.53733128162399
6516,39.53733128162399
6516,39.53733128162399
6517,32.281272998880226
6517,32.281272998880226
6517,32.281272998880226
6517,32.281272998880226
6517,32.281272998880226
6518,0.4620172995890849
6518,0.4620172995890849
6518,0.4620172995890849
6518,0.4620172995890849
6518,0.4620172995890849
6519,16.49438669481605
6519,16.49438669481605
6519,16.49438669481605
6519,16.49438669481605
6519,16.49438669481605
6520,32.48031744477617
6520,32.48031744477617
6520,32.48031744477617
6520,32.48031744477617
6520,32.48031744477617
6521,80.33362789279397
6521,80.33362789279397
6521,80.33362789279397
6521,80.33362789279397
6521,80.33362789279397
6522,80.35117419091843
6522,80.35117419091843
6522,80.35117419091843
6522,80.35117419091843
6522,80.35117419091843
6523,80.3510210728924
6523,80.3510210728924
6523,80.3510210728924
6523,80.3510210728924
6523,80.3510210728924
6524,80.35621174155435
6524,80.35621174155435
6524,80.35621174155435
6524,80.35621174155435
6524,80.35621174155435
6525,80.31203884671967
6525,80.31203884671967
6525,80.31203884671967
6525,80.31203884671967
6525,80.31203884671967
6526,64.47531548282436
6526,64.47531548282436
6526,64.47531548282436
6526,64.47531548282436
6526,64.47531548282436
6527,64.48805448466558
6527,64.48805448466558
6527,64.48805448466558
6527,64.48805448466558
6527,64.48805448466558
6528,64.50869467447436
6528,64.50869467447436
6528,64.50869467447436
6528,64.50869467447436
6528,64.50869467447436
6529,64.5496250162514
6529,64.5496250162514
6529,64.5496250162514
6529,64.5496250162514
6529,64.5496250162514
6530,64.5158231609973
6530,64.5158231609973
6530,64.5158231609973
6530,64.5158231609973
6530,64.5158231609973
6531,68.1076321842302
6531,68.1076321842302
6531,68.1076321842302
6531,68.1076321842302
6531,68.1076321842302
6532,68.07509671205737
6532,68.07509671205737
6532,68.07509671205737
6532,68.07509671205737
6532,68.07509671205737
6533,68.07591388445066
6533,68.07591388445066
6533,68.07591388445066
6533,68.07591388445066
6533,68.07591388445066
6534,52.25938494846897
6534,52.25938494846897
6534,52.25938494846897
6534,52.25938494846897
6534,52.25938494846897
6535,52.10812902665699
6535,52.10812902665699
6535,52.10812902665699
6535,52.10812902665699
6535,52.10812902665699
6536,52.22136248331393
6536,52.22136248331393
6536,52.22136248331393
6536,52.22136248331393
6536,52.22136248331393
6537,52.23195348445064
6537,52.23195348445064
6537,52.23195348445064
6537,52.23195348445064
6537,52.23195348445064
6538,52.14429934504759
6538,52.14429934504759
6538,52.14429934504759
6538,52.14429934504759
6538,52.14429934504759
6539,52.159847074428754
6539,52.159847074428754
6539,52.159847074428754
6539,52.159847074428754
6539,52.159847074428754
6540,52.2185815409468
6540,52.2185815409468
6540,52.2185815409468
6540,52.2185815409468
6540,52.2185815409468
6541,71.70971265132195
6541,71.70971265132195
6541,71.70971265132195
6541,71.70971265132195
6541,71.70971265132195
6542,75.3297662761046
6542,75.3297662761046
6542,75.3297662761046
6542,75.3297662761046
6542,75.3297662761046
6543,75.32755897898436
6543,75.32755897898436
6543,75.32755897898436
6543,75.32755897898436
6543,75.32755897898436
6544,71.70560934099107
6544,71.70560934099107
6544,71.70560934099107
6544,71.70560934099107
6544,71.70560934099107
6545,68.08536775418756
6545,68.08536775418756
6545,68.08536775418756
6545,68.08536775418756
6545,68.08536775418756
6546,68.07425298368769
6546,68.07425298368769
6546,68.07425298368769
6546,68.07425298368769
6546,68.07425298368769
6547,67.9424921303716
6547,67.9424921303716
6547,67.9424921303716
6547,67.9424921303716
6547,67.9424921303716
6548,67.94861004307305
6548,67.94861004307305
6548,67.94861004307305
6548,67.94861004307305
6548,67.94861004307305
6549,52.050088391587984
6549,52.050088391587984
6549,52.050088391587984
6549,52.050088391587984
6549,52.050088391587984
6550,52.02351358254945
6550,52.02351358254945
6550,52.02351358254945
6550,52.02351358254945
6550,52.02351358254945
6551,36.03173606060652
6551,36.03173606060652
6551,36.03173606060652
6551,36.03173606060652
6551,36.03173606060652
6552,36.08396676391722
6552,36.08396676391722
6552,36.08396676391722
6552,36.08396676391722
6552,36.08396676391722
6553,32.36628773078024
6553,32.36628773078024
6553,32.36628773078024
6553,32.36628773078024
6553,32.36628773078024
6554,32.34887444611825
6554,32.34887444611825
6554,32.34887444611825
6554,32.34887444611825
6554,32.34887444611825
6555,32.36827303319311
6555,32.36827303319311
6555,32.36827303319311
6555,32.36827303319311
6555,32.36827303319311
6556,32.386219875280595
6556,32.386219875280595
6556,32.386219875280595
6556,32.386219875280595
6556,32.386219875280595
6557,35.97435287439411
6557,35.97435287439411
6557,35.97435287439411
6557,35.97435287439411
6557,35.97435287439411
6558,36.11731662959096
6558,36.11731662959096
6558,36.11731662959096
6558,36.11731662959096
6558,36.11731662959096
6559,36.08460601361078
6559,36.08460601361078
6559,36.08460601361078
6559,36.08460601361078
6559,36.08460601361078
6560,35.985852961690576
6560,35.985852961690576
6560,35.985852961690576
6560,35.985852961690576
6560,35.985852961690576
6561,51.91816631340905
6561,51.91816631340905
6561,51.91816631340905
6561,51.91816631340905
6561,51.91816631340905
6562,55.46578296551547
6562,55.46578296551547
6562,55.46578296551547
6562,55.46578296551547
6562,55.46578296551547
6563,55.566279154505516
6563,55.566279154505516
6563,55.566279154505516
6563,55.566279154505516
6563,55.566279154505516
6564,55.57670322576553
6564,55.57670322576553
6564,55.57670322576553
6564,55.57670322576553
6564,55.57670322576553
6565,55.557532373785456
6565,55.557532373785456
6565,55.557532373785456
6565,55.557532373785456
6565,55.557532373785456
6566,55.56555927919169
6566,55.56555927919169
6566,55.56555927919169
6566,55.56555927919169
6566,55.56555927919169
6567,55.52934336240876
6567,55.52934336240876
6567,55.52934336240876
6567,55.52934336240876
6567,55.52934336240876
6568,52.01151587430661
6568,52.01151587430661
6568,52.01151587430661
6568,52.01151587430661
6568,52.01151587430661
6569,51.918699991782454
6569,51.918699991782454
6569,51.918699991782454
6569,51.918699991782454
6569,51.918699991782454
6570,32.37139441903285
6570,32.37139441903285
6570,32.37139441903285
6570,32.37139441903285
6570,32.37139441903285
6571,35.88632396365532
6571,35.88632396365532
6571,35.88632396365532
6571,35.88632396365532
6571,35.88632396365532
6572,35.96003695738163
6572,35.96003695738163
6572,35.96003695738163
6572,35.96003695738163
6572,35.96003695738163
6573,35.99185357438396
6573,35.99185357438396
6573,35.99185357438396
6573,35.99185357438396
6573,35.99185357438396
6574,36.021935888119444
6574,36.021935888119444
6574,36.021935888119444
6574,36.021935888119444
6574,36.021935888119444
6575,36.02222501646137
6575,36.02222501646137
6575,36.02222501646137
6575,36.02222501646137
6575,36.02222501646137
6576,36.022334972578776
6576,36.022334972578776
6576,36.022334972578776
6576,36.022334972578776
6576,36.022334972578776
6577,35.998677342617626
6577,35.998677342617626
6577,35.998677342617626
6577,35.998677342617626
6577,35.998677342617626
6578,36.00247921742291
6578,36.00247921742291
6578,36.00247921742291
6578,36.00247921742291
6578,36.00247921742291
6579,51.9068945354317
6579,51.9068945354317
6579,51.9068945354317
6579,51.9068945354317
6579,51.9068945354317
6580,51.9204618595345
6580,51.9204618595345
6580,51.9204618595345
6580,51.9204618595345
6580,51.9204618595345
6581,36.10080010014723
6581,36.10080010014723
6581,36.10080010014723
6581,36.10080010014723
6581,36.10080010014723
6582,36.05994275905679
6582,36.05994275905679
6582,36.05994275905679
6582,36.05994275905679
6582,36.05994275905679
6583,36.030065520648904
6583,36.030065520648904
6583,36.030065520648904
6583,36.030065520648904
6583,36.030065520648904
6584,35.99223181155587
6584,35.99223181155587
6584,35.99223181155587
6584,35.99223181155587
6584,35.99223181155587
6585,35.869964382231714
6585,35.869964382231714
6585,35.869964382231714
6585,35.869964382231714
6585,35.869964382231714
6586,35.95411846908037
6586,35.95411846908037
6586,35.95411846908037
6586,35.95411846908037
6586,35.95411846908037
6587,35.95266702187073
6587,35.95266702187073
6587,35.95266702187073
6587,35.95266702187073
6587,35.95266702187073
6588,35.96059813342289
6588,35.96059813342289
6588,35.96059813342289
6588,35.96059813342289
6588,35.96059813342289
6589,35.97911797258298
6589,35.97911797258298
6589,35.97911797258298
6589,35.97911797258298
6589,35.97911797258298
6590,48.46136741321234
6590,48.46136741321234
6590,48.46136741321234
6590,48.46136741321234
6590,48.46136741321234
6591,51.967420363315554
6591,51.967420363315554
6591,51.967420363315554
6591,51.967420363315554
6591,51.967420363315554
6592,51.88600913576549
6592,51.88600913576549
6592,51.88600913576549
6592,51.88600913576549
6592,51.88600913576549
6593,51.84544477193449
6593,51.84544477193449
6593,51.84544477193449
6593,51.84544477193449
6593,51.84544477193449
6594,39.43762448215595
6594,39.43762448215595
6594,39.43762448215595
6594,39.43762448215595
6594,39.43762448215595
6595,39.45869285405704
6595,39.45869285405704
6595,39.45869285405704
6595,39.45869285405704
6595,39.45869285405704
6596,35.81723250824528
6596,35.81723250824528
6596,35.81723250824528
6596,35.81723250824528
6596,35.81723250824528
6597,35.786487602442186
6597,35.786487602442186
6597,35.786487602442186
6597,35.786487602442186
6597,35.786487602442186
6598,19.86843436763902
6598,19.86843436763902
6598,19.86843436763902
6598,19.86843436763902
6598,19.86843436763902
6599,19.910381896280693
6599,19.910381896280693
6599,19.910381896280693
6599,19.910381896280693
6599,19.910381896280693
6600,19.916654893346426
6600,19.916654893346426
6600,19.916654893346426
6600,19.916654893346426
6600,19.916654893346426
6601,19.954537005303724
6601,19.954537005303724
6601,19.954537005303724
6601,19.954537005303724
6601,19.954537005303724
6602,16.45682806709518
6602,16.45682806709518
6602,16.45682806709518
6602,16.45682806709518
6602,16.45682806709518
6603,16.46943017713074
6603,16.46943017713074
6603,16.46943017713074
6603,16.46943017713074
6603,16.46943017713074
6604,32.4505622640728
6604,32.4505622640728
6604,32.4505622640728
6604,32.4505622640728
6604,32.4505622640728
6605,32.4305983945185
6605,32.4305983945185
6605,32.4305983945185
6605,32.4305983945185
6605,32.4305983945185
6606,16.410097780051014
6606,16.410097780051014
6606,16.410097780051014
6606,16.410097780051014
6606,16.410097780051014
6607,16.37749799769284
6607,16.37749799769284
6607,16.37749799769284
6607,16.37749799769284
6607,16.37749799769284
6608,0.4237676557466866
6608,0.4237676557466866
6608,0.4237676557466866
6608,0.4237676557466866
6608,0.4237676557466866
6609,0.38323602634335135
6609,0.38323602634335135
6609,0.38323602634335135
6609,0.38323602634335135
6609,0.38323602634335135
6610,0.38225870752867835
6610,0.38225870752867835
6610,0.38225870752867835
6610,0.38225870752867835
6610,0.38225870752867835
6611,0.38276923197627843
6611,0.38276923197627843
6611,0.38276923197627843
6611,0.38276923197627843
6611,0.38276923197627843
6612,0.343408912897133
6612,0.343408912897133
6612,0.343408912897133
6612,0.343408912897133
6612,0.343408912897133
6613,0.33243907333004064
6613,0.33243907333004064
6613,0.33243907333004064
6613,0.33243907333004064
6613,0.33243907333004064
6614,0.3201153286495121
6614,0.3201153286495121
6614,0.3201153286495121
6614,0.3201153286495121
6614,0.3201153286495121
6615,0.3255147349210238
6615,0.3255147349210238
6615,0.3255147349210238
6615,0.3255147349210238
6615,0.3255147349210238
6616,0.32366918195366096
6616,0.32366918195366096
6616,0.32366918195366096
6616,0.32366918195366096
6616,0.32366918195366096
6617,0.34841914506612676
6617,0.34841914506612676
6617,0.34841914506612676
6617,0.34841914506612676
6617,0.34841914506612676
6618,0.35060469105700026
6618,0.35060469105700026
6618,0.35060469105700026
6618,0.35060469105700026
6618,0.35060469105700026
6619,0.36048893858165976
6619,0.36048893858165976
6619,0.36048893858165976
6619,0.36048893858165976
6619,0.36048893858165976
6620,0.38764681585470645
6620,0.38764681585470645
6620,0.38764681585470645
6620,0.38764681585470645
6620,0.38764681585470645
6621,0.40721913993824616
6621,0.40721913993824616
6621,0.40721913993824616
6621,0.40721913993824616
6621,0.40721913993824616
6622,0.41913479471660703
6622,0.41913479471660703
6622,0.41913479471660703
6622,0.41913479471660703
6622,0.41913479471660703
6623,0.41987296635075466
6623,0.41987296635075466
6623,0.41987296635075466
6623,0.41987296635075466
6623,0.41987296635075466
6624,16.3423754214783
6624,16.3423754214783
6624,16.3423754214783
6624,16.3423754214783
6624,16.3423754214783
6625,19.982574728551747
6625,19.982574728551747
6625,19.982574728551747
6625,19.982574728551747
6625,19.982574728551747
6626,35.937356261209196
6626,35.937356261209196
6626,35.937356261209196
6626,35.937356261209196
6626,35.937356261209196
6627,48.26213676240134
6627,48.26213676240134
6627,48.26213676240134
6627,48.26213676240134
6627,48.26213676240134
6628,36.0090309399859
6628,36.0090309399859
6628,36.0090309399859
6628,36.0090309399859
6628,36.0090309399859
6629,36.02909568006183
6629,36.02909568006183
6629,36.02909568006183
6629,36.02909568006183
6629,36.02909568006183
6630,36.00602635269594
6630,36.00602635269594
6630,36.00602635269594
6630,36.00602635269594
6630,36.00602635269594
6631,35.974560170630184
6631,35.974560170630184
6631,35.974560170630184
6631,35.974560170630184
6631,35.974560170630184
6632,32.35979762569055
6632,32.35979762569055
6632,32.35979762569055
6632,32.35979762569055
6632,32.35979762569055
6633,32.378887427685626
6633,32.378887427685626
6633,32.378887427685626
6633,32.378887427685626
6633,32.378887427685626
6634,20.009499568596432
6634,20.009499568596432
6634,20.009499568596432
6634,20.009499568596432
6634,20.009499568596432
6635,19.910124983686348
6635,19.910124983686348
6635,19.910124983686348
6635,19.910124983686348
6635,19.910124983686348
6636,19.892058604139827
6636,19.892058604139827
6636,19.892058604139827
6636,19.892058604139827
6636,19.892058604139827
6637,19.90747365673917
6637,19.90747365673917
6637,19.90747365673917
6637,19.90747365673917
6637,19.90747365673917
6638,35.851244384715734
6638,35.851244384715734
6638,35.851244384715734
6638,35.851244384715734
6638,35.851244384715734
6639,35.94893096513821
6639,35.94893096513821
6639,35.94893096513821
6639,35.94893096513821
6639,35.94893096513821
6640,52.039844171212394
6640,52.039844171212394
6640,52.039844171212394
6640,52.039844171212394
6640,52.039844171212394
6641,52.06939502655352
6641,52.06939502655352
6641,52.06939502655352
6641,52.06939502655352
6641,52.06939502655352
6642,52.022346135724796
6642,52.022346135724796
6642,52.022346135724796
6642,52.022346135724796
6642,52.022346135724796
6643,52.12135404429872
6643,52.12135404429872
6643,52.12135404429872
6643,52.12135404429872
6643,52.12135404429872
6644,52.06949182409475
6644,52.06949182409475
6644,52.06949182409475
6644,52.06949182409475
6644,52.06949182409475
6645,51.990860056317366
6645,51.990860056317366
6645,51.990860056317366
6645,51.990860056317366
6645,51.990860056317366
6646,35.929350937258754
6646,35.929350937258754
6646,35.929350937258754
6646,35.929350937258754
6646,35.929350937258754
6647,36.01501637156378
6647,36.01501637156378
6647,36.01501637156378
6647,36.01501637156378
6647,36.01501637156378
6648,36.07614003047585
6648,36.07614003047585
6648,36.07614003047585
6648,36.07614003047585
6648,36.07614003047585
6649,36.07358888835897
6649,36.07358888835897
6649,36.07358888835897
6649,36.07358888835897
6649,36.07358888835897
6650,36.0844864593908
6650,36.0844864593908
6650,36.0844864593908
6650,36.0844864593908
6650,36.0844864593908
6651,36.08036040275583
6651,36.08036040275583
6651,36.08036040275583
6651,36.08036040275583
6651,36.08036040275583
6652,39.65502003999055
6652,39.65502003999055
6652,39.65502003999055
6652,39.65502003999055
6652,39.65502003999055
6653,55.659408303185856
6653,55.659408303185856
6653,55.659408303185856
6653,55.659408303185856
6653,55.659408303185856
6654,55.62886256633273
6654,55.62886256633273
6654,55.62886256633273
6654,55.62886256633273
6654,55.62886256633273
6655,55.71369388525905
6655,55.71369388525905
6655,55.71369388525905
6655,55.71369388525905
6655,55.71369388525905
6656,55.6142290152079
6656,55.6142290152079
6656,55.6142290152079
6656,55.6142290152079
6656,55.6142290152079
6657,55.6199459393291
6657,55.6199459393291
6657,55.6199459393291
6657,55.6199459393291
6657,55.6199459393291
6658,52.03867330999136
6658,52.03867330999136
6658,52.03867330999136
6658,52.03867330999136
6658,52.03867330999136
6659,51.910799721610644
6659,51.910799721610644
6659,51.910799721610644
6659,51.910799721610644
6659,51.910799721610644
6660,51.89584264416801
6660,51.89584264416801
6660,51.89584264416801
6660,51.89584264416801
6660,51.89584264416801
6661,35.916197126518796
6661,35.916197126518796
6661,35.916197126518796
6661,35.916197126518796
6661,35.916197126518796
6662,51.859728268922616
6662,51.859728268922616
6662,51.859728268922616
6662,51.859728268922616
6662,51.859728268922616
6663,35.860605127097244
6663,35.860605127097244
6663,35.860605127097244
6663,35.860605127097244
6663,35.860605127097244
6664,35.8197230153379
6664,35.8197230153379
6664,35.8197230153379
6664,35.8197230153379
6664,35.8197230153379
6665,19.85323934323879
6665,19.85323934323879
6665,19.85323934323879
6665,19.85323934323879
6665,19.85323934323879
6666,0.36986384112184567
6666,0.36986384112184567
6666,0.36986384112184567
6666,0.36986384112184567
6666,0.36986384112184567
6667,0.46278879932224654
6667,0.46278879932224654
6667,0.46278879932224654
6667,0.46278879932224654
6667,0.46278879932224654
6668,16.422328960180426
6668,16.422328960180426
6668,16.422328960180426
6668,16.422328960180426
6668,16.422328960180426
6669,32.39264908608107
6669,32.39264908608107
6669,32.39264908608107
6669,32.39264908608107
6669,32.39264908608107
6670,32.402545547167264
6670,32.402545547167264
6670,32.402545547167264
6670,32.402545547167264
6670,32.402545547167264
6671,48.3162844821544
6671,48.3162844821544
6671,48.3162844821544
6671,48.3162844821544
6671,48.3162844821544
6672,48.30244183542614
6672,48.30244183542614
6672,48.30244183542614
6672,48.30244183542614
6672,48.30244183542614
6673,64.22499383333619
6673,64.22499383333619
6673,64.22499383333619
6673,64.22499383333619
6673,64.22499383333619
6674,51.88785743983836
6674,51.88785743983836
6674,51.88785743983836
6674,51.88785743983836
6674,51.88785743983836
6675,67.89436267906225
6675,67.89436267906225
6675,67.89436267906225
6675,67.89436267906225
6675,67.89436267906225
6676,67.91228944628166
6676,67.91228944628166
6676,67.91228944628166
6676,67.91228944628166
6676,67.91228944628166
6677,64.26097982385919
6677,64.26097982385919
6677,64.26097982385919
6677,64.26097982385919
6677,64.26097982385919
6678,67.85462314754861
6678,67.85462314754861
6678,67.85462314754861
6678,67.85462314754861
6678,67.85462314754861
6679,67.82108723069724
6679,67.82108723069724
6679,67.82108723069724
6679,67.82108723069724
6679,67.82108723069724
6680,67.94196583880132
6680,67.94196583880132
6680,67.94196583880132
6680,67.94196583880132
6680,67.94196583880132
6681,67.917567712234
6681,67.917567712234
6681,67.917567712234
6681,67.917567712234
6681,67.917567712234
6682,67.89603323827728
6682,67.89603323827728
6682,67.89603323827728
6682,67.89603323827728
6682,67.89603323827728
6683,67.86480981421089
6683,67.86480981421089
6683,67.86480981421089
6683,67.86480981421089
6683,67.86480981421089
6684,67.81283073044193
6684,67.81283073044193
6684,67.81283073044193
6684,67.81283073044193
6684,67.81283073044193
6685,48.258658625821816
6685,48.258658625821816
6685,48.258658625821816
6685,48.258658625821816
6685,48.258658625821816
6686,71.45153101023625
6686,71.45153101023625
6686,71.45153101023625
6686,71.45153101023625
6686,71.45153101023625
6687,67.846193023026
6687,67.846193023026
6687,67.846193023026
6687,67.846193023026
6687,67.846193023026
6688,35.95704472436812
6688,35.95704472436812
6688,35.95704472436812
6688,35.95704472436812
6688,35.95704472436812
6689,32.38793853663036
6689,32.38793853663036
6689,32.38793853663036
6689,32.38793853663036
6689,32.38793853663036
6690,16.383350878901574
6690,16.383350878901574
6690,16.383350878901574
6690,16.383350878901574
6690,16.383350878901574
6691,32.43538109766092
6691,32.43538109766092
6691,32.43538109766092
6691,32.43538109766092
6691,32.43538109766092
6692,32.401914640039436
6692,32.401914640039436
6692,32.401914640039436
6692,32.401914640039436
6692,32.401914640039436
6693,32.35021005089163
6693,32.35021005089163
6693,32.35021005089163
6693,32.35021005089163
6693,32.35021005089163
6694,32.259140608731954
6694,32.259140608731954
6694,32.259140608731954
6694,32.259140608731954
6694,32.259140608731954
6695,16.295256084266597
6695,16.295256084266597
6695,16.295256084266597
6695,16.295256084266597
6695,16.295256084266597
6696,16.272342440672553
6696,16.272342440672553
6696,16.272342440672553
6696,16.272342440672553
6696,16.272342440672553
6697,16.269054105058164
6697,16.269054105058164
6697,16.269054105058164
6697,16.269054105058164
6697,16.269054105058164
6698,0.36535139692382557
6698,0.36535139692382557
6698,0.36535139692382557
6698,0.36535139692382557
6698,0.36535139692382557
6699,0.3430124393589733
6699,0.3430124393589733
6699,0.3430124393589733
6699,0.3430124393589733
6699,0.3430124393589733
6700,16.247942426154825
6700,16.247942426154825
6700,16.247942426154825
6700,16.247942426154825
6700,16.247942426154825
6701,16.221664254116458
6701,16.221664254116458
6701,16.221664254116458
6701,16.221664254116458
6701,16.221664254116458
6702,16.23205009247269
6702,16.23205009247269
6702,16.23205009247269
6702,16.23205009247269
6702,16.23205009247269
6703,16.282347771702003
6703,16.282347771702003
6703,16.282347771702003
6703,16.282347771702003
6703,16.282347771702003
6704,16.34340154344355
6704,16.34340154344355
6704,16.34340154344355
6704,16.34340154344355
6704,16.34340154344355
6705,16.394699133324714
6705,16.394699133324714
6705,16.394699133324714
6705,16.394699133324714
6705,16.394699133324714
6706,32.34284894038788
6706,32.34284894038788
6706,32.34284894038788
6706,32.34284894038788
6706,32.34284894038788
6707,32.38909996526969
6707,32.38909996526969
6707,32.38909996526969
6707,32.38909996526969
6707,32.38909996526969
6708,32.3938834196825
6708,32.3938834196825
6708,32.3938834196825
6708,32.3938834196825
6708,32.3938834196825
6709,32.37438937052774
6709,32.37438937052774
6709,32.37438937052774
6709,32.37438937052774
6709,32.37438937052774
6710,32.36153640998178
6710,32.36153640998178
6710,32.36153640998178
6710,32.36153640998178
6710,32.36153640998178
6711,16.43597772170326
6711,16.43597772170326
6711,16.43597772170326
6711,16.43597772170326
6711,16.43597772170326
6712,16.398031875294084
6712,16.398031875294084
6712,16.398031875294084
6712,16.398031875294084
6712,16.398031875294084
6713,16.375072477938097
6713,16.375072477938097
6713,16.375072477938097
6713,16.375072477938097
6713,16.375072477938097
6714,32.31117417463845
6714,32.31117417463845
6714,32.31117417463845
6714,32.31117417463845
6714,32.31117417463845
6715,32.324832687325966
6715,32.324832687325966
6715,32.324832687325966
6715,32.324832687325966
6715,32.324832687325966
6716,32.32746458995378
6716,32.32746458995378
6716,32.32746458995378
6716,32.32746458995378
6716,32.32746458995378
6717,32.348492865489185
6717,32.348492865489185
6717,32.348492865489185
6717,32.348492865489185
6717,32.348492865489185
6718,16.376966067068842
6718,16.376966067068842
6718,16.376966067068842
6718,16.376966067068842
6718,16.376966067068842
6719,16.301228669904514
6719,16.301228669904514
6719,16.301228669904514
6719,16.301228669904514
6719,16.301228669904514
6720,0.29517154901890574
6720,0.29517154901890574
6720,0.29517154901890574
6720,0.29517154901890574
6720,0.29517154901890574
6721,16.286641472448657
6721,16.286641472448657
6721,16.286641472448657
6721,16.286641472448657
6721,16.286641472448657
6722,16.308605028527545
6722,16.308605028527545
6722,16.308605028527545
6722,16.308605028527545
6722,16.308605028527545
6723,16.30588186522698
6723,16.30588186522698
6723,16.30588186522698
6723,16.30588186522698
6723,16.30588186522698
6724,32.22125015358522
6724,32.22125015358522
6724,32.22125015358522
6724,32.22125015358522
6724,32.22125015358522
6725,32.24105841278977
6725,32.24105841278977
6725,32.24105841278977
6725,32.24105841278977
6725,32.24105841278977
6726,35.838497979998444
6726,35.838497979998444
6726,35.838497979998444
6726,35.838497979998444
6726,35.838497979998444
6727,35.922802064837946
6727,35.922802064837946
6727,35.922802064837946
6727,35.922802064837946
6727,35.922802064837946
6728,35.979056296156315
6728,35.979056296156315
6728,35.979056296156315
6728,35.979056296156315
6728,35.979056296156315
6729,35.99235331514507
6729,35.99235331514507
6729,35.99235331514507
6729,35.99235331514507
6729,35.99235331514507
6730,36.04599446706501
6730,36.04599446706501
6730,36.04599446706501
6730,36.04599446706501
6730,36.04599446706501
6731,36.042812266856664
6731,36.042812266856664
6731,36.042812266856664
6731,36.042812266856664
6731,36.042812266856664
6732,36.02673010174967
6732,36.02673010174967
6732,36.02673010174967
6732,36.02673010174967
6732,36.02673010174967
6733,52.02111947408082
6733,52.02111947408082
6733,52.02111947408082
6733,52.02111947408082
6733,52.02111947408082
6734,52.05647089398764
6734,52.05647089398764
6734,52.05647089398764
6734,52.05647089398764
6734,52.05647089398764
6735,36.098620295946574
6735,36.098620295946574
6735,36.098620295946574
6735,36.098620295946574
6735,36.098620295946574
6736,36.032685568527725
6736,36.032685568527725
6736,36.032685568527725
6736,36.032685568527725
6736,36.032685568527725
6737,35.87166743521239
6737,35.87166743521239
6737,35.87166743521239
6737,35.87166743521239
6737,35.87166743521239
6738,32.302524298161735
6738,32.302524298161735
6738,32.302524298161735
6738,32.302524298161735
6738,32.302524298161735
6739,32.39059465612304
6739,32.39059465612304
6739,32.39059465612304
6739,32.39059465612304
6739,32.39059465612304
6740,32.39713774842059
6740,32.39713774842059
6740,32.39713774842059
6740,32.39713774842059
6740,32.39713774842059
6741,32.40621678509653
6741,32.40621678509653
6741,32.40621678509653
6741,32.40621678509653
6741,32.40621678509653
6742,32.42774659855195
6742,32.42774659855195
6742,32.42774659855195
6742,32.42774659855195
6742,32.42774659855195
6743,48.3283192664059
6743,48.3283192664059
6743,48.3283192664059
6743,48.3283192664059
6743,48.3283192664059
6744,51.899448239240826
6744,51.899448239240826
6744,51.899448239240826
6744,51.899448239240826
6744,51.899448239240826
6745,51.925037822533184
6745,51.925037822533184
6745,51.925037822533184
6745,51.925037822533184
6745,51.925037822533184
6746,51.88447893752603
6746,51.88447893752603
6746,51.88447893752603
6746,51.88447893752603
6746,51.88447893752603
6747,51.81665571922387
6747,51.81665571922387
6747,51.81665571922387
6747,51.81665571922387
6747,51.81665571922387
6748,71.36090789748737
6748,71.36090789748737
6748,71.36090789748737
6748,71.36090789748737
6748,71.36090789748737
6749,55.45355765714767
6749,55.45355765714767
6749,55.45355765714767
6749,55.45355765714767
6749,55.45355765714767
6750,55.53265755698544
6750,55.53265755698544
6750,55.53265755698544
6750,55.53265755698544
6750,55.53265755698544
6751,51.953165358331674
6751,51.953165358331674
6751,51.953165358331674
6751,51.953165358331674
6751,51.953165358331674
6752,51.98515988059586
6752,51.98515988059586
6752,51.98515988059586
6752,51.98515988059586
6752,51.98515988059586
6753,67.9453013527035
6753,67.9453013527035
6753,67.9453013527035
6753,67.9453013527035
6753,67.9453013527035
6754,71.54961914206159
6754,71.54961914206159
6754,71.54961914206159
6754,71.54961914206159
6754,71.54961914206159
6755,71.58705585688998
6755,71.58705585688998
6755,71.58705585688998
6755,71.58705585688998
6755,71.58705585688998
6756,71.6108698551853
6756,71.6108698551853
6756,71.6108698551853
6756,71.6108698551853
6756,71.6108698551853
6757,75.20125790696429
6757,75.20125790696429
6757,75.20125790696429
6757,75.20125790696429
6757,75.20125790696429
6758,71.58667436608826
6758,71.58667436608826
6758,71.58667436608826
6758,71.58667436608826
6758,71.58667436608826
6759,71.60560313777293
6759,71.60560313777293
6759,71.60560313777293
6759,71.60560313777293
6759,71.60560313777293
6760,71.46253554710766
6760,71.46253554710766
6760,71.46253554710766
6760,71.46253554710766
6760,71.46253554710766
6761,55.57960493541985
6761,55.57960493541985
6761,55.57960493541985
6761,55.57960493541985
6761,55.57960493541985
6762,55.58973247955881
6762,55.58973247955881
6762,55.58973247955881
6762,55.58973247955881
6762,55.58973247955881
6763,55.62743743846069
6763,55.62743743846069
6763,55.62743743846069
6763,55.62743743846069
6763,55.62743743846069
6764,55.61619563762463
6764,55.61619563762463
6764,55.61619563762463
6764,55.61619563762463
6764,55.61619563762463
6765,55.61427179388189
6765,55.61427179388189
6765,55.61427179388189
6765,55.61427179388189
6765,55.61427179388189
6766,55.61483319204215
6766,55.61483319204215
6766,55.61483319204215
6766,55.61483319204215
6766,55.61483319204215
6767,71.55812339102627
6767,71.55812339102627
6767,71.55812339102627
6767,71.55812339102627
6767,71.55812339102627
6768,71.55494273927971
6768,71.55494273927971
6768,71.55494273927971
6768,71.55494273927971
6768,71.55494273927971
6769,71.57046049414771
6769,71.57046049414771
6769,71.57046049414771
6769,71.57046049414771
6769,71.57046049414771
6770,71.60339328928323
6770,71.60339328928323
6770,71.60339328928323
6770,71.60339328928323
6770,71.60339328928323
6771,68.10366103419568
6771,68.10366103419568
6771,68.10366103419568
6771,68.10366103419568
6771,68.10366103419568
6772,68.05666170821641
6772,68.05666170821641
6772,68.05666170821641
6772,68.05666170821641
6772,68.05666170821641
6773,71.63825683404937
6773,71.63825683404937
6773,71.63825683404937
6773,71.63825683404937
6773,71.63825683404937
6774,71.63371928396244
6774,71.63371928396244
6774,71.63371928396244
6774,71.63371928396244
6774,71.63371928396244
6775,71.64675380024043
6775,71.64675380024043
6775,71.64675380024043
6775,71.64675380024043
6775,71.64675380024043
6776,91.11282426304284
6776,91.11282426304284
6776,91.11282426304284
6776,91.11282426304284
6776,91.11282426304284
6777,91.13849399023705
6777,91.13849399023705
6777,91.13849399023705
6777,91.13849399023705
6777,91.13849399023705
6778,91.2758140389624
6778,91.2758140389624
6778,91.2758140389624
6778,91.2758140389624
6778,91.2758140389624
6779,87.66987257356448
6779,87.66987257356448
6779,87.66987257356448
6779,87.66987257356448
6779,87.66987257356448
6780,87.60567205264894
6780,87.60567205264894
6780,87.60567205264894
6780,87.60567205264894
6780,87.60567205264894
6781,91.15936223286445
6781,91.15936223286445
6781,91.15936223286445
6781,91.15936223286445
6781,91.15936223286445
6782,94.7468571933626
6782,94.7468571933626
6782,94.7468571933626
6782,94.7468571933626
6782,94.7468571933626
6783,94.6576156033291
6783,94.6576156033291
6783,94.6576156033291
6783,94.6576156033291
6783,94.6576156033291
6784,94.61809447790651
6784,94.61809447790651
6784,94.61809447790651
6784,94.61809447790651
6784,94.61809447790651
6785,91.20887053067679
6785,91.20887053067679
6785,91.20887053067679
6785,91.20887053067679
6785,91.20887053067679
6786,75.35373835857459
6786,75.35373835857459
6786,75.35373835857459
6786,75.35373835857459
6786,75.35373835857459
6787,75.27443205642642
6787,75.27443205642642
6787,75.27443205642642
6787,75.27443205642642
6787,75.27443205642642
6788,75.19045907550179
6788,75.19045907550179
6788,75.19045907550179
6788,75.19045907550179
6788,75.19045907550179
6789,67.9383741702639
6789,67.9383741702639
6789,67.9383741702639
6789,67.9383741702639
6789,67.9383741702639
6790,52.012044674267564
6790,52.012044674267564
6790,52.012044674267564
6790,52.012044674267564
6790,52.012044674267564
6791,55.633190068424426
6791,55.633190068424426
6791,55.633190068424426
6791,55.633190068424426
6791,55.633190068424426
6792,55.64090188106095
6792,55.64090188106095
6792,55.64090188106095
6792,55.64090188106095
6792,55.64090188106095
6793,36.00442457795785
6793,36.00442457795785
6793,36.00442457795785
6793,36.00442457795785
6793,36.00442457795785
6794,35.93443394549009
6794,35.93443394549009
6794,35.93443394549009
6794,35.93443394549009
6794,35.93443394549009
6795,35.90893832773672
6795,35.90893832773672
6795,35.90893832773672
6795,35.90893832773672
6795,35.90893832773672
6796,39.56394520538582
6796,39.56394520538582
6796,39.56394520538582
6796,39.56394520538582
6796,39.56394520538582
6797,36.018504224206
6797,36.018504224206
6797,36.018504224206
6797,36.018504224206
6797,36.018504224206
6798,36.04816489149198
6798,36.04816489149198
6798,36.04816489149198
6798,36.04816489149198
6798,36.04816489149198
6799,52.00966146969428
6799,52.00966146969428
6799,52.00966146969428
6799,52.00966146969428
6799,52.00966146969428
6800,52.06531284103411
6800,52.06531284103411
6800,52.06531284103411
6800,52.06531284103411
6800,52.06531284103411
6801,55.65073047551165
6801,55.65073047551165
6801,55.65073047551165
6801,55.65073047551165
6801,55.65073047551165
6802,71.57292307511753
6802,71.57292307511753
6802,71.57292307511753
6802,71.57292307511753
6802,71.57292307511753
6803,71.53223478538374
6803,71.53223478538374
6803,71.53223478538374
6803,71.53223478538374
6803,71.53223478538374
6804,75.20097888949296
6804,75.20097888949296
6804,75.20097888949296
6804,75.20097888949296
6804,75.20097888949296
6805,59.133002148138964
6805,59.133002148138964
6805,59.133002148138964
6805,59.133002148138964
6805,59.133002148138964
6806,59.161047383392635
6806,59.161047383392635
6806,59.161047383392635
6806,59.161047383392635
6806,59.161047383392635
6807,71.61605865756249
6807,71.61605865756249
6807,71.61605865756249
6807,71.61605865756249
6807,71.61605865756249
6808,71.6731596487638
6808,71.6731596487638
6808,71.6731596487638
6808,71.6731596487638
6808,71.6731596487638
6809,71.72438939705225
6809,71.72438939705225
6809,71.72438939705225
6809,71.72438939705225
6809,71.72438939705225
6810,68.05257408630189
6810,68.05257408630189
6810,68.05257408630189
6810,68.05257408630189
6810,68.05257408630189
6811,68.0108728756102
6811,68.0108728756102
6811,68.0108728756102
6811,68.0108728756102
6811,68.0108728756102
6812,67.99287627388583
6812,67.99287627388583
6812,67.99287627388583
6812,67.99287627388583
6812,67.99287627388583
6813,48.44058806289466
6813,48.44058806289466
6813,48.44058806289466
6813,48.44058806289466
6813,48.44058806289466
6814,64.44970452747984
6814,64.44970452747984
6814,64.44970452747984
6814,64.44970452747984
6814,64.44970452747984
6815,80.45076785408693
6815,80.45076785408693
6815,80.45076785408693
6815,80.45076785408693
6815,80.45076785408693
6816,64.57475837067636
6816,64.57475837067636
6816,64.57475837067636
6816,64.57475837067636
6816,64.57475837067636
6817,68.2166776842751
6817,68.2166776842751
6817,68.2166776842751
6817,68.2166776842751
6817,68.2166776842751
6818,68.15020619008214
6818,68.15020619008214
6818,68.15020619008214
6818,68.15020619008214
6818,68.15020619008214
6819,52.079392008950606
6819,52.079392008950606
6819,52.079392008950606
6819,52.079392008950606
6819,52.079392008950606
6820,55.75261737468886
6820,55.75261737468886
6820,55.75261737468886
6820,55.75261737468886
6820,55.75261737468886
6821,55.66767725206241
6821,55.66767725206241
6821,55.66767725206241
6821,55.66767725206241
6821,55.66767725206241
6822,48.461186361695674
6822,48.461186361695674
6822,48.461186361695674
6822,48.461186361695674
6822,48.461186361695674
6823,51.97565516594197
6823,51.97565516594197
6823,51.97565516594197
6823,51.97565516594197
6823,51.97565516594197
6824,51.972949696246204
6824,51.972949696246204
6824,51.972949696246204
6824,51.972949696246204
6824,51.972949696246204
6825,51.97704939915157
6825,51.97704939915157
6825,51.97704939915157
6825,51.97704939915157
6825,51.97704939915157
6826,35.958056092747896
6826,35.958056092747896
6826,35.958056092747896
6826,35.958056092747896
6826,35.958056092747896
6827,35.97585246531241
6827,35.97585246531241
6827,35.97585246531241
6827,35.97585246531241
6827,35.97585246531241
6828,35.99876856574835
6828,35.99876856574835
6828,35.99876856574835
6828,35.99876856574835
6828,35.99876856574835
6829,51.93300889218771
6829,51.93300889218771
6829,51.93300889218771
6829,51.93300889218771
6829,51.93300889218771
6830,51.90009232703686
6830,51.90009232703686
6830,51.90009232703686
6830,51.90009232703686
6830,51.90009232703686
6831,51.99547133841031
6831,51.99547133841031
6831,51.99547133841031
6831,51.99547133841031
6831,51.99547133841031
6832,55.63636396889645
6832,55.63636396889645
6832,55.63636396889645
6832,55.63636396889645
6832,55.63636396889645
6833,71.62588065429334
6833,71.62588065429334
6833,71.62588065429334
6833,71.62588065429334
6833,71.62588065429334
6834,71.68500844005443
6834,71.68500844005443
6834,71.68500844005443
6834,71.68500844005443
6834,71.68500844005443
6835,68.12256286454728
6835,68.12256286454728
6835,68.12256286454728
6835,68.12256286454728
6835,68.12256286454728
6836,68.07171610801484
6836,68.07171610801484
6836,68.07171610801484
6836,68.07171610801484
6836,68.07171610801484
6837,68.06979163983195
6837,68.06979163983195
6837,68.06979163983195
6837,68.06979163983195
6837,68.06979163983195
6838,68.05490956488329
6838,68.05490956488329
6838,68.05490956488329
6838,68.05490956488329
6838,68.05490956488329
6839,71.65826964172743
6839,71.65826964172743
6839,71.65826964172743
6839,71.65826964172743
6839,71.65826964172743
6840,55.759198920355836
6840,55.759198920355836
6840,55.759198920355836
6840,55.759198920355836
6840,55.759198920355836
6841,55.71517767171398
6841,55.71517767171398
6841,55.71517767171398
6841,55.71517767171398
6841,55.71517767171398
6842,52.166900757011874
6842,52.166900757011874
6842,52.166900757011874
6842,52.166900757011874
6842,52.166900757011874
6843,68.07367550707885
6843,68.07367550707885
6843,68.07367550707885
6843,68.07367550707885
6843,68.07367550707885
6844,52.102231978757004
6844,52.102231978757004
6844,52.102231978757004
6844,52.102231978757004
6844,52.102231978757004
6845,52.114535155652995
6845,52.114535155652995
6845,52.114535155652995
6845,52.114535155652995
6845,52.114535155652995
6846,52.10554267851065
6846,52.10554267851065
6846,52.10554267851065
6846,52.10554267851065
6846,52.10554267851065
6847,52.11086647285632
6847,52.11086647285632
6847,52.11086647285632
6847,52.11086647285632
6847,52.11086647285632
6848,52.065510888428136
6848,52.065510888428136
6848,52.065510888428136
6848,52.065510888428136
6848,52.065510888428136
6849,52.077634926658575
6849,52.077634926658575
6849,52.077634926658575
6849,52.077634926658575
6849,52.077634926658575
6850,52.11694679676235
6850,52.11694679676235
6850,52.11694679676235
6850,52.11694679676235
6850,52.11694679676235
6851,68.05397737146416
6851,68.05397737146416
6851,68.05397737146416
6851,68.05397737146416
6851,68.05397737146416
6852,71.68781542354874
6852,71.68781542354874
6852,71.68781542354874
6852,71.68781542354874
6852,71.68781542354874
6853,71.6971756529153
6853,71.6971756529153
6853,71.6971756529153
6853,71.6971756529153
6853,71.6971756529153
6854,71.73611916697911
6854,71.73611916697911
6854,71.73611916697911
6854,71.73611916697911
6854,71.73611916697911
6855,71.66760194839887
6855,71.66760194839887
6855,71.66760194839887
6855,71.66760194839887
6855,71.66760194839887
6856,71.59962890405151
6856,71.59962890405151
6856,71.59962890405151
6856,71.59962890405151
6856,71.59962890405151
6857,71.53495106139135
6857,71.53495106139135
6857,71.53495106139135
6857,71.53495106139135
6857,71.53495106139135
6858,71.6327334752895
6858,71.6327334752895
6858,71.6327334752895
6858,71.6327334752895
6858,71.6327334752895
6859,71.6446682484483
6859,71.6446682484483
6859,71.6446682484483
6859,71.6446682484483
6859,71.6446682484483
6860,75.24172788631883
6860,75.24172788631883
6860,75.24172788631883
6860,75.24172788631883
6860,75.24172788631883
6861,75.24705164049462
6861,75.24705164049462
6861,75.24705164049462
6861,75.24705164049462
6861,75.24705164049462
6862,94.77449470114053
6862,94.77449470114053
6862,94.77449470114053
6862,94.77449470114053
6862,94.77449470114053
6863,87.59550688371009
6863,87.59550688371009
6863,87.59550688371009
6863,87.59550688371009
6863,87.59550688371009
6864,84.00189708787103
6864,84.00189708787103
6864,84.00189708787103
6864,84.00189708787103
6864,84.00189708787103
6865,84.01682817214946
6865,84.01682817214946
6865,84.01682817214946
6865,84.01682817214946
6865,84.01682817214946
6866,68.03836066964197
6866,68.03836066964197
6866,68.03836066964197
6866,68.03836066964197
6866,68.03836066964197
6867,75.28745492178133
6867,75.28745492178133
6867,75.28745492178133
6867,75.28745492178133
6867,75.28745492178133
6868,71.72537959356404
6868,71.72537959356404
6868,71.72537959356404
6868,71.72537959356404
6868,71.72537959356404
6869,71.6279554631546
6869,71.6279554631546
6869,71.6279554631546
6869,71.6279554631546
6869,71.6279554631546
6870,75.36513379899
6870,75.36513379899
6870,75.36513379899
6870,75.36513379899
6870,75.36513379899
6871,71.64308296045023
6871,71.64308296045023
6871,71.64308296045023
6871,71.64308296045023
6871,71.64308296045023
6872,71.64337891970754
6872,71.64337891970754
6872,71.64337891970754
6872,71.64337891970754
6872,71.64337891970754
6873,71.58405305229323
6873,71.58405305229323
6873,71.58405305229323
6873,71.58405305229323
6873,71.58405305229323
6874,71.57582696863919
6874,71.57582696863919
6874,71.57582696863919
6874,71.57582696863919
6874,71.57582696863919
6875,75.2812710432566
6875,75.2812710432566
6875,75.2812710432566
6875,75.2812710432566
6875,75.2812710432566
6876,75.30584363350711
6876,75.30584363350711
6876,75.30584363350711
6876,75.30584363350711
6876,75.30584363350711
6877,71.67992822833396
6877,71.67992822833396
6877,71.67992822833396
6877,71.67992822833396
6877,71.67992822833396
6878,55.693716771000574
6878,55.693716771000574
6878,55.693716771000574
6878,55.693716771000574
6878,55.693716771000574
6879,55.70579841601059
6879,55.70579841601059
6879,55.70579841601059
6879,55.70579841601059
6879,55.70579841601059
6880,55.69518483882875
6880,55.69518483882875
6880,55.69518483882875
6880,55.69518483882875
6880,55.69518483882875
6881,52.13608075876748
6881,52.13608075876748
6881,52.13608075876748
6881,52.13608075876748
6881,52.13608075876748
6882,52.16406588661746
6882,52.16406588661746
6882,52.16406588661746
6882,52.16406588661746
6882,52.16406588661746
6883,55.58610016973353
6883,55.58610016973353
6883,55.58610016973353
6883,55.58610016973353
6883,55.58610016973353
6884,55.65842661786068
6884,55.65842661786068
6884,55.65842661786068
6884,55.65842661786068
6884,55.65842661786068
6885,39.69369693727842
6885,39.69369693727842
6885,39.69369693727842
6885,39.69369693727842
6885,39.69369693727842
6886,39.724043639717166
6886,39.724043639717166
6886,39.724043639717166
6886,39.724043639717166
6886,39.724043639717166
6887,52.04982581185908
6887,52.04982581185908
6887,52.04982581185908
6887,52.04982581185908
6887,52.04982581185908
6888,51.95875643565129
6888,51.95875643565129
6888,51.95875643565129
6888,51.95875643565129
6888,51.95875643565129
6889,36.00988114591148
6889,36.00988114591148
6889,36.00988114591148
6889,36.00988114591148
6889,36.00988114591148
6890,32.37093645492341
6890,32.37093645492341
6890,32.37093645492341
6890,32.37093645492341
6890,32.37093645492341
6891,32.33681416903395
6891,32.33681416903395
6891,32.33681416903395
6891,32.33681416903395
6891,32.33681416903395
6892,32.33643866493576
6892,32.33643866493576
6892,32.33643866493576
6892,32.33643866493576
6892,32.33643866493576
6893,32.328973702539365
6893,32.328973702539365
6893,32.328973702539365
6893,32.328973702539365
6893,32.328973702539365
6894,32.28094516062434
6894,32.28094516062434
6894,32.28094516062434
6894,32.28094516062434
6894,32.28094516062434
6895,32.2643288968375
6895,32.2643288968375
6895,32.2643288968375
6895,32.2643288968375
6895,32.2643288968375
6896,35.8512178723457
6896,35.8512178723457
6896,35.8512178723457
6896,35.8512178723457
6896,35.8512178723457
6897,35.86141624253045
6897,35.86141624253045
6897,35.86141624253045
6897,35.86141624253045
6897,35.86141624253045
6898,32.30567110061848
6898,32.30567110061848
6898,32.30567110061848
6898,32.30567110061848
6898,32.30567110061848
6899,32.398402560133
6899,32.398402560133
6899,32.398402560133
6899,32.398402560133
6899,32.398402560133
6900,32.50981923660653
6900,32.50981923660653
6900,32.50981923660653
6900,32.50981923660653
6900,32.50981923660653
6901,48.490874865210415
6901,48.490874865210415
6901,48.490874865210415
6901,48.490874865210415
6901,48.490874865210415
6902,52.070179555471476
6902,52.070179555471476
6902,52.070179555471476
6902,52.070179555471476
6902,52.070179555471476
6903,67.85603554103515
6903,67.85603554103515
6903,67.85603554103515
6903,67.85603554103515
6903,67.85603554103515
6904,71.48048990292088
6904,71.48048990292088
6904,71.48048990292088
6904,71.48048990292088
6904,71.48048990292088
6905,55.56168220623696
6905,55.56168220623696
6905,55.56168220623696
6905,55.56168220623696
6905,55.56168220623696
6906,55.579718966432736
6906,55.579718966432736
6906,55.579718966432736
6906,55.579718966432736
6906,55.579718966432736
6907,71.57428578676638
6907,71.57428578676638
6907,71.57428578676638
6907,71.57428578676638
6907,71.57428578676638
6908,71.59641512759563
6908,71.59641512759563
6908,71.59641512759563
6908,71.59641512759563
6908,71.59641512759563
6909,71.77437420334914
6909,71.77437420334914
6909,71.77437420334914
6909,71.77437420334914
6909,71.77437420334914
6910,71.76466979055557
6910,71.76466979055557
6910,71.76466979055557
6910,71.76466979055557
6910,71.76466979055557
6911,71.80532819060093
6911,71.80532819060093
6911,71.80532819060093
6911,71.80532819060093
6911,71.80532819060093
6912,68.05507556528849
6912,68.05507556528849
6912,68.05507556528849
6912,68.05507556528849
6912,68.05507556528849
6913,68.02697620869094
6913,68.02697620869094
6913,68.02697620869094
6913,68.02697620869094
6913,68.02697620869094
6914,68.00227423732956
6914,68.00227423732956
6914,68.00227423732956
6914,68.00227423732956
6914,68.00227423732956
6915,68.02908618987762
6915,68.02908618987762
6915,68.02908618987762
6915,68.02908618987762
6915,68.02908618987762
6916,68.04803808751977
6916,68.04803808751977
6916,68.04803808751977
6916,68.04803808751977
6916,68.04803808751977
6917,51.99195470194172
6917,51.99195470194172
6917,51.99195470194172
6917,51.99195470194172
6917,51.99195470194172
6918,67.97424058775958
6918,67.97424058775958
6918,67.97424058775958
6918,67.97424058775958
6918,67.97424058775958
6919,68.02163928599735
6919,68.02163928599735
6919,68.02163928599735
6919,68.02163928599735
6919,68.02163928599735
6920,68.006431789719
6920,68.006431789719
6920,68.006431789719
6920,68.006431789719
6920,68.006431789719
6921,52.09291131563324
6921,52.09291131563324
6921,52.09291131563324
6921,52.09291131563324
6921,52.09291131563324
6922,52.08720235102112
6922,52.08720235102112
6922,52.08720235102112
6922,52.08720235102112
6922,52.08720235102112
6923,55.62065506780382
6923,55.62065506780382
6923,55.62065506780382
6923,55.62065506780382
6923,55.62065506780382
6924,55.54598982852438
6924,55.54598982852438
6924,55.54598982852438
6924,55.54598982852438
6924,55.54598982852438
6925,39.61940172342167
6925,39.61940172342167
6925,39.61940172342167
6925,39.61940172342167
6925,39.61940172342167
6926,39.579760778091455
6926,39.579760778091455
6926,39.579760778091455
6926,39.579760778091455
6926,39.579760778091455
6927,39.56416868893341
6927,39.56416868893341
6927,39.56416868893341
6927,39.56416868893341
6927,39.56416868893341
6928,39.65909933853912
6928,39.65909933853912
6928,39.65909933853912
6928,39.65909933853912
6928,39.65909933853912
6929,39.72509870412685
6929,39.72509870412685
6929,39.72509870412685
6929,39.72509870412685
6929,39.72509870412685
6930,39.78118139499064
6930,39.78118139499064
6930,39.78118139499064
6930,39.78118139499064
6930,39.78118139499064
6931,36.18876653232989
6931,36.18876653232989
6931,36.18876653232989
6931,36.18876653232989
6931,36.18876653232989
6932,52.1050215573462
6932,52.1050215573462
6932,52.1050215573462
6932,52.1050215573462
6932,52.1050215573462
6933,55.7570738338733
6933,55.7570738338733
6933,55.7570738338733
6933,55.7570738338733
6933,55.7570738338733
6934,55.84139369908128
6934,55.84139369908128
6934,55.84139369908128
6934,55.84139369908128
6934,55.84139369908128
6935,55.73027308828048
6935,55.73027308828048
6935,55.73027308828048
6935,55.73027308828048
6935,55.73027308828048
6936,55.72834177856887
6936,55.72834177856887
6936,55.72834177856887
6936,55.72834177856887
6936,55.72834177856887
6937,52.12657485741171
6937,52.12657485741171
6937,52.12657485741171
6937,52.12657485741171
6937,52.12657485741171
6938,55.73604814224251
6938,55.73604814224251
6938,55.73604814224251
6938,55.73604814224251
6938,55.73604814224251
6939,51.982504363281365
6939,51.982504363281365
6939,51.982504363281365
6939,51.982504363281365
6939,51.982504363281365
6940,51.99471046337425
6940,51.99471046337425
6940,51.99471046337425
6940,51.99471046337425
6940,51.99471046337425
6941,39.64232321811807
6941,39.64232321811807
6941,39.64232321811807
6941,39.64232321811807
6941,39.64232321811807
6942,39.55196952783961
6942,39.55196952783961
6942,39.55196952783961
6942,39.55196952783961
6942,39.55196952783961
6943,39.6161103231859
6943,39.6161103231859
6943,39.6161103231859
6943,39.6161103231859
6943,39.6161103231859
6944,39.626653760578776
6944,39.626653760578776
6944,39.626653760578776
6944,39.626653760578776
6944,39.626653760578776
6945,36.02693261198526
6945,36.02693261198526
6945,36.02693261198526
6945,36.02693261198526
6945,36.02693261198526
6946,36.00725183514879
6946,36.00725183514879
6946,36.00725183514879
6946,36.00725183514879
6946,36.00725183514879
6947,36.03037715856053
6947,36.03037715856053
6947,36.03037715856053
6947,36.03037715856053
6947,36.03037715856053
6948,51.991951520094766
6948,51.991951520094766
6948,51.991951520094766
6948,51.991951520094766
6948,51.991951520094766
6949,36.05337339941561
6949,36.05337339941561
6949,36.05337339941561
6949,36.05337339941561
6949,36.05337339941561
6950,51.978360068566325
6950,51.978360068566325
6950,51.978360068566325
6950,51.978360068566325
6950,51.978360068566325
6951,51.99744564679354
6951,51.99744564679354
6951,51.99744564679354
6951,51.99744564679354
6951,51.99744564679354
6952,51.976207303047545
6952,51.976207303047545
6952,51.976207303047545
6952,51.976207303047545
6952,51.976207303047545
6953,55.62478125580634
6953,55.62478125580634
6953,55.62478125580634
6953,55.62478125580634
6953,55.62478125580634
6954,71.51097153892887
6954,71.51097153892887
6954,71.51097153892887
6954,71.51097153892887
6954,71.51097153892887
6955,71.49431301731802
6955,71.49431301731802
6955,71.49431301731802
6955,71.49431301731802
6955,71.49431301731802
6956,71.47191370038256
6956,71.47191370038256
6956,71.47191370038256
6956,71.47191370038256
6956,71.47191370038256
6957,71.56723553482303
6957,71.56723553482303
6957,71.56723553482303
6957,71.56723553482303
6957,71.56723553482303
6958,71.56533514392783
6958,71.56533514392783
6958,71.56533514392783
6958,71.56533514392783
6958,71.56533514392783
6959,71.51738114991323
6959,71.51738114991323
6959,71.51738114991323
6959,71.51738114991323
6959,71.51738114991323
6960,71.51882927642558
6960,71.51882927642558
6960,71.51882927642558
6960,71.51882927642558
6960,71.51882927642558
6961,55.47687671757099
6961,55.47687671757099
6961,55.47687671757099
6961,55.47687671757099
6961,55.47687671757099
6962,55.450392454106364
6962,55.450392454106364
6962,55.450392454106364
6962,55.450392454106364
6962,55.450392454106364
6963,55.37803678847725
6963,55.37803678847725
6963,55.37803678847725
6963,55.37803678847725
6963,55.37803678847725
6964,59.088803996334136
6964,59.088803996334136
6964,59.088803996334136
6964,59.088803996334136
6964,59.088803996334136
6965,55.51366923661093
6965,55.51366923661093
6965,55.51366923661093
6965,55.51366923661093
6965,55.51366923661093
6966,55.56369652819457
6966,55.56369652819457
6966,55.56369652819457
6966,55.56369652819457
6966,55.56369652819457
6967,55.565385982167506
6967,55.565385982167506
6967,55.565385982167506
6967,55.565385982167506
6967,55.565385982167506
6968,55.61260377135551
6968,55.61260377135551
6968,55.61260377135551
6968,55.61260377135551
6968,55.61260377135551
6969,71.60013715472783
6969,71.60013715472783
6969,71.60013715472783
6969,71.60013715472783
6969,71.60013715472783
6970,71.5205392534765
6970,71.5205392534765
6970,71.5205392534765
6970,71.5205392534765
6970,71.5205392534765
6971,55.63828167571923
6971,55.63828167571923
6971,55.63828167571923
6971,55.63828167571923
6971,55.63828167571923
6972,39.64127692396612
6972,39.64127692396612
6972,39.64127692396612
6972,39.64127692396612
6972,39.64127692396612
6973,39.632889667847984
6973,39.632889667847984
6973,39.632889667847984
6973,39.632889667847984
6973,39.632889667847984
6974,39.62507083973484
6974,39.62507083973484
6974,39.62507083973484
6974,39.62507083973484
6974,39.62507083973484
6975,55.4528199878233
6975,55.4528199878233
6975,55.4528199878233
6975,55.4528199878233
6975,55.4528199878233
6976,55.52537130731154
6976,55.52537130731154
6976,55.52537130731154
6976,55.52537130731154
6976,55.52537130731154
6977,71.56263223205003
6977,71.56263223205003
6977,71.56263223205003
6977,71.56263223205003
6977,71.56263223205003
6978,71.56451399773128
6978,71.56451399773128
6978,71.56451399773128
6978,71.56451399773128
6978,71.56451399773128
6979,71.51321871982108
6979,71.51321871982108
6979,71.51321871982108
6979,71.51321871982108
6979,71.51321871982108
6980,83.93330180055986
6980,83.93330180055986
6980,83.93330180055986
6980,83.93330180055986
6980,83.93330180055986
6981,83.95755194552102
6981,83.95755194552102
6981,83.95755194552102
6981,83.95755194552102
6981,83.95755194552102
6982,64.37702514268152
6982,64.37702514268152
6982,64.37702514268152
6982,64.37702514268152
6982,64.37702514268152
6983,48.4340297128863
6983,48.4340297128863
6983,48.4340297128863
6983,48.4340297128863
6983,48.4340297128863
6984,48.390923116493624
6984,48.390923116493624
6984,48.390923116493624
6984,48.390923116493624
6984,48.390923116493624
6985,55.615060163370266
6985,55.615060163370266
6985,55.615060163370266
6985,55.615060163370266
6985,55.615060163370266
6986,75.19816801141022
6986,75.19816801141022
6986,75.19816801141022
6986,75.19816801141022
6986,75.19816801141022
6987,78.8024483263291
6987,78.8024483263291
6987,78.8024483263291
6987,78.8024483263291
6987,78.8024483263291
6988,78.84052450821312
6988,78.84052450821312
6988,78.84052450821312
6988,78.84052450821312
6988,78.84052450821312
6989,94.79322064869272
6989,94.79322064869272
6989,94.79322064869272
6989,94.79322064869272
6989,94.79322064869272
6990,94.76849461428088
6990,94.76849461428088
6990,94.76849461428088
6990,94.76849461428088
6990,94.76849461428088
6991,94.8077409473449
6991,94.8077409473449
6991,94.8077409473449
6991,94.8077409473449
6991,94.8077409473449
6992,94.8000558438773
6992,94.8000558438773
6992,94.8000558438773
6992,94.8000558438773
6992,94.8000558438773
6993,91.17641207959407
6993,91.17641207959407
6993,91.17641207959407
6993,91.17641207959407
6993,91.17641207959407
6994,91.17070557691608
6994,91.17070557691608
6994,91.17070557691608
6994,91.17070557691608
6994,91.17070557691608
6995,91.07070443715509
6995,91.07070443715509
6995,91.07070443715509
6995,91.07070443715509
6995,91.07070443715509
6996,83.80706559181763
6996,83.80706559181763
6996,83.80706559181763
6996,83.80706559181763
6996,83.80706559181763
6997,71.50257611840246
6997,71.50257611840246
6997,71.50257611840246
6997,71.50257611840246
6997,71.50257611840246
6998,71.56272931429524
6998,71.56272931429524
6998,71.56272931429524
6998,71.56272931429524
6998,71.56272931429524
6999,71.61580786849032
6999,71.61580786849032
6999,71.61580786849032
6999,71.61580786849032
6999,71.61580786849032
7000,71.58922161577252
7000,71.58922161577252
7000,71.58922161577252
7000,71.58922161577252
7000,71.58922161577252
7001,71.63243455359137
7001,71.63243455359137
7001,71.63243455359137
7001,71.63243455359137
7001,71.63243455359137
7002,67.90836507806027
7002,67.90836507806027
7002,67.90836507806027
7002,67.90836507806027
7002,67.90836507806027
7003,71.47807803017876
7003,71.47807803017876
7003,71.47807803017876
7003,71.47807803017876
7003,71.47807803017876
7004,71.55509344221782
7004,71.55509344221782
7004,71.55509344221782
7004,71.55509344221782
7004,71.55509344221782
7005,71.60735540467755
7005,71.60735540467755
7005,71.60735540467755
7005,71.60735540467755
7005,71.60735540467755
7006,71.5841747635402
7006,71.5841747635402
7006,71.5841747635402
7006,71.5841747635402
7006,71.5841747635402
7007,75.21356247318914
7007,75.21356247318914
7007,75.21356247318914
7007,75.21356247318914
7007,75.21356247318914
7008,75.24824988706858
7008,75.24824988706858
7008,75.24824988706858
7008,75.24824988706858
7008,75.24824988706858
7009,59.19408386675614
7009,59.19408386675614
7009,59.19408386675614
7009,59.19408386675614
7009,59.19408386675614
7010,59.27915743492588
7010,59.27915743492588
7010,59.27915743492588
7010,59.27915743492588
7010,59.27915743492588
7011,59.30071197319059
7011,59.30071197319059
7011,59.30071197319059
7011,59.30071197319059
7011,59.30071197319059
7012,59.238182607000525
7012,59.238182607000525
7012,59.238182607000525
7012,59.238182607000525
7012,59.238182607000525
7013,59.195221304741196
7013,59.195221304741196
7013,59.195221304741196
7013,59.195221304741196
7013,59.195221304741196
7014,59.19656119900645
7014,59.19656119900645
7014,59.19656119900645
7014,59.19656119900645
7014,59.19656119900645
7015,55.66175410104474
7015,55.66175410104474
7015,55.66175410104474
7015,55.66175410104474
7015,55.66175410104474
7016,55.672607624909446
7016,55.672607624909446
7016,55.672607624909446
7016,55.672607624909446
7016,55.672607624909446
7017,55.602386968031496
7017,55.602386968031496
7017,55.602386968031496
7017,55.602386968031496
7017,55.602386968031496
7018,55.648076606594074
7018,55.648076606594074
7018,55.648076606594074
7018,55.648076606594074
7018,55.648076606594074
7019,55.55852538068407
7019,55.55852538068407
7019,55.55852538068407
7019,55.55852538068407
7019,55.55852538068407
7020,55.596541924514874
7020,55.596541924514874
7020,55.596541924514874
7020,55.596541924514874
7020,55.596541924514874
7021,55.62929164204287
7021,55.62929164204287
7021,55.62929164204287
7021,55.62929164204287
7021,55.62929164204287
7022,55.523414892477106
7022,55.523414892477106
7022,55.523414892477106
7022,55.523414892477106
7022,55.523414892477106
7023,55.53487956047106
7023,55.53487956047106
7023,55.53487956047106
7023,55.53487956047106
7023,55.53487956047106
7024,51.91595899312275
7024,51.91595899312275
7024,51.91595899312275
7024,51.91595899312275
7024,51.91595899312275
7025,35.94157616476252
7025,35.94157616476252
7025,35.94157616476252
7025,35.94157616476252
7025,35.94157616476252
7026,35.99944400076635
7026,35.99944400076635
7026,35.99944400076635
7026,35.99944400076635
7026,35.99944400076635
7027,35.967043368671945
7027,35.967043368671945
7027,35.967043368671945
7027,35.967043368671945
7027,35.967043368671945
7028,35.97759630698637
7028,35.97759630698637
7028,35.97759630698637
7028,35.97759630698637
7028,35.97759630698637
7029,36.014126696144864
7029,36.014126696144864
7029,36.014126696144864
7029,36.014126696144864
7029,36.014126696144864
7030,35.9963908078352
7030,35.9963908078352
7030,35.9963908078352
7030,35.9963908078352
7030,35.9963908078352
7031,36.07247729029406
7031,36.07247729029406
7031,36.07247729029406
7031,36.07247729029406
7031,36.07247729029406
7032,32.433427938287586
7032,32.433427938287586
7032,32.433427938287586
7032,32.433427938287586
7032,32.433427938287586
7033,32.44413873404331
7033,32.44413873404331
7033,32.44413873404331
7033,32.44413873404331
7033,32.44413873404331
7034,16.518304125273858
7034,16.518304125273858
7034,16.518304125273858
7034,16.518304125273858
7034,16.518304125273858
7035,16.471380111182867
7035,16.471380111182867
7035,16.471380111182867
7035,16.471380111182867
7035,16.471380111182867
7036,32.34448212115392
7036,32.34448212115392
7036,32.34448212115392
7036,32.34448212115392
7036,32.34448212115392
7037,32.32432032421171
7037,32.32432032421171
7037,32.32432032421171
7037,32.32432032421171
7037,32.32432032421171
7038,39.56290292926536
7038,39.56290292926536
7038,39.56290292926536
7038,39.56290292926536
7038,39.56290292926536
7039,39.59265296053597
7039,39.59265296053597
7039,39.59265296053597
7039,39.59265296053597
7039,39.59265296053597
7040,36.0082820236884
7040,36.0082820236884
7040,36.0082820236884
7040,36.0082820236884
7040,36.0082820236884
7041,36.00691353247334
7041,36.00691353247334
7041,36.00691353247334
7041,36.00691353247334
7041,36.00691353247334
7042,36.02653732930547
7042,36.02653732930547
7042,36.02653732930547
7042,36.02653732930547
7042,36.02653732930547
7043,35.963332192016026
7043,35.963332192016026
7043,35.963332192016026
7043,35.963332192016026
7043,35.963332192016026
7044,35.98515450292129
7044,35.98515450292129
7044,35.98515450292129
7044,35.98515450292129
7044,35.98515450292129
7045,35.90762641061152
7045,35.90762641061152
7045,35.90762641061152
7045,35.90762641061152
7045,35.90762641061152
7046,35.87718942451464
7046,35.87718942451464
7046,35.87718942451464
7046,35.87718942451464
7046,35.87718942451464
7047,35.89138479646752
7047,35.89138479646752
7047,35.89138479646752
7047,35.89138479646752
7047,35.89138479646752
7048,32.34393544435621
7048,32.34393544435621
7048,32.34393544435621
7048,32.34393544435621
7048,32.34393544435621
7049,32.3740186080493
7049,32.3740186080493
7049,32.3740186080493
7049,32.3740186080493
7049,32.3740186080493
7050,32.476201627450884
7050,32.476201627450884
7050,32.476201627450884
7050,32.476201627450884
7050,32.476201627450884
7051,36.1144720890534
7051,36.1144720890534
7051,36.1144720890534
7051,36.1144720890534
7051,36.1144720890534
7052,36.075351913069426
7052,36.075351913069426
7052,36.075351913069426
7052,36.075351913069426
7052,36.075351913069426
7053,36.08342302036389
7053,36.08342302036389
7053,36.08342302036389
7053,36.08342302036389
7053,36.08342302036389
7054,36.0538760660186
7054,36.0538760660186
7054,36.0538760660186
7054,36.0538760660186
7054,36.0538760660186
7055,39.61969325408991
7055,39.61969325408991
7055,39.61969325408991
7055,39.61969325408991
7055,39.61969325408991
7056,35.9475471379752
7056,35.9475471379752
7056,35.9475471379752
7056,35.9475471379752
7056,35.9475471379752
7057,35.96788681511707
7057,35.96788681511707
7057,35.96788681511707
7057,35.96788681511707
7057,35.96788681511707
7058,39.58331711744549
7058,39.58331711744549
7058,39.58331711744549
7058,39.58331711744549
7058,39.58331711744549
7059,39.618542573710116
7059,39.618542573710116
7059,39.618542573710116
7059,39.618542573710116
7059,39.618542573710116
7060,36.16878794088578
7060,36.16878794088578
7060,36.16878794088578
7060,36.16878794088578
7060,36.16878794088578
7061,39.70889169210215
7061,39.70889169210215
7061,39.70889169210215
7061,39.70889169210215
7061,39.70889169210215
7062,39.70703287137701
7062,39.70703287137701
7062,39.70703287137701
7062,39.70703287137701
7062,39.70703287137701
7063,39.713952423482645
7063,39.713952423482645
7063,39.713952423482645
7063,39.713952423482645
7063,39.713952423482645
7064,39.669706854587474
7064,39.669706854587474
7064,39.669706854587474
7064,39.669706854587474
7064,39.669706854587474
7065,36.034704409000575
7065,36.034704409000575
7065,36.034704409000575
7065,36.034704409000575
7065,36.034704409000575
7066,35.994965372244664
7066,35.994965372244664
7066,35.994965372244664
7066,35.994965372244664
7066,35.994965372244664
7067,36.043967152017885
7067,36.043967152017885
7067,36.043967152017885
7067,36.043967152017885
7067,36.043967152017885
7068,35.959467595024634
7068,35.959467595024634
7068,35.959467595024634
7068,35.959467595024634
7068,35.959467595024634
7069,36.06999458690902
7069,36.06999458690902
7069,36.06999458690902
7069,36.06999458690902
7069,36.06999458690902
7070,36.02111787743097
7070,36.02111787743097
7070,36.02111787743097
7070,36.02111787743097
7070,36.02111787743097
7071,36.0848565917482
7071,36.0848565917482
7071,36.0848565917482
7071,36.0848565917482
7071,36.0848565917482
7072,36.1009623122867
7072,36.1009623122867
7072,36.1009623122867
7072,36.1009623122867
7072,36.1009623122867
7073,39.74063985289531
7073,39.74063985289531
7073,39.74063985289531
7073,39.74063985289531
7073,39.74063985289531
7074,39.6915826541955
7074,39.6915826541955
7074,39.6915826541955
7074,39.6915826541955
7074,39.6915826541955
7075,39.65334303921455
7075,39.65334303921455
7075,39.65334303921455
7075,39.65334303921455
7075,39.65334303921455
7076,39.62582935423906
7076,39.62582935423906
7076,39.62582935423906
7076,39.62582935423906
7076,39.62582935423906
7077,39.62186390452862
7077,39.62186390452862
7077,39.62186390452862
7077,39.62186390452862
7077,39.62186390452862
7078,39.582215543147996
7078,39.582215543147996
7078,39.582215543147996
7078,39.582215543147996
7078,39.582215543147996
7079,39.582159784136635
7079,39.582159784136635
7079,39.582159784136635
7079,39.582159784136635
7079,39.582159784136635
7080,39.5097477195831
7080,39.5097477195831
7080,39.5097477195831
7080,39.5097477195831
7080,39.5097477195831
7081,39.509979523654714
7081,39.509979523654714
7081,39.509979523654714
7081,39.509979523654714
7081,39.509979523654714
7082,39.46698399855239
7082,39.46698399855239
7082,39.46698399855239
7082,39.46698399855239
7082,39.46698399855239
7083,39.531181175207855
7083,39.531181175207855
7083,39.531181175207855
7083,39.531181175207855
7083,39.531181175207855
7084,39.535331883812006
7084,39.535331883812006
7084,39.535331883812006
7084,39.535331883812006
7084,39.535331883812006
7085,35.97857573216423
7085,35.97857573216423
7085,35.97857573216423
7085,35.97857573216423
7085,35.97857573216423
7086,35.92424369428954
7086,35.92424369428954
7086,35.92424369428954
7086,35.92424369428954
7086,35.92424369428954
7087,35.939277484063815
7087,35.939277484063815
7087,35.939277484063815
7087,35.939277484063815
7087,35.939277484063815
7088,35.91986250128001
7088,35.91986250128001
7088,35.91986250128001
7088,35.91986250128001
7088,35.91986250128001
7089,35.93803432114892
7089,35.93803432114892
7089,35.93803432114892
7089,35.93803432114892
7089,35.93803432114892
7090,35.96648994793341
7090,35.96648994793341
7090,35.96648994793341
7090,35.96648994793341
7090,35.96648994793341
7091,35.96169457809892
7091,35.96169457809892
7091,35.96169457809892
7091,35.96169457809892
7091,35.96169457809892
7092,35.97706520111198
7092,35.97706520111198
7092,35.97706520111198
7092,35.97706520111198
7092,35.97706520111198
7093,35.96720203756
7093,35.96720203756
7093,35.96720203756
7093,35.96720203756
7093,35.96720203756
7094,35.92698637666553
7094,35.92698637666553
7094,35.92698637666553
7094,35.92698637666553
7094,35.92698637666553
7095,35.91748967330936
7095,35.91748967330936
7095,35.91748967330936
7095,35.91748967330936
7095,35.91748967330936
7096,35.911498959923996
7096,35.911498959923996
7096,35.911498959923996
7096,35.911498959923996
7096,35.911498959923996
7097,35.919766613404086
7097,35.919766613404086
7097,35.919766613404086
7097,35.919766613404086
7097,35.919766613404086
7098,35.95668382209052
7098,35.95668382209052
7098,35.95668382209052
7098,35.95668382209052
7098,35.95668382209052
7099,35.95676943510786
7099,35.95676943510786
7099,35.95676943510786
7099,35.95676943510786
7099,35.95676943510786
7100,35.96794080892164
7100,35.96794080892164
7100,35.96794080892164
7100,35.96794080892164
7100,35.96794080892164
7101,36.023684328812124
7101,36.023684328812124
7101,36.023684328812124
7101,36.023684328812124
7101,36.023684328812124
7102,36.03330154380631
7102,36.03330154380631
7102,36.03330154380631
7102,36.03330154380631
7102,36.03330154380631
7103,35.98696471665019
7103,35.98696471665019
7103,35.98696471665019
7103,35.98696471665019
7103,35.98696471665019
7104,35.98031721621957
7104,35.98031721621957
7104,35.98031721621957
7104,35.98031721621957
7104,35.98031721621957
7105,35.96528014957962
7105,35.96528014957962
7105,35.96528014957962
7105,35.96528014957962
7105,35.96528014957962
7106,36.00340215722234
7106,36.00340215722234
7106,36.00340215722234
7106,36.00340215722234
7106,36.00340215722234
7107,36.08129827218102
7107,36.08129827218102
7107,36.08129827218102
7107,36.08129827218102
7107,36.08129827218102
7108,48.47588385482197
7108,48.47588385482197
7108,48.47588385482197
7108,48.47588385482197
7108,48.47588385482197
7109,48.5023442799298
7109,48.5023442799298
7109,48.5023442799298
7109,48.5023442799298
7109,48.5023442799298
7110,48.56737312065842
7110,48.56737312065842
7110,48.56737312065842
7110,48.56737312065842
7110,48.56737312065842
7111,48.51445182729789
7111,48.51445182729789
7111,48.51445182729789
7111,48.51445182729789
7111,48.51445182729789
7112,48.45499738097905
7112,48.45499738097905
7112,48.45499738097905
7112,48.45499738097905
7112,48.45499738097905
7113,52.06186297049502
7113,52.06186297049502
7113,52.06186297049502
7113,52.06186297049502
7113,52.06186297049502
7114,55.57835101665055
7114,55.57835101665055
7114,55.57835101665055
7114,55.57835101665055
7114,55.57835101665055
7115,51.977386664927714
7115,51.977386664927714
7115,51.977386664927714
7115,51.977386664927714
7115,51.977386664927714
7116,55.72780525830384
7116,55.72780525830384
7116,55.72780525830384
7116,55.72780525830384
7116,55.72780525830384
7117,59.11750420916091
7117,59.11750420916091
7117,59.11750420916091
7117,59.11750420916091
7117,59.11750420916091
7118,59.13093524049858
7118,59.13093524049858
7118,59.13093524049858
7118,59.13093524049858
7118,59.13093524049858
7119,51.83321708353894
7119,51.83321708353894
7119,51.83321708353894
7119,51.83321708353894
7119,51.83321708353894
7120,20.095145972242733
7120,20.095145972242733
7120,20.095145972242733
7120,20.095145972242733
7120,20.095145972242733
7121,20.132005017704643
7121,20.132005017704643
7121,20.132005017704643
7121,20.132005017704643
7121,20.132005017704643
7122,36.059693008835524
7122,36.059693008835524
7122,36.059693008835524
7122,36.059693008835524
7122,36.059693008835524
7123,36.03116969904005
7123,36.03116969904005
7123,36.03116969904005
7123,36.03116969904005
7123,36.03116969904005
7124,39.66751341124354
7124,39.66751341124354
7124,39.66751341124354
7124,39.66751341124354
7124,39.66751341124354
7125,39.65024928831187
7125,39.65024928831187
7125,39.65024928831187
7125,39.65024928831187
7125,39.65024928831187
7126,39.66923857376206
7126,39.66923857376206
7126,39.66923857376206
7126,39.66923857376206
7126,39.66923857376206
7127,51.92791210180661
7127,51.92791210180661
7127,51.92791210180661
7127,51.92791210180661
7127,51.92791210180661
7128,55.50701109307035
7128,55.50701109307035
7128,55.50701109307035
7128,55.50701109307035
7128,55.50701109307035
7129,51.918941867578056
7129,51.918941867578056
7129,51.918941867578056
7129,51.918941867578056
7129,51.918941867578056
7130,48.294783433928025
7130,48.294783433928025
7130,48.294783433928025
7130,48.294783433928025
7130,48.294783433928025
7131,48.500781191459865
7131,48.500781191459865
7131,48.500781191459865
7131,48.500781191459865
7131,48.500781191459865
7132,48.483862895466956
7132,48.483862895466956
7132,48.483862895466956
7132,48.483862895466956
7132,48.483862895466956
7133,52.01821931472724
7133,52.01821931472724
7133,52.01821931472724
7133,52.01821931472724
7133,52.01821931472724
7134,48.46646094685794
7134,48.46646094685794
7134,48.46646094685794
7134,48.46646094685794
7134,48.46646094685794
7135,52.150010210701474
7135,52.150010210701474
7135,52.150010210701474
7135,52.150010210701474
7135,52.150010210701474
7136,55.73881955796175
7136,55.73881955796175
7136,55.73881955796175
7136,55.73881955796175
7136,55.73881955796175
7137,55.72861739859026
7137,55.72861739859026
7137,55.72861739859026
7137,55.72861739859026
7137,55.72861739859026
7138,55.706096016683
7138,55.706096016683
7138,55.706096016683
7138,55.706096016683
7138,55.706096016683
7139,55.68253341732524
7139,55.68253341732524
7139,55.68253341732524
7139,55.68253341732524
7139,55.68253341732524
7140,55.59416455988266
7140,55.59416455988266
7140,55.59416455988266
7140,55.59416455988266
7140,55.59416455988266
7141,55.55458330088631
7141,55.55458330088631
7141,55.55458330088631
7141,55.55458330088631
7141,55.55458330088631
7142,67.94300824596378
7142,67.94300824596378
7142,67.94300824596378
7142,67.94300824596378
7142,67.94300824596378
7143,67.93464451735474
7143,67.93464451735474
7143,67.93464451735474
7143,67.93464451735474
7143,67.93464451735474
7144,71.50286927638771
7144,71.50286927638771
7144,71.50286927638771
7144,71.50286927638771
7144,71.50286927638771
7145,55.54916652620479
7145,55.54916652620479
7145,55.54916652620479
7145,55.54916652620479
7145,55.54916652620479
7146,55.52582185296328
7146,55.52582185296328
7146,55.52582185296328
7146,55.52582185296328
7146,55.52582185296328
7147,55.536122748513705
7147,55.536122748513705
7147,55.536122748513705
7147,55.536122748513705
7147,55.536122748513705
7148,55.5052753527123
7148,55.5052753527123
7148,55.5052753527123
7148,55.5052753527123
7148,55.5052753527123
7149,39.482437582736786
7149,39.482437582736786
7149,39.482437582736786
7149,39.482437582736786
7149,39.482437582736786
7150,71.39656507860954
7150,71.39656507860954
7150,71.39656507860954
7150,71.39656507860954
7150,71.39656507860954
7151,74.99940806870202
7151,74.99940806870202
7151,74.99940806870202
7151,74.99940806870202
7151,74.99940806870202
7152,67.90001020761747
7152,67.90001020761747
7152,67.90001020761747
7152,67.90001020761747
7152,67.90001020761747
7153,71.50376982869571
7153,71.50376982869571
7153,71.50376982869571
7153,71.50376982869571
7153,71.50376982869571
7154,71.46530900299202
7154,71.46530900299202
7154,71.46530900299202
7154,71.46530900299202
7154,71.46530900299202
7155,71.57206769773413
7155,71.57206769773413
7155,71.57206769773413
7155,71.57206769773413
7155,71.57206769773413
7156,71.5178324900548
7156,71.5178324900548
7156,71.5178324900548
7156,71.5178324900548
7156,71.5178324900548
7157,71.55058099335164
7157,71.55058099335164
7157,71.55058099335164
7157,71.55058099335164
7157,71.55058099335164
7158,55.565245546550045
7158,55.565245546550045
7158,55.565245546550045
7158,55.565245546550045
7158,55.565245546550045
7159,55.60312285977538
7159,55.60312285977538
7159,55.60312285977538
7159,55.60312285977538
7159,55.60312285977538
7160,55.586244351047284
7160,55.586244351047284
7160,55.586244351047284
7160,55.586244351047284
7160,55.586244351047284
7161,71.59465007157056
7161,71.59465007157056
7161,71.59465007157056
7161,71.59465007157056
7161,71.59465007157056
7162,71.46870626057172
7162,71.46870626057172
7162,71.46870626057172
7162,71.46870626057172
7162,71.46870626057172
7163,71.47544789385555
7163,71.47544789385555
7163,71.47544789385555
7163,71.47544789385555
7163,71.47544789385555
7164,71.53427278772337
7164,71.53427278772337
7164,71.53427278772337
7164,71.53427278772337
7164,71.53427278772337
7165,71.57324829669463
7165,71.57324829669463
7165,71.57324829669463
7165,71.57324829669463
7165,71.57324829669463
7166,71.52571823656166
7166,71.52571823656166
7166,71.52571823656166
7166,71.52571823656166
7166,71.52571823656166
7167,71.54964283950991
7167,71.54964283950991
7167,71.54964283950991
7167,71.54964283950991
7167,71.54964283950991
7168,64.38927372868154
7168,64.38927372868154
7168,64.38927372868154
7168,64.38927372868154
7168,64.38927372868154
7169,68.01538530346745
7169,68.01538530346745
7169,68.01538530346745
7169,68.01538530346745
7169,68.01538530346745
7170,68.03004014462772
7170,68.03004014462772
7170,68.03004014462772
7170,68.03004014462772
7170,68.03004014462772
7171,87.5323495128506
7171,87.5323495128506
7171,87.5323495128506
7171,87.5323495128506
7171,87.5323495128506
7172,67.98343583387249
7172,67.98343583387249
7172,67.98343583387249
7172,67.98343583387249
7172,67.98343583387249
7173,67.97307149422785
7173,67.97307149422785
7173,67.97307149422785
7173,67.97307149422785
7173,67.97307149422785
7174,67.95009154852055
7174,67.95009154852055
7174,67.95009154852055
7174,67.95009154852055
7174,67.95009154852055
7175,68.06367561636775
7175,68.06367561636775
7175,68.06367561636775
7175,68.06367561636775
7175,68.06367561636775
7176,68.12306476336343
7176,68.12306476336343
7176,68.12306476336343
7176,68.12306476336343
7176,68.12306476336343
7177,52.06227836321328
7177,52.06227836321328
7177,52.06227836321328
7177,52.06227836321328
7177,52.06227836321328
7178,52.014537728315155
7178,52.014537728315155
7178,52.014537728315155
7178,52.014537728315155
7178,52.014537728315155
7179,39.71569785270459
7179,39.71569785270459
7179,39.71569785270459
7179,39.71569785270459
7179,39.71569785270459
7180,36.04587373726076
7180,36.04587373726076
7180,36.04587373726076
7180,36.04587373726076
7180,36.04587373726076
7181,52.049385762037375
7181,52.049385762037375
7181,52.049385762037375
7181,52.049385762037375
7181,52.049385762037375
7182,52.0528411746731
7182,52.0528411746731
7182,52.0528411746731
7182,52.0528411746731
7182,52.0528411746731
7183,52.013042538752345
7183,52.013042538752345
7183,52.013042538752345
7183,52.013042538752345
7183,52.013042538752345
7184,52.0139194214427
7184,52.0139194214427
7184,52.0139194214427
7184,52.0139194214427
7184,52.0139194214427
7185,51.981674041048336
7185,51.981674041048336
7185,51.981674041048336
7185,51.981674041048336
7185,51.981674041048336
7186,52.01532077047416
7186,52.01532077047416
7186,52.01532077047416
7186,52.01532077047416
7186,52.01532077047416
7187,52.00673336000858
7187,52.00673336000858
7187,52.00673336000858
7187,52.00673336000858
7187,52.00673336000858
7188,52.04774220095301
7188,52.04774220095301
7188,52.04774220095301
7188,52.04774220095301
7188,52.04774220095301
7189,52.03042219874535
7189,52.03042219874535
7189,52.03042219874535
7189,52.03042219874535
7189,52.03042219874535
7190,51.99974204359503
7190,51.99974204359503
7190,51.99974204359503
7190,51.99974204359503
7190,51.99974204359503
7191,51.97118469630932
7191,51.97118469630932
7191,51.97118469630932
7191,51.97118469630932
7191,51.97118469630932
7192,67.95890678123561
7192,67.95890678123561
7192,67.95890678123561
7192,67.95890678123561
7192,67.95890678123561
7193,67.98442949823595
7193,67.98442949823595
7193,67.98442949823595
7193,67.98442949823595
7193,67.98442949823595
7194,64.40865295813396
7194,64.40865295813396
7194,64.40865295813396
7194,64.40865295813396
7194,64.40865295813396
7195,64.40217925749253
7195,64.40217925749253
7195,64.40217925749253
7195,64.40217925749253
7195,64.40217925749253
7196,64.44262710807786
7196,64.44262710807786
7196,64.44262710807786
7196,64.44262710807786
7196,64.44262710807786
7197,64.50055504491671
7197,64.50055504491671
7197,64.50055504491671
7197,64.50055504491671
7197,64.50055504491671
7198,71.8204695104082
7198,71.8204695104082
7198,71.8204695104082
7198,71.8204695104082
7198,71.8204695104082
7199,71.88343249743818
7199,71.88343249743818
7199,71.88343249743818
7199,71.88343249743818
7199,71.88343249743818
7200,55.81639475982577
7200,55.81639475982577
7200,55.81639475982577
7200,55.81639475982577
7200,55.81639475982577
7201,55.74539281722143
7201,55.74539281722143
7201,55.74539281722143
7201,55.74539281722143
7201,55.74539281722143
7202,55.73841672763341
7202,55.73841672763341
7202,55.73841672763341
7202,55.73841672763341
7202,55.73841672763341
7203,71.6903908796726
7203,71.6903908796726
7203,71.6903908796726
7203,71.6903908796726
7203,71.6903908796726
7204,71.63706155149416
7204,71.63706155149416
7204,71.63706155149416
7204,71.63706155149416
7204,71.63706155149416
7205,71.59297171918402
7205,71.59297171918402
7205,71.59297171918402
7205,71.59297171918402
7205,71.59297171918402
7206,71.58085067069653
7206,71.58085067069653
7206,71.58085067069653
7206,71.58085067069653
7206,71.58085067069653
7207,67.95638971101087
7207,67.95638971101087
7207,67.95638971101087
7207,67.95638971101087
7207,67.95638971101087
7208,68.000026845816
7208,68.000026845816
7208,68.000026845816
7208,68.000026845816
7208,68.000026845816
7209,68.0963814462635
7209,68.0963814462635
7209,68.0963814462635
7209,68.0963814462635
7209,68.0963814462635
7210,84.09821699865526
7210,84.09821699865526
7210,84.09821699865526
7210,84.09821699865526
7210,84.09821699865526
7211,87.63178272215075
7211,87.63178272215075
7211,87.63178272215075
7211,87.63178272215075
7211,87.63178272215075
7212,87.58091597507712
7212,87.58091597507712
7212,87.58091597507712
7212,87.58091597507712
7212,87.58091597507712
7213,87.56476999753941
7213,87.56476999753941
7213,87.56476999753941
7213,87.56476999753941
7213,87.56476999753941
7214,84.02288792622582
7214,84.02288792622582
7214,84.02288792622582
7214,84.02288792622582
7214,84.02288792622582
7215,84.10360191797751
7215,84.10360191797751
7215,84.10360191797751
7215,84.10360191797751
7215,84.10360191797751
7216,87.69585321732256
7216,87.69585321732256
7216,87.69585321732256
7216,87.69585321732256
7216,87.69585321732256
7217,71.75165929420749
7217,71.75165929420749
7217,71.75165929420749
7217,71.75165929420749
7217,71.75165929420749
7218,71.67053244408346
7218,71.67053244408346
7218,71.67053244408346
7218,71.67053244408346
7218,71.67053244408346
7219,75.22976393641159
7219,75.22976393641159
7219,75.22976393641159
7219,75.22976393641159
7219,75.22976393641159
7220,68.14097278501387
7220,68.14097278501387
7220,68.14097278501387
7220,68.14097278501387
7220,68.14097278501387
7221,68.11130035733885
7221,68.11130035733885
7221,68.11130035733885
7221,68.11130035733885
7221,68.11130035733885
7222,68.14385209111052
7222,68.14385209111052
7222,68.14385209111052
7222,68.14385209111052
7222,68.14385209111052
7223,68.11327968388106
7223,68.11327968388106
7223,68.11327968388106
7223,68.11327968388106
7223,68.11327968388106
7224,71.76353087300355
7224,71.76353087300355
7224,71.76353087300355
7224,71.76353087300355
7224,71.76353087300355
7225,71.63653356030497
7225,71.63653356030497
7225,71.63653356030497
7225,71.63653356030497
7225,71.63653356030497
7226,71.65034126292949
7226,71.65034126292949
7226,71.65034126292949
7226,71.65034126292949
7226,71.65034126292949
7227,55.655854960326295
7227,55.655854960326295
7227,55.655854960326295
7227,55.655854960326295
7227,55.655854960326295
7228,52.07854272769124
7228,52.07854272769124
7228,52.07854272769124
7228,52.07854272769124
7228,52.07854272769124
7229,52.02889484698726
7229,52.02889484698726
7229,52.02889484698726
7229,52.02889484698726
7229,52.02889484698726
7230,55.741578213403365
7230,55.741578213403365
7230,55.741578213403365
7230,55.741578213403365
7230,55.741578213403365
7231,52.11771671878351
7231,52.11771671878351
7231,52.11771671878351
7231,52.11771671878351
7231,52.11771671878351
7232,52.12665890832476
7232,52.12665890832476
7232,52.12665890832476
7232,52.12665890832476
7232,52.12665890832476
7233,59.29157385958293
7233,59.29157385958293
7233,59.29157385958293
7233,59.29157385958293
7233,59.29157385958293
7234,59.29514595967066
7234,59.29514595967066
7234,59.29514595967066
7234,59.29514595967066
7234,59.29514595967066
7235,59.30330026733431
7235,59.30330026733431
7235,59.30330026733431
7235,59.30330026733431
7235,59.30330026733431
7236,55.67444709076233
7236,55.67444709076233
7236,55.67444709076233
7236,55.67444709076233
7236,55.67444709076233
7237,55.68789634109496
7237,55.68789634109496
7237,55.68789634109496
7237,55.68789634109496
7237,55.68789634109496
7238,48.38896778058669
7238,48.38896778058669
7238,48.38896778058669
7238,48.38896778058669
7238,48.38896778058669
7239,48.392451089709574
7239,48.392451089709574
7239,48.392451089709574
7239,48.392451089709574
7239,48.392451089709574
7240,48.41515647891755
7240,48.41515647891755
7240,48.41515647891755
7240,48.41515647891755
7240,48.41515647891755
7241,48.42600346819764
7241,48.42600346819764
7241,48.42600346819764
7241,48.42600346819764
7241,48.42600346819764
7242,48.42113916379812
7242,48.42113916379812
7242,48.42113916379812
7242,48.42113916379812
7242,48.42113916379812
7243,32.36807847875593
7243,32.36807847875593
7243,32.36807847875593
7243,32.36807847875593
7243,32.36807847875593
7244,35.997725954423345
7244,35.997725954423345
7244,35.997725954423345
7244,35.997725954423345
7244,35.997725954423345
7245,36.00980806274098
7245,36.00980806274098
7245,36.00980806274098
7245,36.00980806274098
7245,36.00980806274098
7246,35.975452090031716
7246,35.975452090031716
7246,35.975452090031716
7246,35.975452090031716
7246,35.975452090031716
7247,67.86301313479498
7247,67.86301313479498
7247,67.86301313479498
7247,67.86301313479498
7247,67.86301313479498
7248,64.2425068684254
7248,64.2425068684254
7248,64.2425068684254
7248,64.2425068684254
7248,64.2425068684254
7249,64.242438958919
7249,64.242438958919
7249,64.242438958919
7249,64.242438958919
7249,64.242438958919
7250,32.587080016904636
7250,32.587080016904636
7250,32.587080016904636
7250,32.587080016904636
7250,32.587080016904636
7251,32.58375825563142
7251,32.58375825563142
7251,32.58375825563142
7251,32.58375825563142
7251,32.58375825563142
7252,32.56905448926714
7252,32.56905448926714
7252,32.56905448926714
7252,32.56905448926714
7252,32.56905448926714
7253,48.20899293613765
7253,48.20899293613765
7253,48.20899293613765
7253,48.20899293613765
7253,48.20899293613765
7254,48.22703306011559
7254,48.22703306011559
7254,48.22703306011559
7254,48.22703306011559
7254,48.22703306011559
7255,16.511768630575865
7255,16.511768630575865
7255,16.511768630575865
7255,16.511768630575865
7255,16.511768630575865
7256,16.550950744194587
7256,16.550950744194587
7256,16.550950744194587
7256,16.550950744194587
7256,16.550950744194587
7257,16.567465744239477
7257,16.567465744239477
7257,16.567465744239477
7257,16.567465744239477
7257,16.567465744239477
7258,32.549857846491506
7258,32.549857846491506
7258,32.549857846491506
7258,32.549857846491506
7258,32.549857846491506
7259,48.532191231321264
7259,48.532191231321264
7259,48.532191231321264
7259,48.532191231321264
7259,48.532191231321264
7260,32.427466938204056
7260,32.427466938204056
7260,32.427466938204056
7260,32.427466938204056
7260,32.427466938204056
7261,32.54809432630678
7261,32.54809432630678
7261,32.54809432630678
7261,32.54809432630678
7261,32.54809432630678
7262,16.565884390519084
7262,16.565884390519084
7262,16.565884390519084
7262,16.565884390519084
7262,16.565884390519084
7263,48.45400835704058
7263,48.45400835704058
7263,48.45400835704058
7263,48.45400835704058
7263,48.45400835704058
7264,48.4645759029243
7264,48.4645759029243
7264,48.4645759029243
7264,48.4645759029243
7264,48.4645759029243
7265,80.37968356665705
7265,80.37968356665705
7265,80.37968356665705
7265,80.37968356665705
7265,80.37968356665705
7266,80.40492867468184
7266,80.40492867468184
7266,80.40492867468184
7266,80.40492867468184
7266,80.40492867468184
7267,80.47087812005557
7267,80.47087812005557
7267,80.47087812005557
7267,80.47087812005557
7267,80.47087812005557
7268,80.31753505055285
7268,80.31753505055285
7268,80.31753505055285
7268,80.31753505055285
7268,80.31753505055285
7269,64.2579439915296
7269,64.2579439915296
7269,64.2579439915296
7269,64.2579439915296
7269,64.2579439915296
7270,48.282716121617256
7270,48.282716121617256
7270,48.282716121617256
7270,48.282716121617256
7270,48.282716121617256
7271,48.43596267410664
7271,48.43596267410664
7271,48.43596267410664
7271,48.43596267410664
7271,48.43596267410664
7272,48.36499914118813
7272,48.36499914118813
7272,48.36499914118813
7272,48.36499914118813
7272,48.36499914118813
7273,51.991358543150724
7273,51.991358543150724
7273,51.991358543150724
7273,51.991358543150724
7273,51.991358543150724
7274,48.500534462693714
7274,48.500534462693714
7274,48.500534462693714
7274,48.500534462693714
7274,48.500534462693714
7275,52.06957447671631
7275,52.06957447671631
7275,52.06957447671631
7275,52.06957447671631
7275,52.06957447671631
7276,52.06725771133391
7276,52.06725771133391
7276,52.06725771133391
7276,52.06725771133391
7276,52.06725771133391
7277,55.76092157413564
7277,55.76092157413564
7277,55.76092157413564
7277,55.76092157413564
7277,55.76092157413564
7278,55.68386809640164
7278,55.68386809640164
7278,55.68386809640164
7278,55.68386809640164
7278,55.68386809640164
7279,55.740152783102545
7279,55.740152783102545
7279,55.740152783102545
7279,55.740152783102545
7279,55.740152783102545
7280,48.46272515329572
7280,48.46272515329572
7280,48.46272515329572
7280,48.46272515329572
7280,48.46272515329572
7281,64.39124191633714
7281,64.39124191633714
7281,64.39124191633714
7281,64.39124191633714
7281,64.39124191633714
7282,67.94686608727457
7282,67.94686608727457
7282,67.94686608727457
7282,67.94686608727457
7282,67.94686608727457
7283,52.02691255544933
7283,52.02691255544933
7283,52.02691255544933
7283,52.02691255544933
7283,52.02691255544933
7284,68.02468325565944
7284,68.02468325565944
7284,68.02468325565944
7284,68.02468325565944
7284,68.02468325565944
7285,68.01437841945173
7285,68.01437841945173
7285,68.01437841945173
7285,68.01437841945173
7285,68.01437841945173
7286,71.64399905556914
7286,71.64399905556914
7286,71.64399905556914
7286,71.64399905556914
7286,71.64399905556914
7287,55.71176565087999
7287,55.71176565087999
7287,55.71176565087999
7287,55.71176565087999
7287,55.71176565087999
7288,55.78217718533756
7288,55.78217718533756
7288,55.78217718533756
7288,55.78217718533756
7288,55.78217718533756
7289,55.69294987368128
7289,55.69294987368128
7289,55.69294987368128
7289,55.69294987368128
7289,55.69294987368128
7290,51.98726256086335
7290,51.98726256086335
7290,51.98726256086335
7290,51.98726256086335
7290,51.98726256086335
7291,55.59723290352654
7291,55.59723290352654
7291,55.59723290352654
7291,55.59723290352654
7291,55.59723290352654
7292,48.36390239770406
7292,48.36390239770406
7292,48.36390239770406
7292,48.36390239770406
7292,48.36390239770406
7293,32.427563467386086
7293,32.427563467386086
7293,32.427563467386086
7293,32.427563467386086
7293,32.427563467386086
7294,36.02177014582865
7294,36.02177014582865
7294,36.02177014582865
7294,36.02177014582865
7294,36.02177014582865
7295,32.41652096063762
7295,32.41652096063762
7295,32.41652096063762
7295,32.41652096063762
7295,32.41652096063762
7296,52.07255028779616
7296,52.07255028779616
7296,52.07255028779616
7296,52.07255028779616
7296,52.07255028779616
7297,55.63261203466601
7297,55.63261203466601
7297,55.63261203466601
7297,55.63261203466601
7297,55.63261203466601
7298,52.0445616522314
7298,52.0445616522314
7298,52.0445616522314
7298,52.0445616522314
7298,52.0445616522314
7299,52.02448252815424
7299,52.02448252815424
7299,52.02448252815424
7299,52.02448252815424
7299,52.02448252815424
7300,52.03242805678716
7300,52.03242805678716
7300,52.03242805678716
7300,52.03242805678716
7300,52.03242805678716
7301,52.11098322775049
7301,52.11098322775049
7301,52.11098322775049
7301,52.11098322775049
7301,52.11098322775049
7302,52.02788303813168
7302,52.02788303813168
7302,52.02788303813168
7302,52.02788303813168
7302,52.02788303813168
7303,67.94885627601354
7303,67.94885627601354
7303,67.94885627601354
7303,67.94885627601354
7303,67.94885627601354
7304,80.29530375645153
7304,80.29530375645153
7304,80.29530375645153
7304,80.29530375645153
7304,80.29530375645153
7305,84.00347316309637
7305,84.00347316309637
7305,84.00347316309637
7305,84.00347316309637
7305,84.00347316309637
7306,83.85256795623884
7306,83.85256795623884
7306,83.85256795623884
7306,83.85256795623884
7306,83.85256795623884
7307,75.18913578452957
7307,75.18913578452957
7307,75.18913578452957
7307,75.18913578452957
7307,75.18913578452957
7308,75.1588574880369
7308,75.1588574880369
7308,75.1588574880369
7308,75.1588574880369
7308,75.1588574880369
7309,59.1626133115485
7309,59.1626133115485
7309,59.1626133115485
7309,59.1626133115485
7309,59.1626133115485
7310,59.22327862898046
7310,59.22327862898046
7310,59.22327862898046
7310,59.22327862898046
7310,59.22327862898046
7311,55.61580046074164
7311,55.61580046074164
7311,55.61580046074164
7311,55.61580046074164
7311,55.61580046074164
7312,59.1937383176061
7312,59.1937383176061
7312,59.1937383176061
7312,59.1937383176061
7312,59.1937383176061
7313,59.15829682231807
7313,59.15829682231807
7313,59.15829682231807
7313,59.15829682231807
7313,59.15829682231807
7314,75.0643828237442
7314,75.0643828237442
7314,75.0643828237442
7314,75.0643828237442
7314,75.0643828237442
7315,71.40922415797073
7315,71.40922415797073
7315,71.40922415797073
7315,71.40922415797073
7315,71.40922415797073
7316,71.44876913542333
7316,71.44876913542333
7316,71.44876913542333
7316,71.44876913542333
7316,71.44876913542333
7317,67.89657084651
7317,67.89657084651
7317,67.89657084651
7317,67.89657084651
7317,67.89657084651
7318,55.643203347155904
7318,55.643203347155904
7318,55.643203347155904
7318,55.643203347155904
7318,55.643203347155904
7319,55.67406723221535
7319,55.67406723221535
7319,55.67406723221535
7319,55.67406723221535
7319,55.67406723221535
7320,71.58549727572765
7320,71.58549727572765
7320,71.58549727572765
7320,71.58549727572765
7320,71.58549727572765
7321,71.73299550988689
7321,71.73299550988689
7321,71.73299550988689
7321,71.73299550988689
7321,71.73299550988689
7322,71.78478007626155
7322,71.78478007626155
7322,71.78478007626155
7322,71.78478007626155
7322,71.78478007626155
7323,71.64134396159129
7323,71.64134396159129
7323,71.64134396159129
7323,71.64134396159129
7323,71.64134396159129
7324,71.7579897097099
7324,71.7579897097099
7324,71.7579897097099
7324,71.7579897097099
7324,71.7579897097099
7325,71.78603432882242
7325,71.78603432882242
7325,71.78603432882242
7325,71.78603432882242
7325,71.78603432882242
7326,52.167854833131436
7326,52.167854833131436
7326,52.167854833131436
7326,52.167854833131436
7326,52.167854833131436
7327,52.0493524846313
7327,52.0493524846313
7327,52.0493524846313
7327,52.0493524846313
7327,52.0493524846313
7328,55.55445951340802
7328,55.55445951340802
7328,55.55445951340802
7328,55.55445951340802
7328,55.55445951340802
7329,71.54267534601294
7329,71.54267534601294
7329,71.54267534601294
7329,71.54267534601294
7329,71.54267534601294
7330,67.89264269066793
7330,67.89264269066793
7330,67.89264269066793
7330,67.89264269066793
7330,67.89264269066793
7331,67.89690449548488
7331,67.89690449548488
7331,67.89690449548488
7331,67.89690449548488
7331,67.89690449548488
7332,71.59936043314784
7332,71.59936043314784
7332,71.59936043314784
7332,71.59936043314784
7332,71.59936043314784
7333,71.83525842188206
7333,71.83525842188206
7333,71.83525842188206
7333,71.83525842188206
7333,71.83525842188206
7334,71.77819544196521
7334,71.77819544196521
7334,71.77819544196521
7334,71.77819544196521
7334,71.77819544196521
7335,71.60892967169407
7335,71.60892967169407
7335,71.60892967169407
7335,71.60892967169407
7335,71.60892967169407
7336,71.62028414067002
7336,71.62028414067002
7336,71.62028414067002
7336,71.62028414067002
7336,71.62028414067002
7337,55.71112623191565
7337,55.71112623191565
7337,55.71112623191565
7337,55.71112623191565
7337,55.71112623191565
7338,52.081951183153876
7338,52.081951183153876
7338,52.081951183153876
7338,52.081951183153876
7338,52.081951183153876
7339,36.19273808524857
7339,36.19273808524857
7339,36.19273808524857
7339,36.19273808524857
7339,36.19273808524857
7340,36.12206596732353
7340,36.12206596732353
7340,36.12206596732353
7340,36.12206596732353
7340,36.12206596732353
7341,36.179248606864356
7341,36.179248606864356
7341,36.179248606864356
7341,36.179248606864356
7341,36.179248606864356
7342,32.59087475977522
7342,32.59087475977522
7342,32.59087475977522
7342,32.59087475977522
7342,32.59087475977522
7343,32.638164389189946
7343,32.638164389189946
7343,32.638164389189946
7343,32.638164389189946
7343,32.638164389189946
7344,48.58141074441628
7344,48.58141074441628
7344,48.58141074441628
7344,48.58141074441628
7344,48.58141074441628
7345,48.41458448403823
7345,48.41458448403823
7345,48.41458448403823
7345,48.41458448403823
7345,48.41458448403823
7346,51.886825894193294
7346,51.886825894193294
7346,51.886825894193294
7346,51.886825894193294
7346,51.886825894193294
7347,36.03272127538865
7347,36.03272127538865
7347,36.03272127538865
7347,36.03272127538865
7347,36.03272127538865
7348,20.009554655711206
7348,20.009554655711206
7348,20.009554655711206
7348,20.009554655711206
7348,20.009554655711206
7349,35.965003976783194
7349,35.965003976783194
7349,35.965003976783194
7349,35.965003976783194
7349,35.965003976783194
7350,51.91354925842609
7350,51.91354925842609
7350,51.91354925842609
7350,51.91354925842609
7350,51.91354925842609
7351,67.81579606514936
7351,67.81579606514936
7351,67.81579606514936
7351,67.81579606514936
7351,67.81579606514936
7352,67.7920571246275
7352,67.7920571246275
7352,67.7920571246275
7352,67.7920571246275
7352,67.7920571246275
7353,67.82037979572432
7353,67.82037979572432
7353,67.82037979572432
7353,67.82037979572432
7353,67.82037979572432
7354,67.88562669663403
7354,67.88562669663403
7354,67.88562669663403
7354,67.88562669663403
7354,67.88562669663403
7355,51.938833046960916
7355,51.938833046960916
7355,51.938833046960916
7355,51.938833046960916
7355,51.938833046960916
7356,51.91013537128991
7356,51.91013537128991
7356,51.91013537128991
7356,51.91013537128991
7356,51.91013537128991
7357,48.333409184795684
7357,48.333409184795684
7357,48.333409184795684
7357,48.333409184795684
7357,48.333409184795684
7358,48.31055365256583
7358,48.31055365256583
7358,48.31055365256583
7358,48.31055365256583
7358,48.31055365256583
7359,48.29679572582138
7359,48.29679572582138
7359,48.29679572582138
7359,48.29679572582138
7359,48.29679572582138
7360,48.48726059874817
7360,48.48726059874817
7360,48.48726059874817
7360,48.48726059874817
7360,48.48726059874817
7361,48.47971288741761
7361,48.47971288741761
7361,48.47971288741761
7361,48.47971288741761
7361,48.47971288741761
7362,32.53571120330065
7362,32.53571120330065
7362,32.53571120330065
7362,32.53571120330065
7362,32.53571120330065
7363,51.91458297690442
7363,51.91458297690442
7363,51.91458297690442
7363,51.91458297690442
7363,51.91458297690442
7364,51.902930532966295
7364,51.902930532966295
7364,51.902930532966295
7364,51.902930532966295
7364,51.902930532966295
7365,51.87081500585164
7365,51.87081500585164
7365,51.87081500585164
7365,51.87081500585164
7365,51.87081500585164
7366,52.09884331299128
7366,52.09884331299128
7366,52.09884331299128
7366,52.09884331299128
7366,52.09884331299128
7367,52.07708463874576
7367,52.07708463874576
7367,52.07708463874576
7367,52.07708463874576
7367,52.07708463874576
7368,55.66467970019926
7368,55.66467970019926
7368,55.66467970019926
7368,55.66467970019926
7368,55.66467970019926
7369,71.65829439065195
7369,71.65829439065195
7369,71.65829439065195
7369,71.65829439065195
7369,71.65829439065195
7370,71.61790062569096
7370,71.61790062569096
7370,71.61790062569096
7370,71.61790062569096
7370,71.61790062569096
7371,71.56858782433697
7371,71.56858782433697
7371,71.56858782433697
7371,71.56858782433697
7371,71.56858782433697
7372,71.60786509308662
7372,71.60786509308662
7372,71.60786509308662
7372,71.60786509308662
7372,71.60786509308662
7373,71.60130985145369
7373,71.60130985145369
7373,71.60130985145369
7373,71.60130985145369
7373,71.60130985145369
7374,71.55800383513136
7374,71.55800383513136
7374,71.55800383513136
7374,71.55800383513136
7374,71.55800383513136
7375,75.07507183725
7375,75.07507183725
7375,75.07507183725
7375,75.07507183725
7375,75.07507183725
7376,55.505453583801355
7376,55.505453583801355
7376,55.505453583801355
7376,55.505453583801355
7376,55.505453583801355
7377,59.18567886151533
7377,59.18567886151533
7377,59.18567886151533
7377,59.18567886151533
7377,59.18567886151533
7378,59.23411532900805
7378,59.23411532900805
7378,59.23411532900805
7378,59.23411532900805
7378,59.23411532900805
7379,55.68413515576581
7379,55.68413515576581
7379,55.68413515576581
7379,55.68413515576581
7379,55.68413515576581
7380,55.66333000758666
7380,55.66333000758666
7380,55.66333000758666
7380,55.66333000758666
7380,55.66333000758666
7381,55.7221066980263
7381,55.7221066980263
7381,55.7221066980263
7381,55.7221066980263
7381,55.7221066980263
7382,55.71943331084899
7382,55.71943331084899
7382,55.71943331084899
7382,55.71943331084899
7382,55.71943331084899
7383,55.661709726533374
7383,55.661709726533374
7383,55.661709726533374
7383,55.661709726533374
7383,55.661709726533374
7384,52.081971097961436
7384,52.081971097961436
7384,52.081971097961436
7384,52.081971097961436
7384,52.081971097961436
7385,48.396970301537564
7385,48.396970301537564
7385,48.396970301537564
7385,48.396970301537564
7385,48.396970301537564
7386,55.5423326017888
7386,55.5423326017888
7386,55.5423326017888
7386,55.5423326017888
7386,55.5423326017888
7387,51.868733252232275
7387,51.868733252232275
7387,51.868733252232275
7387,51.868733252232275
7387,51.868733252232275
7388,51.92789353047503
7388,51.92789353047503
7388,51.92789353047503
7388,51.92789353047503
7388,51.92789353047503
7389,55.61081240579963
7389,55.61081240579963
7389,55.61081240579963
7389,55.61081240579963
7389,55.61081240579963
7390,55.6924719202183
7390,55.6924719202183
7390,55.6924719202183
7390,55.6924719202183
7390,55.6924719202183
7391,55.70117359105983
7391,55.70117359105983
7391,55.70117359105983
7391,55.70117359105983
7391,55.70117359105983
7392,52.05399986488353
7392,52.05399986488353
7392,52.05399986488353
7392,52.05399986488353
7392,52.05399986488353
7393,52.060650391594265
7393,52.060650391594265
7393,52.060650391594265
7393,52.060650391594265
7393,52.060650391594265
7394,55.638337077527055
7394,55.638337077527055
7394,55.638337077527055
7394,55.638337077527055
7394,55.638337077527055
7395,39.746307132387436
7395,39.746307132387436
7395,39.746307132387436
7395,39.746307132387436
7395,39.746307132387436
7396,39.73007145205218
7396,39.73007145205218
7396,39.73007145205218
7396,39.73007145205218
7396,39.73007145205218
7397,39.81040798951845
7397,39.81040798951845
7397,39.81040798951845
7397,39.81040798951845
7397,39.81040798951845
7398,39.68941891070462
7398,39.68941891070462
7398,39.68941891070462
7398,39.68941891070462
7398,39.68941891070462
7399,36.12872662105341
7399,36.12872662105341
7399,36.12872662105341
7399,36.12872662105341
7399,36.12872662105341
7400,36.14513771886711
7400,36.14513771886711
7400,36.14513771886711
7400,36.14513771886711
7400,36.14513771886711
7401,36.09520723745494
7401,36.09520723745494
7401,36.09520723745494
7401,36.09520723745494
7401,36.09520723745494
7402,36.15406493774267
7402,36.15406493774267
7402,36.15406493774267
7402,36.15406493774267
7402,36.15406493774267
7403,36.06587475744372
7403,36.06587475744372
7403,36.06587475744372
7403,36.06587475744372
7403,36.06587475744372
7404,20.094931683393273
7404,20.094931683393273
7404,20.094931683393273
7404,20.094931683393273
7404,20.094931683393273
7405,16.442308357121007
7405,16.442308357121007
7405,16.442308357121007
7405,16.442308357121007
7405,16.442308357121007
7406,36.0430160339278
7406,36.0430160339278
7406,36.0430160339278
7406,36.0430160339278
7406,36.0430160339278
7407,39.543870480489815
7407,39.543870480489815
7407,39.543870480489815
7407,39.543870480489815
7407,39.543870480489815
7408,39.58895994028503
7408,39.58895994028503
7408,39.58895994028503
7408,39.58895994028503
7408,39.58895994028503
7409,39.63270658802676
7409,39.63270658802676
7409,39.63270658802676
7409,39.63270658802676
7409,39.63270658802676
7410,35.991504582278694
7410,35.991504582278694
7410,35.991504582278694
7410,35.991504582278694
7410,35.991504582278694
7411,35.848662998067255
7411,35.848662998067255
7411,35.848662998067255
7411,35.848662998067255
7411,35.848662998067255
7412,35.852056370085705
7412,35.852056370085705
7412,35.852056370085705
7412,35.852056370085705
7412,35.852056370085705
7413,35.92679696470063
7413,35.92679696470063
7413,35.92679696470063
7413,35.92679696470063
7413,35.92679696470063
7414,35.957181106074046
7414,35.957181106074046
7414,35.957181106074046
7414,35.957181106074046
7414,35.957181106074046
7415,35.97596317424975
7415,35.97596317424975
7415,35.97596317424975
7415,35.97596317424975
7415,35.97596317424975
7416,36.02622323841328
7416,36.02622323841328
7416,36.02622323841328
7416,36.02622323841328
7416,36.02622323841328
7417,36.0506759845173
7417,36.0506759845173
7417,36.0506759845173
7417,36.0506759845173
7417,36.0506759845173
7418,52.16004748381289
7418,52.16004748381289
7418,52.16004748381289
7418,52.16004748381289
7418,52.16004748381289
7419,52.186397917074906
7419,52.186397917074906
7419,52.186397917074906
7419,52.186397917074906
7419,52.186397917074906
7420,52.22017512652443
7420,52.22017512652443
7420,52.22017512652443
7420,52.22017512652443
7420,52.22017512652443
7421,52.19422104208147
7421,52.19422104208147
7421,52.19422104208147
7421,52.19422104208147
7421,52.19422104208147
7422,52.232648852412204
7422,52.232648852412204
7422,52.232648852412204
7422,52.232648852412204
7422,52.232648852412204
7423,52.24094662120299
7423,52.24094662120299
7423,52.24094662120299
7423,52.24094662120299
7423,52.24094662120299
7424,52.2744818668112
7424,52.2744818668112
7424,52.2744818668112
7424,52.2744818668112
7424,52.2744818668112
7425,51.972837839020144
7425,51.972837839020144
7425,51.972837839020144
7425,51.972837839020144
7425,51.972837839020144
7426,39.706777465656955
7426,39.706777465656955
7426,39.706777465656955
7426,39.706777465656955
7426,39.706777465656955
7427,39.691337976308446
7427,39.691337976308446
7427,39.691337976308446
7427,39.691337976308446
7427,39.691337976308446
7428,39.73422580005597
7428,39.73422580005597
7428,39.73422580005597
7428,39.73422580005597
7428,39.73422580005597
7429,55.51977827518406
7429,55.51977827518406
7429,55.51977827518406
7429,55.51977827518406
7429,55.51977827518406
7430,59.236075015348604
7430,59.236075015348604
7430,59.236075015348604
7430,59.236075015348604
7430,59.236075015348604
7431,55.57580957083
7431,55.57580957083
7431,55.57580957083
7431,55.57580957083
7431,55.57580957083
7432,55.55224584350166
7432,55.55224584350166
7432,55.55224584350166
7432,55.55224584350166
7432,55.55224584350166
7433,59.019134376963486
7433,59.019134376963486
7433,59.019134376963486
7433,59.019134376963486
7433,59.019134376963486
7434,59.054250850862466
7434,59.054250850862466
7434,59.054250850862466
7434,59.054250850862466
7434,59.054250850862466
7435,48.30890729965624
7435,48.30890729965624
7435,48.30890729965624
7435,48.30890729965624
7435,48.30890729965624
7436,48.27596727173136
7436,48.27596727173136
7436,48.27596727173136
7436,48.27596727173136
7436,48.27596727173136
7437,48.555439126699504
7437,48.555439126699504
7437,48.555439126699504
7437,48.555439126699504
7437,48.555439126699504
7438,51.99447310683174
7438,51.99447310683174
7438,51.99447310683174
7438,51.99447310683174
7438,51.99447310683174
7439,39.60346135446506
7439,39.60346135446506
7439,39.60346135446506
7439,39.60346135446506
7439,39.60346135446506
7440,39.60282443372687
7440,39.60282443372687
7440,39.60282443372687
7440,39.60282443372687
7440,39.60282443372687
7441,52.00894405757449
7441,52.00894405757449
7441,52.00894405757449
7441,52.00894405757449
7441,52.00894405757449
7442,32.49221862299909
7442,32.49221862299909
7442,32.49221862299909
7442,32.49221862299909
7442,32.49221862299909
7443,48.43177219992447
7443,48.43177219992447
7443,48.43177219992447
7443,48.43177219992447
7443,48.43177219992447
7444,64.3654427934889
7444,64.3654427934889
7444,64.3654427934889
7444,64.3654427934889
7444,64.3654427934889
7445,64.37206721291935
7445,64.37206721291935
7445,64.37206721291935
7445,64.37206721291935
7445,64.37206721291935
7446,55.61470378602394
7446,55.61470378602394
7446,55.61470378602394
7446,55.61470378602394
7446,55.61470378602394
7447,55.588642164148325
7447,55.588642164148325
7447,55.588642164148325
7447,55.588642164148325
7447,55.588642164148325
7448,55.58214982658701
7448,55.58214982658701
7448,55.58214982658701
7448,55.58214982658701
7448,55.58214982658701
7449,55.569583491222566
7449,55.569583491222566
7449,55.569583491222566
7449,55.569583491222566
7449,55.569583491222566
7450,59.22100820222012
7450,59.22100820222012
7450,59.22100820222012
7450,59.22100820222012
7450,59.22100820222012
7451,55.59711455843708
7451,55.59711455843708
7451,55.59711455843708
7451,55.59711455843708
7451,55.59711455843708
7452,39.602942353581625
7452,39.602942353581625
7452,39.602942353581625
7452,39.602942353581625
7452,39.602942353581625
7453,39.61157574321181
7453,39.61157574321181
7453,39.61157574321181
7453,39.61157574321181
7453,39.61157574321181
7454,35.90700990298363
7454,35.90700990298363
7454,35.90700990298363
7454,35.90700990298363
7454,35.90700990298363
7455,35.917850129757404
7455,35.917850129757404
7455,35.917850129757404
7455,35.917850129757404
7455,35.917850129757404
7456,32.36661888586375
7456,32.36661888586375
7456,32.36661888586375
7456,32.36661888586375
7456,32.36661888586375
7457,32.36027102832454
7457,32.36027102832454
7457,32.36027102832454
7457,32.36027102832454
7457,32.36027102832454
7458,32.37826857616297
7458,32.37826857616297
7458,32.37826857616297
7458,32.37826857616297
7458,32.37826857616297
7459,32.37796060232515
7459,32.37796060232515
7459,32.37796060232515
7459,32.37796060232515
7459,32.37796060232515
7460,32.39911192572906
7460,32.39911192572906
7460,32.39911192572906
7460,32.39911192572906
7460,32.39911192572906
7461,48.342697756933305
7461,48.342697756933305
7461,48.342697756933305
7461,48.342697756933305
7461,48.342697756933305
7462,48.424220574146595
7462,48.424220574146595
7462,48.424220574146595
7462,48.424220574146595
7462,48.424220574146595
7463,48.41922421613937
7463,48.41922421613937
7463,48.41922421613937
7463,48.41922421613937
7463,48.41922421613937
7464,48.44365846281909
7464,48.44365846281909
7464,48.44365846281909
7464,48.44365846281909
7464,48.44365846281909
7465,51.98137774532459
7465,51.98137774532459
7465,51.98137774532459
7465,51.98137774532459
7465,51.98137774532459
7466,51.90359013099429
7466,51.90359013099429
7466,51.90359013099429
7466,51.90359013099429
7466,51.90359013099429
7467,51.86606762075062
7467,51.86606762075062
7467,51.86606762075062
7467,51.86606762075062
7467,51.86606762075062
7468,51.8695079004947
7468,51.8695079004947
7468,51.8695079004947
7468,51.8695079004947
7468,51.8695079004947
7469,35.98005218260384
7469,35.98005218260384
7469,35.98005218260384
7469,35.98005218260384
7469,35.98005218260384
7470,36.06637769987721
7470,36.06637769987721
7470,36.06637769987721
7470,36.06637769987721
7470,36.06637769987721
7471,35.95841312206083
7471,35.95841312206083
7471,35.95841312206083
7471,35.95841312206083
7471,35.95841312206083
7472,20.088105985591007
7472,20.088105985591007
7472,20.088105985591007
7472,20.088105985591007
7472,20.088105985591007
7473,52.00001460883542
7473,52.00001460883542
7473,52.00001460883542
7473,52.00001460883542
7473,52.00001460883542
7474,52.0607099862995
7474,52.0607099862995
7474,52.0607099862995
7474,52.0607099862995
7474,52.0607099862995
7475,52.02993891115581
7475,52.02993891115581
7475,52.02993891115581
7475,52.02993891115581
7475,52.02993891115581
7476,52.016053837028906
7476,52.016053837028906
7476,52.016053837028906
7476,52.016053837028906
7476,52.016053837028906
7477,52.018949073379645
7477,52.018949073379645
7477,52.018949073379645
7477,52.018949073379645
7477,52.018949073379645
7478,52.060379473924286
7478,52.060379473924286
7478,52.060379473924286
7478,52.060379473924286
7478,52.060379473924286
7479,52.033617745416905
7479,52.033617745416905
7479,52.033617745416905
7479,52.033617745416905
7479,52.033617745416905
7480,52.029015103806536
7480,52.029015103806536
7480,52.029015103806536
7480,52.029015103806536
7480,52.029015103806536
7481,51.93219938157547
7481,51.93219938157547
7481,51.93219938157547
7481,51.93219938157547
7481,51.93219938157547
7482,51.945955606482315
7482,51.945955606482315
7482,51.945955606482315
7482,51.945955606482315
7482,51.945955606482315
7483,55.533937938237884
7483,55.533937938237884
7483,55.533937938237884
7483,55.533937938237884
7483,55.533937938237884
7484,51.88851340558931
7484,51.88851340558931
7484,51.88851340558931
7484,51.88851340558931
7484,51.88851340558931
7485,51.95978277412561
7485,51.95978277412561
7485,51.95978277412561
7485,51.95978277412561
7485,51.95978277412561
7486,51.95803970971808
7486,51.95803970971808
7486,51.95803970971808
7486,51.95803970971808
7486,51.95803970971808
7487,36.14918176239403
7487,36.14918176239403
7487,36.14918176239403
7487,36.14918176239403
7487,36.14918176239403
7488,36.065523821009904
7488,36.065523821009904
7488,36.065523821009904
7488,36.065523821009904
7488,36.065523821009904
7489,32.42071789759208
7489,32.42071789759208
7489,32.42071789759208
7489,32.42071789759208
7489,32.42071789759208
7490,32.38574530876369
7490,32.38574530876369
7490,32.38574530876369
7490,32.38574530876369
7490,32.38574530876369
7491,35.96748005127394
7491,35.96748005127394
7491,35.96748005127394
7491,35.96748005127394
7491,35.96748005127394
7492,35.94045068771366
7492,35.94045068771366
7492,35.94045068771366
7492,35.94045068771366
7492,35.94045068771366
7493,20.042284214414813
7493,20.042284214414813
7493,20.042284214414813
7493,20.042284214414813
7493,20.042284214414813
7494,20.071522256311432
7494,20.071522256311432
7494,20.071522256311432
7494,20.071522256311432
7494,20.071522256311432
7495,20.076584426594245
7495,20.076584426594245
7495,20.076584426594245
7495,20.076584426594245
7495,20.076584426594245
7496,20.071023523254688
7496,20.071023523254688
7496,20.071023523254688
7496,20.071023523254688
7496,20.071023523254688
7497,35.992635275739616
7497,35.992635275739616
7497,35.992635275739616
7497,35.992635275739616
7497,35.992635275739616
7498,64.43251984943507
7498,64.43251984943507
7498,64.43251984943507
7498,64.43251984943507
7498,64.43251984943507
7499,64.46405346565629
7499,64.46405346565629
7499,64.46405346565629
7499,64.46405346565629
7499,64.46405346565629
7500,48.46553220489161
7500,48.46553220489161
7500,48.46553220489161
7500,48.46553220489161
7500,48.46553220489161
7501,48.48425231315661
7501,48.48425231315661
7501,48.48425231315661
7501,48.48425231315661
7501,48.48425231315661
7502,52.10022382003037
7502,52.10022382003037
7502,52.10022382003037
7502,52.10022382003037
7502,52.10022382003037
7503,36.07554702158653
7503,36.07554702158653
7503,36.07554702158653
7503,36.07554702158653
7503,36.07554702158653
7504,36.051219084108354
7504,36.051219084108354
7504,36.051219084108354
7504,36.051219084108354
7504,36.051219084108354
7505,36.043989542202446
7505,36.043989542202446
7505,36.043989542202446
7505,36.043989542202446
7505,36.043989542202446
7506,36.01262821012665
7506,36.01262821012665
7506,36.01262821012665
7506,36.01262821012665
7506,36.01262821012665
7507,51.91248070491763
7507,51.91248070491763
7507,51.91248070491763
7507,51.91248070491763
7507,51.91248070491763
7508,48.212447778941225
7508,48.212447778941225
7508,48.212447778941225
7508,48.212447778941225
7508,48.212447778941225
7509,48.21563853505877
7509,48.21563853505877
7509,48.21563853505877
7509,48.21563853505877
7509,48.21563853505877
7510,48.2543734233743
7510,48.2543734233743
7510,48.2543734233743
7510,48.2543734233743
7510,48.2543734233743
7511,55.545003422333686
7511,55.545003422333686
7511,55.545003422333686
7511,55.545003422333686
7511,55.545003422333686
7512,51.95696894778678
7512,51.95696894778678
7512,51.95696894778678
7512,51.95696894778678
7512,51.95696894778678
7513,51.974349797956506
7513,51.974349797956506
7513,51.974349797956506
7513,51.974349797956506
7513,51.974349797956506
7514,51.89484854176517
7514,51.89484854176517
7514,51.89484854176517
7514,51.89484854176517
7514,51.89484854176517
7515,55.42603352585792
7515,55.42603352585792
7515,55.42603352585792
7515,55.42603352585792
7515,55.42603352585792
7516,64.16339566771846
7516,64.16339566771846
7516,64.16339566771846
7516,64.16339566771846
7516,64.16339566771846
7517,48.253560340774285
7517,48.253560340774285
7517,48.253560340774285
7517,48.253560340774285
7517,48.253560340774285
7518,64.24078938584424
7518,64.24078938584424
7518,64.24078938584424
7518,64.24078938584424
7518,64.24078938584424
7519,67.90389808608751
7519,67.90389808608751
7519,67.90389808608751
7519,67.90389808608751
7519,67.90389808608751
7520,64.3128316715206
7520,64.3128316715206
7520,64.3128316715206
7520,64.3128316715206
7520,64.3128316715206
7521,64.38831830028762
7521,64.38831830028762
7521,64.38831830028762
7521,64.38831830028762
7521,64.38831830028762
7522,68.03856085266509
7522,68.03856085266509
7522,68.03856085266509
7522,68.03856085266509
7522,68.03856085266509
7523,68.0122109691493
7523,68.0122109691493
7523,68.0122109691493
7523,68.0122109691493
7523,68.0122109691493
7524,52.11476649182041
7524,52.11476649182041
7524,52.11476649182041
7524,52.11476649182041
7524,52.11476649182041
7525,68.03175886023341
7525,68.03175886023341
7525,68.03175886023341
7525,68.03175886023341
7525,68.03175886023341
7526,83.97549929185615
7526,83.97549929185615
7526,83.97549929185615
7526,83.97549929185615
7526,83.97549929185615
7527,87.64759929240994
7527,87.64759929240994
7527,87.64759929240994
7527,87.64759929240994
7527,87.64759929240994
7528,94.9945457251346
7528,94.9945457251346
7528,94.9945457251346
7528,94.9945457251346
7528,94.9945457251346
7529,91.44077786787254
7529,91.44077786787254
7529,91.44077786787254
7529,91.44077786787254
7529,91.44077786787254
7530,91.34652636171054
7530,91.34652636171054
7530,91.34652636171054
7530,91.34652636171054
7530,91.34652636171054
7531,75.37419222378551
7531,75.37419222378551
7531,75.37419222378551
7531,75.37419222378551
7531,75.37419222378551
7532,75.31635219827949
7532,75.31635219827949
7532,75.31635219827949
7532,75.31635219827949
7532,75.31635219827949
7533,78.80623538387701
7533,78.80623538387701
7533,78.80623538387701
7533,78.80623538387701
7533,78.80623538387701
7534,78.78011440436015
7534,78.78011440436015
7534,78.78011440436015
7534,78.78011440436015
7534,78.78011440436015
7535,78.82594524648587
7535,78.82594524648587
7535,78.82594524648587
7535,78.82594524648587
7535,78.82594524648587
7536,78.80785641374621
7536,78.80785641374621
7536,78.80785641374621
7536,78.80785641374621
7536,78.80785641374621
7537,94.75994034243077
7537,94.75994034243077
7537,94.75994034243077
7537,94.75994034243077
7537,94.75994034243077
7538,91.16258383314118
7538,91.16258383314118
7538,91.16258383314118
7538,91.16258383314118
7538,91.16258383314118
7539,91.17765229582184
7539,91.17765229582184
7539,91.17765229582184
7539,91.17765229582184
7539,91.17765229582184
7540,91.1292487545771
7540,91.1292487545771
7540,91.1292487545771
7540,91.1292487545771
7540,91.1292487545771
7541,59.150643206660604
7541,59.150643206660604
7541,59.150643206660604
7541,59.150643206660604
7541,59.150643206660604
7542,59.15759817174553
7542,59.15759817174553
7542,59.15759817174553
7542,59.15759817174553
7542,59.15759817174553
7543,59.22868876312727
7543,59.22868876312727
7543,59.22868876312727
7543,59.22868876312727
7543,59.22868876312727
7544,52.140333414139526
7544,52.140333414139526
7544,52.140333414139526
7544,52.140333414139526
7544,52.140333414139526
7545,68.12812452210747
7545,68.12812452210747
7545,68.12812452210747
7545,68.12812452210747
7545,68.12812452210747
7546,68.13823302645027
7546,68.13823302645027
7546,68.13823302645027
7546,68.13823302645027
7546,68.13823302645027
7547,68.09099481190023
7547,68.09099481190023
7547,68.09099481190023
7547,68.09099481190023
7547,68.09099481190023
7548,75.17488404973957
7548,75.17488404973957
7548,75.17488404973957
7548,75.17488404973957
7548,75.17488404973957
7549,59.18296563343447
7549,59.18296563343447
7549,59.18296563343447
7549,59.18296563343447
7549,59.18296563343447
7550,59.23742707490201
7550,59.23742707490201
7550,59.23742707490201
7550,59.23742707490201
7550,59.23742707490201
7551,55.753589276830475
7551,55.753589276830475
7551,55.753589276830475
7551,55.753589276830475
7551,55.753589276830475
7552,55.69097620633229
7552,55.69097620633229
7552,55.69097620633229
7552,55.69097620633229
7552,55.69097620633229
7553,59.25792136585774
7553,59.25792136585774
7553,59.25792136585774
7553,59.25792136585774
7553,59.25792136585774
7554,59.210220182486374
7554,59.210220182486374
7554,59.210220182486374
7554,59.210220182486374
7554,59.210220182486374
7555,59.21657709529427
7555,59.21657709529427
7555,59.21657709529427
7555,59.21657709529427
7555,59.21657709529427
7556,59.26909053979555
7556,59.26909053979555
7556,59.26909053979555
7556,59.26909053979555
7556,59.26909053979555
7557,59.22839951069716
7557,59.22839951069716
7557,59.22839951069716
7557,59.22839951069716
7557,59.22839951069716
7558,59.18887279234566
7558,59.18887279234566
7558,59.18887279234566
7558,59.18887279234566
7558,59.18887279234566
7559,59.27052747718892
7559,59.27052747718892
7559,59.27052747718892
7559,59.27052747718892
7559,59.27052747718892
7560,55.694813813738676
7560,55.694813813738676
7560,55.694813813738676
7560,55.694813813738676
7560,55.694813813738676
7561,55.74471981505841
7561,55.74471981505841
7561,55.74471981505841
7561,55.74471981505841
7561,55.74471981505841
7562,55.73322719140722
7562,55.73322719140722
7562,55.73322719140722
7562,55.73322719140722
7562,55.73322719140722
7563,55.68444847217326
7563,55.68444847217326
7563,55.68444847217326
7563,55.68444847217326
7563,55.68444847217326
7564,55.57696661598108
7564,55.57696661598108
7564,55.57696661598108
7564,55.57696661598108
7564,55.57696661598108
7565,55.59172212915155
7565,55.59172212915155
7565,55.59172212915155
7565,55.59172212915155
7565,55.59172212915155
7566,55.61719011880793
7566,55.61719011880793
7566,55.61719011880793
7566,55.61719011880793
7566,55.61719011880793
7567,55.52703303791729
7567,55.52703303791729
7567,55.52703303791729
7567,55.52703303791729
7567,55.52703303791729
7568,55.52589312543993
7568,55.52589312543993
7568,55.52589312543993
7568,55.52589312543993
7568,55.52589312543993
7569,52.00409991187826
7569,52.00409991187826
7569,52.00409991187826
7569,52.00409991187826
7569,52.00409991187826
7570,55.553515346601046
7570,55.553515346601046
7570,55.553515346601046
7570,55.553515346601046
7570,55.553515346601046
7571,55.54230244191585
7571,55.54230244191585
7571,55.54230244191585
7571,55.54230244191585
7571,55.54230244191585
7572,39.63729845577467
7572,39.63729845577467
7572,39.63729845577467
7572,39.63729845577467
7572,39.63729845577467
7573,39.59908552339344
7573,39.59908552339344
7573,39.59908552339344
7573,39.59908552339344
7573,39.59908552339344
7574,39.60385910481646
7574,39.60385910481646
7574,39.60385910481646
7574,39.60385910481646
7574,39.60385910481646
7575,55.57874951232556
7575,55.57874951232556
7575,55.57874951232556
7575,55.57874951232556
7575,55.57874951232556
7576,59.24518653029279
7576,59.24518653029279
7576,59.24518653029279
7576,59.24518653029279
7576,59.24518653029279
7577,59.32608314077629
7577,59.32608314077629
7577,59.32608314077629
7577,59.32608314077629
7577,59.32608314077629
7578,59.156970466127646
7578,59.156970466127646
7578,59.156970466127646
7578,59.156970466127646
7578,59.156970466127646
7579,59.21060313643784
7579,59.21060313643784
7579,59.21060313643784
7579,59.21060313643784
7579,59.21060313643784
7580,59.212974322115336
7580,59.212974322115336
7580,59.212974322115336
7580,59.212974322115336
7580,59.212974322115336
7581,59.106898604169864
7581,59.106898604169864
7581,59.106898604169864
7581,59.106898604169864
7581,59.106898604169864
7582,59.069130230169094
7582,59.069130230169094
7582,59.069130230169094
7582,59.069130230169094
7582,59.069130230169094
7583,59.06255421345611
7583,59.06255421345611
7583,59.06255421345611
7583,59.06255421345611
7583,59.06255421345611
7584,59.072529044040515
7584,59.072529044040515
7584,59.072529044040515
7584,59.072529044040515
7584,59.072529044040515
7585,59.06319970124648
7585,59.06319970124648
7585,59.06319970124648
7585,59.06319970124648
7585,59.06319970124648
7586,59.06450349123217
7586,59.06450349123217
7586,59.06450349123217
7586,59.06450349123217
7586,59.06450349123217
7587,59.07162525060805
7587,59.07162525060805
7587,59.07162525060805
7587,59.07162525060805
7587,59.07162525060805
7588,55.53655086253959
7588,55.53655086253959
7588,55.53655086253959
7588,55.53655086253959
7588,55.53655086253959
7589,55.61742152309237
7589,55.61742152309237
7589,55.61742152309237
7589,55.61742152309237
7589,55.61742152309237
7590,59.10229168013832
7590,59.10229168013832
7590,59.10229168013832
7590,59.10229168013832
7590,59.10229168013832
7591,59.16512218455965
7591,59.16512218455965
7591,59.16512218455965
7591,59.16512218455965
7591,59.16512218455965
7592,55.588560138687214
7592,55.588560138687214
7592,55.588560138687214
7592,55.588560138687214
7592,55.588560138687214
7593,51.93950102679241
7593,51.93950102679241
7593,51.93950102679241
7593,51.93950102679241
7593,51.93950102679241
7594,35.936248282514086
7594,35.936248282514086
7594,35.936248282514086
7594,35.936248282514086
7594,35.936248282514086
7595,48.27462156624802
7595,48.27462156624802
7595,48.27462156624802
7595,48.27462156624802
7595,48.27462156624802
7596,32.349864831623584
7596,32.349864831623584
7596,32.349864831623584
7596,32.349864831623584
7596,32.349864831623584
7597,32.353199921943045
7597,32.353199921943045
7597,32.353199921943045
7597,32.353199921943045
7597,32.353199921943045
7598,48.276640591726746
7598,48.276640591726746
7598,48.276640591726746
7598,48.276640591726746
7598,48.276640591726746
7599,48.28528315717294
7599,48.28528315717294
7599,48.28528315717294
7599,48.28528315717294
7599,48.28528315717294
7600,48.25055513853889
7600,48.25055513853889
7600,48.25055513853889
7600,48.25055513853889
7600,48.25055513853889
7601,52.0468180210656
7601,52.0468180210656
7601,52.0468180210656
7601,52.0468180210656
7601,52.0468180210656
7602,59.21526982419755
7602,59.21526982419755
7602,59.21526982419755
7602,59.21526982419755
7602,59.21526982419755
7603,55.55066379190214
7603,55.55066379190214
7603,55.55066379190214
7603,55.55066379190214
7603,55.55066379190214
7604,59.20344452170072
7604,59.20344452170072
7604,59.20344452170072
7604,59.20344452170072
7604,59.20344452170072
7605,75.1656491714708
7605,75.1656491714708
7605,75.1656491714708
7605,75.1656491714708
7605,75.1656491714708
7606,75.19327629572439
7606,75.19327629572439
7606,75.19327629572439
7606,75.19327629572439
7606,75.19327629572439
7607,75.28004452080268
7607,75.28004452080268
7607,75.28004452080268
7607,75.28004452080268
7607,75.28004452080268
7608,75.25286286065983
7608,75.25286286065983
7608,75.25286286065983
7608,75.25286286065983
7608,75.25286286065983
7609,75.18170679325694
7609,75.18170679325694
7609,75.18170679325694
7609,75.18170679325694
7609,75.18170679325694
7610,75.22861037159683
7610,75.22861037159683
7610,75.22861037159683
7610,75.22861037159683
7610,75.22861037159683
7611,68.05133402402149
7611,68.05133402402149
7611,68.05133402402149
7611,68.05133402402149
7611,68.05133402402149
7612,55.65210568020264
7612,55.65210568020264
7612,55.65210568020264
7612,55.65210568020264
7612,55.65210568020264
7613,55.60360359738149
7613,55.60360359738149
7613,55.60360359738149
7613,55.60360359738149
7613,55.60360359738149
7614,55.71673942457237
7614,55.71673942457237
7614,55.71673942457237
7614,55.71673942457237
7614,55.71673942457237
7615,55.73318344692266
7615,55.73318344692266
7615,55.73318344692266
7615,55.73318344692266
7615,55.73318344692266
7616,55.74684206803787
7616,55.74684206803787
7616,55.74684206803787
7616,55.74684206803787
7616,55.74684206803787
7617,59.33818855852769
7617,59.33818855852769
7617,59.33818855852769
7617,59.33818855852769
7617,59.33818855852769
7618,59.388875524367634
7618,59.388875524367634
7618,59.388875524367634
7618,59.388875524367634
7618,59.388875524367634
7619,55.827356466171636
7619,55.827356466171636
7619,55.827356466171636
7619,55.827356466171636
7619,55.827356466171636
7620,55.58188683040819
7620,55.58188683040819
7620,55.58188683040819
7620,55.58188683040819
7620,55.58188683040819
7621,55.59563418240956
7621,55.59563418240956
7621,55.59563418240956
7621,55.59563418240956
7621,55.59563418240956
7622,51.97715775137813
7622,51.97715775137813
7622,51.97715775137813
7622,51.97715775137813
7622,51.97715775137813
7623,32.49698166361387
7623,32.49698166361387
7623,32.49698166361387
7623,32.49698166361387
7623,32.49698166361387
7624,32.31545499830064
7624,32.31545499830064
7624,32.31545499830064
7624,32.31545499830064
7624,32.31545499830064
7625,32.33616531630018
7625,32.33616531630018
7625,32.33616531630018
7625,32.33616531630018
7625,32.33616531630018
7626,32.266117031858016
7626,32.266117031858016
7626,32.266117031858016
7626,32.266117031858016
7626,32.266117031858016
7627,32.27690361666902
7627,32.27690361666902
7627,32.27690361666902
7627,32.27690361666902
7627,32.27690361666902
7628,36.06254012119504
7628,36.06254012119504
7628,36.06254012119504
7628,36.06254012119504
7628,36.06254012119504
7629,48.33826870498567
7629,48.33826870498567
7629,48.33826870498567
7629,48.33826870498567
7629,48.33826870498567
7630,51.870052456512056
7630,51.870052456512056
7630,51.870052456512056
7630,51.870052456512056
7630,51.870052456512056
7631,52.20452562193445
7631,52.20452562193445
7631,52.20452562193445
7631,52.20452562193445
7631,52.20452562193445
7632,52.17261344245507
7632,52.17261344245507
7632,52.17261344245507
7632,52.17261344245507
7632,52.17261344245507
7633,55.76965379151185
7633,55.76965379151185
7633,55.76965379151185
7633,55.76965379151185
7633,55.76965379151185
7634,55.76969384513842
7634,55.76969384513842
7634,55.76969384513842
7634,55.76969384513842
7634,55.76969384513842
7635,59.26582128394996
7635,59.26582128394996
7635,59.26582128394996
7635,59.26582128394996
7635,59.26582128394996
7636,59.32914782130376
7636,59.32914782130376
7636,59.32914782130376
7636,59.32914782130376
7636,59.32914782130376
7637,59.395426389882616
7637,59.395426389882616
7637,59.395426389882616
7637,59.395426389882616
7637,59.395426389882616
7638,59.28859370822827
7638,59.28859370822827
7638,59.28859370822827
7638,59.28859370822827
7638,59.28859370822827
7639,59.336724404138124
7639,59.336724404138124
7639,59.336724404138124
7639,59.336724404138124
7639,59.336724404138124
7640,55.735194960368844
7640,55.735194960368844
7640,55.735194960368844
7640,55.735194960368844
7640,55.735194960368844
7641,52.07629756232619
7641,52.07629756232619
7641,52.07629756232619
7641,52.07629756232619
7641,52.07629756232619
7642,67.92428847741331
7642,67.92428847741331
7642,67.92428847741331
7642,67.92428847741331
7642,67.92428847741331
7643,52.0225812158032
7643,52.0225812158032
7643,52.0225812158032
7643,52.0225812158032
7643,52.0225812158032
7644,32.438403579199885
7644,32.438403579199885
7644,32.438403579199885
7644,32.438403579199885
7644,32.438403579199885
7645,35.994772275897255
7645,35.994772275897255
7645,35.994772275897255
7645,35.994772275897255
7645,35.994772275897255
7646,35.969695505400765
7646,35.969695505400765
7646,35.969695505400765
7646,35.969695505400765
7646,35.969695505400765
7647,35.94547245474571
7647,35.94547245474571
7647,35.94547245474571
7647,35.94547245474571
7647,35.94547245474571
7648,35.9558515382708
7648,35.9558515382708
7648,35.9558515382708
7648,35.9558515382708
7648,35.9558515382708
7649,39.57075762029736
7649,39.57075762029736
7649,39.57075762029736
7649,39.57075762029736
7649,39.57075762029736
7650,39.58441660105646
7650,39.58441660105646
7650,39.58441660105646
7650,39.58441660105646
7650,39.58441660105646
7651,39.6027500947
7651,39.6027500947
7651,39.6027500947
7651,39.6027500947
7651,39.6027500947
7652,39.56862000501763
7652,39.56862000501763
7652,39.56862000501763
7652,39.56862000501763
7652,39.56862000501763
7653,39.53220158274758
7653,39.53220158274758
7653,39.53220158274758
7653,39.53220158274758
7653,39.53220158274758
7654,39.51425720499009
7654,39.51425720499009
7654,39.51425720499009
7654,39.51425720499009
7654,39.51425720499009
7655,39.49231801741352
7655,39.49231801741352
7655,39.49231801741352
7655,39.49231801741352
7655,39.49231801741352
7656,39.54887641114149
7656,39.54887641114149
7656,39.54887641114149
7656,39.54887641114149
7656,39.54887641114149
7657,39.52658673107425
7657,39.52658673107425
7657,39.52658673107425
7657,39.52658673107425
7657,39.52658673107425
7658,39.47645132733107
7658,39.47645132733107
7658,39.47645132733107
7658,39.47645132733107
7658,39.47645132733107
7659,39.47596153984422
7659,39.47596153984422
7659,39.47596153984422
7659,39.47596153984422
7659,39.47596153984422
7660,39.41429536795742
7660,39.41429536795742
7660,39.41429536795742
7660,39.41429536795742
7660,39.41429536795742
7661,39.450909637055695
7661,39.450909637055695
7661,39.450909637055695
7661,39.450909637055695
7661,39.450909637055695
7662,35.78461191859958
7662,35.78461191859958
7662,35.78461191859958
7662,35.78461191859958
7662,35.78461191859958
7663,35.828647444007245
7663,35.828647444007245
7663,35.828647444007245
7663,35.828647444007245
7663,35.828647444007245
7664,16.24384638650178
7664,16.24384638650178
7664,16.24384638650178
7664,16.24384638650178
7664,16.24384638650178
7665,16.248374249693498
7665,16.248374249693498
7665,16.248374249693498
7665,16.248374249693498
7665,16.248374249693498
7666,35.8789787127229
7666,35.8789787127229
7666,35.8789787127229
7666,35.8789787127229
7666,35.8789787127229
7667,35.8477921654041
7667,35.8477921654041
7667,35.8477921654041
7667,35.8477921654041
7667,35.8477921654041
7668,32.210334287850046
7668,32.210334287850046
7668,32.210334287850046
7668,32.210334287850046
7668,32.210334287850046
7669,32.181571797715755
7669,32.181571797715755
7669,32.181571797715755
7669,32.181571797715755
7669,32.181571797715755
7670,32.20161905338471
7670,32.20161905338471
7670,32.20161905338471
7670,32.20161905338471
7670,32.20161905338471
7671,32.26879898558492
7671,32.26879898558492
7671,32.26879898558492
7671,32.26879898558492
7671,32.26879898558492
7672,32.27300170149705
7672,32.27300170149705
7672,32.27300170149705
7672,32.27300170149705
7672,32.27300170149705
7673,32.35598220426101
7673,32.35598220426101
7673,32.35598220426101
7673,32.35598220426101
7673,32.35598220426101
7674,0.38859606993555246
7674,0.38859606993555246
7674,0.38859606993555246
7674,0.38859606993555246
7674,0.38859606993555246
7675,0.36754386029927016
7675,0.36754386029927016
7675,0.36754386029927016
7675,0.36754386029927016
7675,0.36754386029927016
7676,0.38433617796800235
7676,0.38433617796800235
7676,0.38433617796800235
7676,0.38433617796800235
7676,0.38433617796800235
7677,0.38856028391266745
7677,0.38856028391266745
7677,0.38856028391266745
7677,0.38856028391266745
7677,0.38856028391266745
7678,0.36725742906941633
7678,0.36725742906941633
7678,0.36725742906941633
7678,0.36725742906941633
7678,0.36725742906941633
7679,16.29706138272585
7679,16.29706138272585
7679,16.29706138272585
7679,16.29706138272585
7679,16.29706138272585
7680,16.27606110073872
7680,16.27606110073872
7680,16.27606110073872
7680,16.27606110073872
7680,16.27606110073872
7681,16.247970045865465
7681,16.247970045865465
7681,16.247970045865465
7681,16.247970045865465
7681,16.247970045865465
7682,16.32745094924347
7682,16.32745094924347
7682,16.32745094924347
7682,16.32745094924347
7682,16.32745094924347
7683,16.285161513129506
7683,16.285161513129506
7683,16.285161513129506
7683,16.285161513129506
7683,16.285161513129506
7684,16.288355746915425
7684,16.288355746915425
7684,16.288355746915425
7684,16.288355746915425
7684,16.288355746915425
7685,16.274931086458313
7685,16.274931086458313
7685,16.274931086458313
7685,16.274931086458313
7685,16.274931086458313
7686,16.264981051099717
7686,16.264981051099717
7686,16.264981051099717
7686,16.264981051099717
7686,16.264981051099717
7687,16.2298933894741
7687,16.2298933894741
7687,16.2298933894741
7687,16.2298933894741
7687,16.2298933894741
7688,16.272835783905258
7688,16.272835783905258
7688,16.272835783905258
7688,16.272835783905258
7688,16.272835783905258
7689,16.290883638946116
7689,16.290883638946116
7689,16.290883638946116
7689,16.290883638946116
7689,16.290883638946116
7690,16.286719881179845
7690,16.286719881179845
7690,16.286719881179845
7690,16.286719881179845
7690,16.286719881179845
7691,16.360108917188278
7691,16.360108917188278
7691,16.360108917188278
7691,16.360108917188278
7691,16.360108917188278
7692,16.396856150547027
7692,16.396856150547027
7692,16.396856150547027
7692,16.396856150547027
7692,16.396856150547027
7693,16.410382833462354
7693,16.410382833462354
7693,16.410382833462354
7693,16.410382833462354
7693,16.410382833462354
7694,16.388112941521307
7694,16.388112941521307
7694,16.388112941521307
7694,16.388112941521307
7694,16.388112941521307
7695,16.269275918764706
7695,16.269275918764706
7695,16.269275918764706
7695,16.269275918764706
7695,16.269275918764706
7696,32.22739793168587
7696,32.22739793168587
7696,32.22739793168587
7696,32.22739793168587
7696,32.22739793168587
7697,32.22809954426193
7697,32.22809954426193
7697,32.22809954426193
7697,32.22809954426193
7697,32.22809954426193
7698,32.217683738457126
7698,32.217683738457126
7698,32.217683738457126
7698,32.217683738457126
7698,32.217683738457126
7699,32.21639628112481
7699,32.21639628112481
7699,32.21639628112481
7699,32.21639628112481
7699,32.21639628112481
7700,16.274843315222107
7700,16.274843315222107
7700,16.274843315222107
7700,16.274843315222107
7700,16.274843315222107
7701,16.24646251703105
7701,16.24646251703105
7701,16.24646251703105
7701,16.24646251703105
7701,16.24646251703105
7702,32.18998695522585
7702,32.18998695522585
7702,32.18998695522585
7702,32.18998695522585
7702,32.18998695522585
7703,35.80693507621926
7703,35.80693507621926
7703,35.80693507621926
7703,35.80693507621926
7703,35.80693507621926
7704,16.225683763923293
7704,16.225683763923293
7704,16.225683763923293
7704,16.225683763923293
7704,16.225683763923293
7705,16.392791651755665
7705,16.392791651755665
7705,16.392791651755665
7705,16.392791651755665
7705,16.392791651755665
7706,16.45413210750997
7706,16.45413210750997
7706,16.45413210750997
7706,16.45413210750997
7706,16.45413210750997
7707,16.411713559905497
7707,16.411713559905497
7707,16.411713559905497
7707,16.411713559905497
7707,16.411713559905497
7708,19.979691246564737
7708,19.979691246564737
7708,19.979691246564737
7708,19.979691246564737
7708,19.979691246564737
7709,35.87659819572012
7709,35.87659819572012
7709,35.87659819572012
7709,35.87659819572012
7709,35.87659819572012
7710,35.914101261852956
7710,35.914101261852956
7710,35.914101261852956
7710,35.914101261852956
7710,35.914101261852956
7711,35.92895062896279
7711,35.92895062896279
7711,35.92895062896279
7711,35.92895062896279
7711,35.92895062896279
7712,35.894446199362115
7712,35.894446199362115
7712,35.894446199362115
7712,35.894446199362115
7712,35.894446199362115
7713,36.03447523451006
7713,36.03447523451006
7713,36.03447523451006
7713,36.03447523451006
7713,36.03447523451006
7714,35.95772752972064
7714,35.95772752972064
7714,35.95772752972064
7714,35.95772752972064
7714,35.95772752972064
7715,32.263815891824066
7715,32.263815891824066
7715,32.263815891824066
7715,32.263815891824066
7715,32.263815891824066
7716,0.3298613316031522
7716,0.3298613316031522
7716,0.3298613316031522
7716,0.3298613316031522
7716,0.3298613316031522
7717,0.31716362963489614
7717,0.31716362963489614
7717,0.31716362963489614
7717,0.31716362963489614
7717,0.31716362963489614
7718,0.3263687364091365
7718,0.3263687364091365
7718,0.3263687364091365
7718,0.3263687364091365
7718,0.3263687364091365
7719,0.3704902939204223
7719,0.3704902939204223
7719,0.3704902939204223
7719,0.3704902939204223
7719,0.3704902939204223
7720,0.37867897382701377
7720,0.37867897382701377
7720,0.37867897382701377
7720,0.37867897382701377
7720,0.37867897382701377
7721,0.41664825648328885
7721,0.41664825648328885
7721,0.41664825648328885
7721,0.41664825648328885
7721,0.41664825648328885
7722,0.4448655718034539
7722,0.4448655718034539
7722,0.4448655718034539
7722,0.4448655718034539
7722,0.4448655718034539
7723,0.4350478715379641
7723,0.4350478715379641
7723,0.4350478715379641
7723,0.4350478715379641
7723,0.4350478715379641
7724,0.38528676343379015
7724,0.38528676343379015
7724,0.38528676343379015
7724,0.38528676343379015
7724,0.38528676343379015
7725,0.3884195235841314
7725,0.3884195235841314
7725,0.3884195235841314
7725,0.3884195235841314
7725,0.3884195235841314
7726,0.37959008795851756
7726,0.37959008795851756
7726,0.37959008795851756
7726,0.37959008795851756
7726,0.37959008795851756
7727,0.3911272700191799
7727,0.3911272700191799
7727,0.3911272700191799
7727,0.3911272700191799
7727,0.3911272700191799
7728,0.35997903044763707
7728,0.35997903044763707
7728,0.35997903044763707
7728,0.35997903044763707
7728,0.35997903044763707
7729,0.3726885562682648
7729,0.3726885562682648
7729,0.3726885562682648
7729,0.3726885562682648
7729,0.3726885562682648
7730,0.352883683366587
7730,0.352883683366587
7730,0.352883683366587
7730,0.352883683366587
7730,0.352883683366587
7731,16.316691876673605
7731,16.316691876673605
7731,16.316691876673605
7731,16.316691876673605
7731,16.316691876673605
7732,0.41684030373096503
7732,0.41684030373096503
7732,0.41684030373096503
7732,0.41684030373096503
7732,0.41684030373096503
7733,0.46734107622281795
7733,0.46734107622281795
7733,0.46734107622281795
7733,0.46734107622281795
7733,0.46734107622281795
7734,16.40731429436793
7734,16.40731429436793
7734,16.40731429436793
7734,16.40731429436793
7734,16.40731429436793
7735,16.412048320445194
7735,16.412048320445194
7735,16.412048320445194
7735,16.412048320445194
7735,16.412048320445194
7736,20.077955357584386
7736,20.077955357584386
7736,20.077955357584386
7736,20.077955357584386
7736,20.077955357584386
7737,51.94446830497814
7737,51.94446830497814
7737,51.94446830497814
7737,51.94446830497814
7737,51.94446830497814
7738,51.910730588561435
7738,51.910730588561435
7738,51.910730588561435
7738,51.910730588561435
7738,51.910730588561435
7739,51.94126307504123
7739,51.94126307504123
7739,51.94126307504123
7739,51.94126307504123
7739,51.94126307504123
7740,55.53477007588174
7740,55.53477007588174
7740,55.53477007588174
7740,55.53477007588174
7740,55.53477007588174
7741,67.88009330801302
7741,67.88009330801302
7741,67.88009330801302
7741,67.88009330801302
7741,67.88009330801302
7742,67.84168060781761
7742,67.84168060781761
7742,67.84168060781761
7742,67.84168060781761
7742,67.84168060781761
7743,71.43222550925859
7743,71.43222550925859
7743,71.43222550925859
7743,71.43222550925859
7743,71.43222550925859
7744,71.46565838406762
7744,71.46565838406762
7744,71.46565838406762
7744,71.46565838406762
7744,71.46565838406762
7745,71.55481971634953
7745,71.55481971634953
7745,71.55481971634953
7745,71.55481971634953
7745,71.55481971634953
7746,71.47784393481649
7746,71.47784393481649
7746,71.47784393481649
7746,71.47784393481649
7746,71.47784393481649
7747,71.51063645074349
7747,71.51063645074349
7747,71.51063645074349
7747,71.51063645074349
7747,71.51063645074349
7748,67.83780074950974
7748,67.83780074950974
7748,67.83780074950974
7748,67.83780074950974
7748,67.83780074950974
7749,36.00751959628842
7749,36.00751959628842
7749,36.00751959628842
7749,36.00751959628842
7749,36.00751959628842
7750,35.94997758841447
7750,35.94997758841447
7750,35.94997758841447
7750,35.94997758841447
7750,35.94997758841447
7751,35.97258445101616
7751,35.97258445101616
7751,35.97258445101616
7751,35.97258445101616
7751,35.97258445101616
7752,55.51937500354965
7752,55.51937500354965
7752,55.51937500354965
7752,55.51937500354965
7752,55.51937500354965
7753,55.69646497113335
7753,55.69646497113335
7753,55.69646497113335
7753,55.69646497113335
7753,55.69646497113335
7754,55.70423362053066
7754,55.70423362053066
7754,55.70423362053066
7754,55.70423362053066
7754,55.70423362053066
7755,55.71279227348862
7755,55.71279227348862
7755,55.71279227348862
7755,55.71279227348862
7755,55.71279227348862
7756,55.657629914164694
7756,55.657629914164694
7756,55.657629914164694
7756,55.657629914164694
7756,55.657629914164694
7757,55.65093852972119
7757,55.65093852972119
7757,55.65093852972119
7757,55.65093852972119
7757,55.65093852972119
7758,67.89989251103094
7758,67.89989251103094
7758,67.89989251103094
7758,67.89989251103094
7758,67.89989251103094
7759,67.98478184650942
7759,67.98478184650942
7759,67.98478184650942
7759,67.98478184650942
7759,67.98478184650942
7760,67.96861006955343
7760,67.96861006955343
7760,67.96861006955343
7760,67.96861006955343
7760,67.96861006955343
7761,68.00235379623372
7761,68.00235379623372
7761,68.00235379623372
7761,68.00235379623372
7761,68.00235379623372
7762,67.9729196495111
7762,67.9729196495111
7762,67.9729196495111
7762,67.9729196495111
7762,67.9729196495111
7763,52.12423526080088
7763,52.12423526080088
7763,52.12423526080088
7763,52.12423526080088
7763,52.12423526080088
7764,52.25808533129392
7764,52.25808533129392
7764,52.25808533129392
7764,52.25808533129392
7764,52.25808533129392
7765,55.834652273005915
7765,55.834652273005915
7765,55.834652273005915
7765,55.834652273005915
7765,55.834652273005915
7766,71.79239554521254
7766,71.79239554521254
7766,71.79239554521254
7766,71.79239554521254
7766,71.79239554521254
7767,71.75131736888406
7767,71.75131736888406
7767,71.75131736888406
7767,71.75131736888406
7767,71.75131736888406
7768,71.67888373776921
7768,71.67888373776921
7768,71.67888373776921
7768,71.67888373776921
7768,71.67888373776921
7769,71.57929217709814
7769,71.57929217709814
7769,71.57929217709814
7769,71.57929217709814
7769,71.57929217709814
7770,75.14408166201386
7770,75.14408166201386
7770,75.14408166201386
7770,75.14408166201386
7770,75.14408166201386
7771,75.09491917744461
7771,75.09491917744461
7771,75.09491917744461
7771,75.09491917744461
7771,75.09491917744461
7772,75.08797964988011
7772,75.08797964988011
7772,75.08797964988011
7772,75.08797964988011
7772,75.08797964988011
7773,78.76653075810057
7773,78.76653075810057
7773,78.76653075810057
7773,78.76653075810057
7773,78.76653075810057
7774,71.52763220492675
7774,71.52763220492675
7774,71.52763220492675
7774,71.52763220492675
7774,71.52763220492675
7775,71.55268047955028
7775,71.55268047955028
7775,71.55268047955028
7775,71.55268047955028
7775,71.55268047955028
7776,51.98842540386905
7776,51.98842540386905
7776,51.98842540386905
7776,51.98842540386905
7776,51.98842540386905
7777,51.96662964614791
7777,51.96662964614791
7777,51.96662964614791
7777,51.96662964614791
7777,51.96662964614791
7778,36.062605282086174
7778,36.062605282086174
7778,36.062605282086174
7778,36.062605282086174
7778,36.062605282086174
7779,36.06888773526005
7779,36.06888773526005
7779,36.06888773526005
7779,36.06888773526005
7779,36.06888773526005
7780,52.01783070078877
7780,52.01783070078877
7780,52.01783070078877
7780,52.01783070078877
7780,52.01783070078877
7781,52.003621170024076
7781,52.003621170024076
7781,52.003621170024076
7781,52.003621170024076
7781,52.003621170024076
7782,36.025421379376276
7782,36.025421379376276
7782,36.025421379376276
7782,36.025421379376276
7782,36.025421379376276
7783,35.90632565149532
7783,35.90632565149532
7783,35.90632565149532
7783,35.90632565149532
7783,35.90632565149532
7784,35.9364910248765
7784,35.9364910248765
7784,35.9364910248765
7784,35.9364910248765
7784,35.9364910248765
7785,35.91760468560631
7785,35.91760468560631
7785,35.91760468560631
7785,35.91760468560631
7785,35.91760468560631
7786,51.97992770467529
7786,51.97992770467529
7786,51.97992770467529
7786,51.97992770467529
7786,51.97992770467529
7787,52.01183020154092
7787,52.01183020154092
7787,52.01183020154092
7787,52.01183020154092
7787,52.01183020154092
7788,52.00116021640273
7788,52.00116021640273
7788,52.00116021640273
7788,52.00116021640273
7788,52.00116021640273
7789,51.91549870716513
7789,51.91549870716513
7789,51.91549870716513
7789,51.91549870716513
7789,51.91549870716513
7790,51.99486991386939
7790,51.99486991386939
7790,51.99486991386939
7790,51.99486991386939
7790,51.99486991386939
7791,55.519137728932186
7791,55.519137728932186
7791,55.519137728932186
7791,55.519137728932186
7791,55.519137728932186
7792,51.87434203823334
7792,51.87434203823334
7792,51.87434203823334
7792,51.87434203823334
7792,51.87434203823334
7793,51.89020509345399
7793,51.89020509345399
7793,51.89020509345399
7793,51.89020509345399
7793,51.89020509345399
7794,55.47534744330177
7794,55.47534744330177
7794,55.47534744330177
7794,55.47534744330177
7794,55.47534744330177
7795,59.1820445070314
7795,59.1820445070314
7795,59.1820445070314
7795,59.1820445070314
7795,59.1820445070314
7796,59.21003750381895
7796,59.21003750381895
7796,59.21003750381895
7796,59.21003750381895
7796,59.21003750381895
7797,59.13789731071675
7797,59.13789731071675
7797,59.13789731071675
7797,59.13789731071675
7797,59.13789731071675
7798,59.2245022394981
7798,59.2245022394981
7798,59.2245022394981
7798,59.2245022394981
7798,59.2245022394981
7799,59.273211193293506
7799,59.273211193293506
7799,59.273211193293506
7799,59.273211193293506
7799,59.273211193293506
7800,51.98933164133107
7800,51.98933164133107
7800,51.98933164133107
7800,51.98933164133107
7800,51.98933164133107
7801,52.00125059244418
7801,52.00125059244418
7801,52.00125059244418
7801,52.00125059244418
7801,52.00125059244418
7802,71.72919546411505
7802,71.72919546411505
7802,71.72919546411505
7802,71.72919546411505
7802,71.72919546411505
7803,87.59756946086813
7803,87.59756946086813
7803,87.59756946086813
7803,87.59756946086813
7803,87.59756946086813
7804,87.56658903398821
7804,87.56658903398821
7804,87.56658903398821
7804,87.56658903398821
7804,87.56658903398821
7805,71.63798267543999
7805,71.63798267543999
7805,71.63798267543999
7805,71.63798267543999
7805,71.63798267543999
7806,83.9264855311752
7806,83.9264855311752
7806,83.9264855311752
7806,83.9264855311752
7806,83.9264855311752
7807,83.84528236176325
7807,83.84528236176325
7807,83.84528236176325
7807,83.84528236176325
7807,83.84528236176325
7808,83.89094910348415
7808,83.89094910348415
7808,83.89094910348415
7808,83.89094910348415
7808,83.89094910348415
7809,83.91882996833564
7809,83.91882996833564
7809,83.91882996833564
7809,83.91882996833564
7809,83.91882996833564
7810,83.92863284795007
7810,83.92863284795007
7810,83.92863284795007
7810,83.92863284795007
7810,83.92863284795007
7811,68.01583058824886
7811,68.01583058824886
7811,68.01583058824886
7811,68.01583058824886
7811,68.01583058824886
7812,84.00596988293155
7812,84.00596988293155
7812,84.00596988293155
7812,84.00596988293155
7812,84.00596988293155
7813,83.99257506350946
7813,83.99257506350946
7813,83.99257506350946
7813,83.99257506350946
7813,83.99257506350946
7814,67.92014138465058
7814,67.92014138465058
7814,67.92014138465058
7814,67.92014138465058
7814,67.92014138465058
7815,67.96540549008083
7815,67.96540549008083
7815,67.96540549008083
7815,67.96540549008083
7815,67.96540549008083
7816,55.64385544632783
7816,55.64385544632783
7816,55.64385544632783
7816,55.64385544632783
7816,55.64385544632783
7817,55.613197026224455
7817,55.613197026224455
7817,55.613197026224455
7817,55.613197026224455
7817,55.613197026224455
7818,51.98350021355166
7818,51.98350021355166
7818,51.98350021355166
7818,51.98350021355166
7818,51.98350021355166
7819,36.0049034384856
7819,36.0049034384856
7819,36.0049034384856
7819,36.0049034384856
7819,36.0049034384856
7820,36.01365748342549
7820,36.01365748342549
7820,36.01365748342549
7820,36.01365748342549
7820,36.01365748342549
7821,36.045437693673634
7821,36.045437693673634
7821,36.045437693673634
7821,36.045437693673634
7821,36.045437693673634
7822,36.04835948268292
7822,36.04835948268292
7822,36.04835948268292
7822,36.04835948268292
7822,36.04835948268292
7823,36.00595243728028
7823,36.00595243728028
7823,36.00595243728028
7823,36.00595243728028
7823,36.00595243728028
7824,39.61820065842265
7824,39.61820065842265
7824,39.61820065842265
7824,39.61820065842265
7824,39.61820065842265
7825,39.61167467579075
7825,39.61167467579075
7825,39.61167467579075
7825,39.61167467579075
7825,39.61167467579075
7826,55.54121580054891
7826,55.54121580054891
7826,55.54121580054891
7826,55.54121580054891
7826,55.54121580054891
7827,51.962652830039744
7827,51.962652830039744
7827,51.962652830039744
7827,51.962652830039744
7827,51.962652830039744
7828,48.31520399593394
7828,48.31520399593394
7828,48.31520399593394
7828,48.31520399593394
7828,48.31520399593394
7829,48.32583714971036
7829,48.32583714971036
7829,48.32583714971036
7829,48.32583714971036
7829,48.32583714971036
7830,48.30388564909565
7830,48.30388564909565
7830,48.30388564909565
7830,48.30388564909565
7830,48.30388564909565
7831,48.316357895556706
7831,48.316357895556706
7831,48.316357895556706
7831,48.316357895556706
7831,48.316357895556706
7832,51.974975169150774
7832,51.974975169150774
7832,51.974975169150774
7832,51.974975169150774
7832,51.974975169150774
7833,67.80506634396166
7833,67.80506634396166
7833,67.80506634396166
7833,67.80506634396166
7833,67.80506634396166
7834,67.88095680470335
7834,67.88095680470335
7834,67.88095680470335
7834,67.88095680470335
7834,67.88095680470335
7835,67.9258505533487
7835,67.9258505533487
7835,67.9258505533487
7835,67.9258505533487
7835,67.9258505533487
7836,71.57960675780812
7836,71.57960675780812
7836,71.57960675780812
7836,71.57960675780812
7836,71.57960675780812
7837,87.55416140694527
7837,87.55416140694527
7837,87.55416140694527
7837,87.55416140694527
7837,87.55416140694527
7838,83.88884489816779
7838,83.88884489816779
7838,83.88884489816779
7838,83.88884489816779
7838,83.88884489816779
7839,83.91021258225108
7839,83.91021258225108
7839,83.91021258225108
7839,83.91021258225108
7839,83.91021258225108
7840,71.52331145380667
7840,71.52331145380667
7840,71.52331145380667
7840,71.52331145380667
7840,71.52331145380667
7841,71.53817179605366
7841,71.53817179605366
7841,71.53817179605366
7841,71.53817179605366
7841,71.53817179605366
7842,87.52187164272763
7842,87.52187164272763
7842,87.52187164272763
7842,87.52187164272763
7842,87.52187164272763
7843,87.54412220610168
7843,87.54412220610168
7843,87.54412220610168
7843,87.54412220610168
7843,87.54412220610168
7844,68.03312568019365
7844,68.03312568019365
7844,68.03312568019365
7844,68.03312568019365
7844,68.03312568019365
7845,68.0942273984162
7845,68.0942273984162
7845,68.0942273984162
7845,68.0942273984162
7845,68.0942273984162
7846,68.05118090913577
7846,68.05118090913577
7846,68.05118090913577
7846,68.05118090913577
7846,68.05118090913577
7847,68.03445927890132
7847,68.03445927890132
7847,68.03445927890132
7847,68.03445927890132
7847,68.03445927890132
7848,67.91323418360761
7848,67.91323418360761
7848,67.91323418360761
7848,67.91323418360761
7848,67.91323418360761
7849,67.84057093110066
7849,67.84057093110066
7849,67.84057093110066
7849,67.84057093110066
7849,67.84057093110066
7850,67.83328884258204
7850,67.83328884258204
7850,67.83328884258204
7850,67.83328884258204
7850,67.83328884258204
7851,75.1031827498164
7851,75.1031827498164
7851,75.1031827498164
7851,75.1031827498164
7851,75.1031827498164
7852,75.08670397624262
7852,75.08670397624262
7852,75.08670397624262
7852,75.08670397624262
7852,75.08670397624262
7853,75.06623756076415
7853,75.06623756076415
7853,75.06623756076415
7853,75.06623756076415
7853,75.06623756076415
7854,75.0631191179212
7854,75.0631191179212
7854,75.0631191179212
7854,75.0631191179212
7854,75.0631191179212
7855,75.0516572602165
7855,75.0516572602165
7855,75.0516572602165
7855,75.0516572602165
7855,75.0516572602165
7856,71.47026495518256
7856,71.47026495518256
7856,71.47026495518256
7856,71.47026495518256
7856,71.47026495518256
7857,74.98042769837087
7857,74.98042769837087
7857,74.98042769837087
7857,74.98042769837087
7857,74.98042769837087
7858,59.0893483565329
7858,59.0893483565329
7858,59.0893483565329
7858,59.0893483565329
7858,59.0893483565329
7859,55.572418353102634
7859,55.572418353102634
7859,55.572418353102634
7859,55.572418353102634
7859,55.572418353102634
7860,71.42307930529716
7860,71.42307930529716
7860,71.42307930529716
7860,71.42307930529716
7860,71.42307930529716
7861,71.55753728207313
7861,71.55753728207313
7861,71.55753728207313
7861,71.55753728207313
7861,71.55753728207313
7862,71.56655136731436
7862,71.56655136731436
7862,71.56655136731436
7862,71.56655136731436
7862,71.56655136731436
7863,67.88556417092681
7863,67.88556417092681
7863,67.88556417092681
7863,67.88556417092681
7863,67.88556417092681
7864,71.45265435528856
7864,71.45265435528856
7864,71.45265435528856
7864,71.45265435528856
7864,71.45265435528856
7865,59.22595906890714
7865,59.22595906890714
7865,59.22595906890714
7865,59.22595906890714
7865,59.22595906890714
7866,71.71337766467721
7866,71.71337766467721
7866,71.71337766467721
7866,71.71337766467721
7866,71.71337766467721
7867,71.75957598313903
7867,71.75957598313903
7867,71.75957598313903
7867,71.75957598313903
7867,71.75957598313903
7868,87.81101268038616
7868,87.81101268038616
7868,87.81101268038616
7868,87.81101268038616
7868,87.81101268038616
7869,87.78275562452113
7869,87.78275562452113
7869,87.78275562452113
7869,87.78275562452113
7869,87.78275562452113
7870,87.73459587982504
7870,87.73459587982504
7870,87.73459587982504
7870,87.73459587982504
7870,87.73459587982504
7871,91.30934233469947
7871,91.30934233469947
7871,91.30934233469947
7871,91.30934233469947
7871,91.30934233469947
7872,91.26406856334489
7872,91.26406856334489
7872,91.26406856334489
7872,91.26406856334489
7872,91.26406856334489
7873,94.83806965671496
7873,94.83806965671496
7873,94.83806965671496
7873,94.83806965671496
7873,94.83806965671496
7874,91.18169000964292
7874,91.18169000964292
7874,91.18169000964292
7874,91.18169000964292
7874,91.18169000964292
7875,91.10122499751495
7875,91.10122499751495
7875,91.10122499751495
7875,91.10122499751495
7875,91.10122499751495
7876,91.10400903869501
7876,91.10400903869501
7876,91.10400903869501
7876,91.10400903869501
7876,91.10400903869501
7877,91.17770616109917
7877,91.17770616109917
7877,91.17770616109917
7877,91.17770616109917
7877,91.17770616109917
7878,91.21544327448375
7878,91.21544327448375
7878,91.21544327448375
7878,91.21544327448375
7878,91.21544327448375
7879,94.96704863946039
7879,94.96704863946039
7879,94.96704863946039
7879,94.96704863946039
7879,94.96704863946039
7880,75.37932749474129
7880,75.37932749474129
7880,75.37932749474129
7880,75.37932749474129
7880,75.37932749474129
7881,75.44375699585117
7881,75.44375699585117
7881,75.44375699585117
7881,75.44375699585117
7881,75.44375699585117
7882,71.8539455148201
7882,71.8539455148201
7882,71.8539455148201
7882,71.8539455148201
7882,71.8539455148201
7883,71.84654283132895
7883,71.84654283132895
7883,71.84654283132895
7883,71.84654283132895
7883,71.84654283132895
7884,87.76945213914225
7884,87.76945213914225
7884,87.76945213914225
7884,87.76945213914225
7884,87.76945213914225
7885,87.75802027822473
7885,87.75802027822473
7885,87.75802027822473
7885,87.75802027822473
7885,87.75802027822473
7886,71.78166755202862
7886,71.78166755202862
7886,71.78166755202862
7886,71.78166755202862
7886,71.78166755202862
7887,71.65665277731212
7887,71.65665277731212
7887,71.65665277731212
7887,71.65665277731212
7887,71.65665277731212
7888,87.43253725543434
7888,87.43253725543434
7888,87.43253725543434
7888,87.43253725543434
7888,87.43253725543434
7889,91.00759616637632
7889,91.00759616637632
7889,91.00759616637632
7889,91.00759616637632
7889,91.00759616637632
7890,67.82095741173873
7890,67.82095741173873
7890,67.82095741173873
7890,67.82095741173873
7890,67.82095741173873
7891,91.05134300829938
7891,91.05134300829938
7891,91.05134300829938
7891,91.05134300829938
7891,91.05134300829938
7892,91.09696566534254
7892,91.09696566534254
7892,91.09696566534254
7892,91.09696566534254
7892,91.09696566534254
7893,91.07850466792196
7893,91.07850466792196
7893,91.07850466792196
7893,91.07850466792196
7893,91.07850466792196
7894,87.59588403985505
7894,87.59588403985505
7894,87.59588403985505
7894,87.59588403985505
7894,87.59588403985505
7895,87.65901672912324
7895,87.65901672912324
7895,87.65901672912324
7895,87.65901672912324
7895,87.65901672912324
7896,71.8020561559369
7896,71.8020561559369
7896,71.8020561559369
7896,71.8020561559369
7896,71.8020561559369
7897,71.82625593314313
7897,71.82625593314313
7897,71.82625593314313
7897,71.82625593314313
7897,71.82625593314313
7898,75.48268726589313
7898,75.48268726589313
7898,75.48268726589313
7898,75.48268726589313
7898,75.48268726589313
7899,71.80590394500341
7899,71.80590394500341
7899,71.80590394500341
7899,71.80590394500341
7899,71.80590394500341
7900,71.75790119611209
7900,71.75790119611209
7900,71.75790119611209
7900,71.75790119611209
7900,71.75790119611209
7901,87.56537997590355
7901,87.56537997590355
7901,87.56537997590355
7901,87.56537997590355
7901,87.56537997590355
7902,87.53005659647002
7902,87.53005659647002
7902,87.53005659647002
7902,87.53005659647002
7902,87.53005659647002
7903,71.61572287956537
7903,71.61572287956537
7903,71.61572287956537
7903,71.61572287956537
7903,71.61572287956537
7904,71.5937098533428
7904,71.5937098533428
7904,71.5937098533428
7904,71.5937098533428
7904,71.5937098533428
7905,71.56763922163552
7905,71.56763922163552
7905,71.56763922163552
7905,71.56763922163552
7905,71.56763922163552
7906,87.52718760804541
7906,87.52718760804541
7906,87.52718760804541
7906,87.52718760804541
7906,87.52718760804541
7907,87.55985347350682
7907,87.55985347350682
7907,87.55985347350682
7907,87.55985347350682
7907,87.55985347350682
7908,91.17852911383271
7908,91.17852911383271
7908,91.17852911383271
7908,91.17852911383271
7908,91.17852911383271
7909,87.55782022795483
7909,87.55782022795483
7909,87.55782022795483
7909,87.55782022795483
7909,87.55782022795483
7910,91.16489750820948
7910,91.16489750820948
7910,91.16489750820948
7910,91.16489750820948
7910,91.16489750820948
7911,91.27239572610844
7911,91.27239572610844
7911,91.27239572610844
7911,91.27239572610844
7911,91.27239572610844
7912,87.61536985307278
7912,87.61536985307278
7912,87.61536985307278
7912,87.61536985307278
7912,87.61536985307278
7913,71.66621740552506
7913,71.66621740552506
7913,71.66621740552506
7913,71.66621740552506
7913,71.66621740552506
7914,71.62810233644173
7914,71.62810233644173
7914,71.62810233644173
7914,71.62810233644173
7914,71.62810233644173
7915,71.69557019665157
7915,71.69557019665157
7915,71.69557019665157
7915,71.69557019665157
7915,71.69557019665157
7916,68.09090075579562
7916,68.09090075579562
7916,68.09090075579562
7916,68.09090075579562
7916,68.09090075579562
7917,68.07687223598239
7917,68.07687223598239
7917,68.07687223598239
7917,68.07687223598239
7917,68.07687223598239
7918,80.36289954372057
7918,80.36289954372057
7918,80.36289954372057
7918,80.36289954372057
7918,80.36289954372057
7919,80.33368219963732
7919,80.33368219963732
7919,80.33368219963732
7919,80.33368219963732
7919,80.33368219963732
7920,83.9351867594579
7920,83.9351867594579
7920,83.9351867594579
7920,83.9351867594579
7920,83.9351867594579
7921,68.00302550263213
7921,68.00302550263213
7921,68.00302550263213
7921,68.00302550263213
7921,68.00302550263213
7922,68.04597732198002
7922,68.04597732198002
7922,68.04597732198002
7922,68.04597732198002
7922,68.04597732198002
7923,75.10068391782865
7923,75.10068391782865
7923,75.10068391782865
7923,75.10068391782865
7923,75.10068391782865
7924,71.52473835411494
7924,71.52473835411494
7924,71.52473835411494
7924,71.52473835411494
7924,71.52473835411494
7925,71.62823319109313
7925,71.62823319109313
7925,71.62823319109313
7925,71.62823319109313
7925,71.62823319109313
7926,87.56630877056884
7926,87.56630877056884
7926,87.56630877056884
7926,87.56630877056884
7926,87.56630877056884
7927,83.91030994111706
7927,83.91030994111706
7927,83.91030994111706
7927,83.91030994111706
7927,83.91030994111706
7928,32.541137853053115
7928,32.541137853053115
7928,32.541137853053115
7928,32.541137853053115
7928,32.541137853053115
7929,32.46442939027211
7929,32.46442939027211
7929,32.46442939027211
7929,32.46442939027211
7929,32.46442939027211
7930,32.443538784866846
7930,32.443538784866846
7930,32.443538784866846
7930,32.443538784866846
7930,32.443538784866846
7931,48.35664509809165
7931,48.35664509809165
7931,48.35664509809165
7931,48.35664509809165
7931,48.35664509809165
7932,35.99967499190133
7932,35.99967499190133
7932,35.99967499190133
7932,35.99967499190133
7932,35.99967499190133
7933,52.0353236702479
7933,52.0353236702479
7933,52.0353236702479
7933,52.0353236702479
7933,52.0353236702479
7934,52.0323128415002
7934,52.0323128415002
7934,52.0323128415002
7934,52.0323128415002
7934,52.0323128415002
7935,52.01364003050446
7935,52.01364003050446
7935,52.01364003050446
7935,52.01364003050446
7935,52.01364003050446
7936,67.98838514795457
7936,67.98838514795457
7936,67.98838514795457
7936,67.98838514795457
7936,67.98838514795457
7937,67.9947093934703
7937,67.9947093934703
7937,67.9947093934703
7937,67.9947093934703
7937,67.9947093934703
7938,67.95669910336622
7938,67.95669910336622
7938,67.95669910336622
7938,67.95669910336622
7938,67.95669910336622
7939,68.00299161684902
7939,68.00299161684902
7939,68.00299161684902
7939,68.00299161684902
7939,68.00299161684902
7940,67.85080585641381
7940,67.85080585641381
7940,67.85080585641381
7940,67.85080585641381
7940,67.85080585641381
7941,83.81522048681883
7941,83.81522048681883
7941,83.81522048681883
7941,83.81522048681883
7941,83.81522048681883
7942,67.87412166255348
7942,67.87412166255348
7942,67.87412166255348
7942,67.87412166255348
7942,67.87412166255348
7943,71.42541370441472
7943,71.42541370441472
7943,71.42541370441472
7943,71.42541370441472
7943,71.42541370441472
7944,71.41741452914442
7944,71.41741452914442
7944,71.41741452914442
7944,71.41741452914442
7944,71.41741452914442
7945,71.42631857715574
7945,71.42631857715574
7945,71.42631857715574
7945,71.42631857715574
7945,71.42631857715574
7946,67.80560772971722
7946,67.80560772971722
7946,67.80560772971722
7946,67.80560772971722
7946,67.80560772971722
7947,36.05794848413608
7947,36.05794848413608
7947,36.05794848413608
7947,36.05794848413608
7947,36.05794848413608
7948,35.96022232912607
7948,35.96022232912607
7948,35.96022232912607
7948,35.96022232912607
7948,35.96022232912607
7949,36.04006789978139
7949,36.04006789978139
7949,36.04006789978139
7949,36.04006789978139
7949,36.04006789978139
7950,36.02327221740019
7950,36.02327221740019
7950,36.02327221740019
7950,36.02327221740019
7950,36.02327221740019
7951,36.039674764940266
7951,36.039674764940266
7951,36.039674764940266
7951,36.039674764940266
7951,36.039674764940266
7952,20.081904486789032
7952,20.081904486789032
7952,20.081904486789032
7952,20.081904486789032
7952,20.081904486789032
7953,20.041226853174134
7953,20.041226853174134
7953,20.041226853174134
7953,20.041226853174134
7953,20.041226853174134
7954,32.3832340896274
7954,32.3832340896274
7954,32.3832340896274
7954,32.3832340896274
7954,32.3832340896274
7955,32.369612523662056
7955,32.369612523662056
7955,32.369612523662056
7955,32.369612523662056
7955,32.369612523662056
7956,36.02373124694983
7956,36.02373124694983
7956,36.02373124694983
7956,36.02373124694983
7956,36.02373124694983
7957,36.00919655664632
7957,36.00919655664632
7957,36.00919655664632
7957,36.00919655664632
7957,36.00919655664632
7958,39.65937757510413
7958,39.65937757510413
7958,39.65937757510413
7958,39.65937757510413
7958,39.65937757510413
7959,55.59762023463884
7959,55.59762023463884
7959,55.59762023463884
7959,55.59762023463884
7959,55.59762023463884
7960,39.67300480803895
7960,39.67300480803895
7960,39.67300480803895
7960,39.67300480803895
7960,39.67300480803895
7961,39.68501883950269
7961,39.68501883950269
7961,39.68501883950269
7961,39.68501883950269
7961,39.68501883950269
7962,36.09037630790384
7962,36.09037630790384
7962,36.09037630790384
7962,36.09037630790384
7962,36.09037630790384
7963,51.913032089964965
7963,51.913032089964965
7963,51.913032089964965
7963,51.913032089964965
7963,51.913032089964965
7964,51.9456856794553
7964,51.9456856794553
7964,51.9456856794553
7964,51.9456856794553
7964,51.9456856794553
7965,51.95571923480244
7965,51.95571923480244
7965,51.95571923480244
7965,51.95571923480244
7965,51.95571923480244
7966,51.98299659632653
7966,51.98299659632653
7966,51.98299659632653
7966,51.98299659632653
7966,51.98299659632653
7967,52.116703561800556
7967,52.116703561800556
7967,52.116703561800556
7967,52.116703561800556
7967,52.116703561800556
7968,52.06868677942968
7968,52.06868677942968
7968,52.06868677942968
7968,52.06868677942968
7968,52.06868677942968
7969,52.142728615871576
7969,52.142728615871576
7969,52.142728615871576
7969,52.142728615871576
7969,52.142728615871576
7970,48.48584409545128
7970,48.48584409545128
7970,48.48584409545128
7970,48.48584409545128
7970,48.48584409545128
7971,64.4216649066158
7971,64.4216649066158
7971,64.4216649066158
7971,64.4216649066158
7971,64.4216649066158
7972,64.31768493123253
7972,64.31768493123253
7972,64.31768493123253
7972,64.31768493123253
7972,64.31768493123253
7973,48.28433214244654
7973,48.28433214244654
7973,48.28433214244654
7973,48.28433214244654
7973,48.28433214244654
7974,64.27412640597785
7974,64.27412640597785
7974,64.27412640597785
7974,64.27412640597785
7974,64.27412640597785
7975,68.04303656970158
7975,68.04303656970158
7975,68.04303656970158
7975,68.04303656970158
7975,68.04303656970158
7976,68.0578264455149
7976,68.0578264455149
7976,68.0578264455149
7976,68.0578264455149
7976,68.0578264455149
7977,68.05434290469883
7977,68.05434290469883
7977,68.05434290469883
7977,68.05434290469883
7977,68.05434290469883
7978,71.6435655211098
7978,71.6435655211098
7978,71.6435655211098
7978,71.6435655211098
7978,71.6435655211098
7979,75.31238443890125
7979,75.31238443890125
7979,75.31238443890125
7979,75.31238443890125
7979,75.31238443890125
7980,75.38093235005934
7980,75.38093235005934
7980,75.38093235005934
7980,75.38093235005934
7980,75.38093235005934
7981,75.3259103436664
7981,75.3259103436664
7981,75.3259103436664
7981,75.3259103436664
7981,75.3259103436664
7982,75.33660755937406
7982,75.33660755937406
7982,75.33660755937406
7982,75.33660755937406
7982,75.33660755937406
7983,75.31416781993083
7983,75.31416781993083
7983,75.31416781993083
7983,75.31416781993083
7983,75.31416781993083
7984,75.37271376444707
7984,75.37271376444707
7984,75.37271376444707
7984,75.37271376444707
7984,75.37271376444707
7985,75.3524130845995
7985,75.3524130845995
7985,75.3524130845995
7985,75.3524130845995
7985,75.3524130845995
7986,59.26932294412357
7986,59.26932294412357
7986,59.26932294412357
7986,59.26932294412357
7986,59.26932294412357
7987,59.16779830399072
7987,59.16779830399072
7987,59.16779830399072
7987,59.16779830399072
7987,59.16779830399072
7988,59.1814021227705
7988,59.1814021227705
7988,59.1814021227705
7988,59.1814021227705
7988,59.1814021227705
7989,48.42647703146912
7989,48.42647703146912
7989,48.42647703146912
7989,48.42647703146912
7989,48.42647703146912
7990,64.28506341042007
7990,64.28506341042007
7990,64.28506341042007
7990,64.28506341042007
7990,64.28506341042007
7991,48.28422944693871
7991,48.28422944693871
7991,48.28422944693871
7991,48.28422944693871
7991,48.28422944693871
7992,32.31930843529692
7992,32.31930843529692
7992,32.31930843529692
7992,32.31930843529692
7992,32.31930843529692
7993,32.316761348374975
7993,32.316761348374975
7993,32.316761348374975
7993,32.316761348374975
7993,32.316761348374975
7994,32.35174729784949
7994,32.35174729784949
7994,32.35174729784949
7994,32.35174729784949
7994,32.35174729784949
7995,32.378863600152286
7995,32.378863600152286
7995,32.378863600152286
7995,32.378863600152286
7995,32.378863600152286
7996,67.92431161427837
7996,67.92431161427837
7996,67.92431161427837
7996,67.92431161427837
7996,67.92431161427837
7997,64.2998623651682
7997,64.2998623651682
7997,64.2998623651682
7997,64.2998623651682
7997,64.2998623651682
7998,67.93439914860025
7998,67.93439914860025
7998,67.93439914860025
7998,67.93439914860025
7998,67.93439914860025
7999,68.05335673116264
7999,68.05335673116264
7999,68.05335673116264
7999,68.05335673116264
7999,68.05335673116264
8000,51.95033651072397
8000,51.95033651072397
8000,51.95033651072397
8000,51.95033651072397
8000,51.95033651072397
8001,68.03285319585979
8001,68.03285319585979
8001,68.03285319585979
8001,68.03285319585979
8001,68.03285319585979
8002,64.44717775893746
8002,64.44717775893746
8002,64.44717775893746
8002,64.44717775893746
8002,64.44717775893746
8003,64.45937839556657
8003,64.45937839556657
8003,64.45937839556657
8003,64.45937839556657
8003,64.45937839556657
8004,48.528376366121634
8004,48.528376366121634
8004,48.528376366121634
8004,48.528376366121634
8004,48.528376366121634
8005,48.537199342361966
8005,48.537199342361966
8005,48.537199342361966
8005,48.537199342361966
8005,48.537199342361966
8006,48.529646620380916
8006,48.529646620380916
8006,48.529646620380916
8006,48.529646620380916
8006,48.529646620380916
8007,48.49572750453629
8007,48.49572750453629
8007,48.49572750453629
8007,48.49572750453629
8007,48.49572750453629
8008,32.53212969071543
8008,32.53212969071543
8008,32.53212969071543
8008,32.53212969071543
8008,32.53212969071543
8009,32.58080670851187
8009,32.58080670851187
8009,32.58080670851187
8009,32.58080670851187
8009,32.58080670851187
8010,48.393461473676
8010,48.393461473676
8010,48.393461473676
8010,48.393461473676
8010,48.393461473676
8011,48.36426437604875
8011,48.36426437604875
8011,48.36426437604875
8011,48.36426437604875
8011,48.36426437604875
8012,32.51524234982327
8012,32.51524234982327
8012,32.51524234982327
8012,32.51524234982327
8012,32.51524234982327
8013,32.5081876121518
8013,32.5081876121518
8013,32.5081876121518
8013,32.5081876121518
8013,32.5081876121518
8014,32.51750433095473
8014,32.51750433095473
8014,32.51750433095473
8014,32.51750433095473
8014,32.51750433095473
8015,48.40022394079756
8015,48.40022394079756
8015,48.40022394079756
8015,48.40022394079756
8015,48.40022394079756
8016,48.44455077008818
8016,48.44455077008818
8016,48.44455077008818
8016,48.44455077008818
8016,48.44455077008818
8017,32.43777070144897
8017,32.43777070144897
8017,32.43777070144897
8017,32.43777070144897
8017,32.43777070144897
8018,32.34603188667042
8018,32.34603188667042
8018,32.34603188667042
8018,32.34603188667042
8018,32.34603188667042
8019,16.343231682529876
8019,16.343231682529876
8019,16.343231682529876
8019,16.343231682529876
8019,16.343231682529876
8020,16.34599252067039
8020,16.34599252067039
8020,16.34599252067039
8020,16.34599252067039
8020,16.34599252067039
8021,0.3537018665617659
8021,0.3537018665617659
8021,0.3537018665617659
8021,0.3537018665617659
8021,0.3537018665617659
8022,32.33323002899938
8022,32.33323002899938
8022,32.33323002899938
8022,32.33323002899938
8022,32.33323002899938
8023,32.382025130196745
8023,32.382025130196745
8023,32.382025130196745
8023,32.382025130196745
8023,32.382025130196745
8024,32.428541200304494
8024,32.428541200304494
8024,32.428541200304494
8024,32.428541200304494
8024,32.428541200304494
8025,36.07794636395587
8025,36.07794636395587
8025,36.07794636395587
8025,36.07794636395587
8025,36.07794636395587
8026,36.09547869307104
8026,36.09547869307104
8026,36.09547869307104
8026,36.09547869307104
8026,36.09547869307104
8027,39.683789146086504
8027,39.683789146086504
8027,39.683789146086504
8027,39.683789146086504
8027,39.683789146086504
8028,36.11186703904603
8028,36.11186703904603
8028,36.11186703904603
8028,36.11186703904603
8028,36.11186703904603
8029,36.11035920689748
8029,36.11035920689748
8029,36.11035920689748
8029,36.11035920689748
8029,36.11035920689748
8030,39.646874939268834
8030,39.646874939268834
8030,39.646874939268834
8030,39.646874939268834
8030,39.646874939268834
8031,39.692935486076884
8031,39.692935486076884
8031,39.692935486076884
8031,39.692935486076884
8031,39.692935486076884
8032,39.696934174865206
8032,39.696934174865206
8032,39.696934174865206
8032,39.696934174865206
8032,39.696934174865206
8033,39.70696958095381
8033,39.70696958095381
8033,39.70696958095381
8033,39.70696958095381
8033,39.70696958095381
8034,39.66899985655747
8034,39.66899985655747
8034,39.66899985655747
8034,39.66899985655747
8034,39.66899985655747
8035,39.662087088378215
8035,39.662087088378215
8035,39.662087088378215
8035,39.662087088378215
8035,39.662087088378215
8036,55.53730397235621
8036,55.53730397235621
8036,55.53730397235621
8036,55.53730397235621
8036,55.53730397235621
8037,55.5177497228839
8037,55.5177497228839
8037,55.5177497228839
8037,55.5177497228839
8037,55.5177497228839
8038,51.96785564818678
8038,51.96785564818678
8038,51.96785564818678
8038,51.96785564818678
8038,51.96785564818678
8039,52.07206558418409
8039,52.07206558418409
8039,52.07206558418409
8039,52.07206558418409
8039,52.07206558418409
8040,52.044777233655374
8040,52.044777233655374
8040,52.044777233655374
8040,52.044777233655374
8040,52.044777233655374
8041,52.04298251984824
8041,52.04298251984824
8041,52.04298251984824
8041,52.04298251984824
8041,52.04298251984824
8042,52.018860229865105
8042,52.018860229865105
8042,52.018860229865105
8042,52.018860229865105
8042,52.018860229865105
8043,68.01466744538561
8043,68.01466744538561
8043,68.01466744538561
8043,68.01466744538561
8043,68.01466744538561
8044,67.97444199534853
8044,67.97444199534853
8044,67.97444199534853
8044,67.97444199534853
8044,67.97444199534853
8045,55.5443184194429
8045,55.5443184194429
8045,55.5443184194429
8045,55.5443184194429
8045,55.5443184194429
8046,52.02092422320461
8046,52.02092422320461
8046,52.02092422320461
8046,52.02092422320461
8046,52.02092422320461
8047,52.03105529929021
8047,52.03105529929021
8047,52.03105529929021
8047,52.03105529929021
8047,52.03105529929021
8048,36.054800254619224
8048,36.054800254619224
8048,36.054800254619224
8048,36.054800254619224
8048,36.054800254619224
8049,32.47139357914166
8049,32.47139357914166
8049,32.47139357914166
8049,32.47139357914166
8049,32.47139357914166
8050,36.04475618752399
8050,36.04475618752399
8050,36.04475618752399
8050,36.04475618752399
8050,36.04475618752399
8051,36.06194208854263
8051,36.06194208854263
8051,36.06194208854263
8051,36.06194208854263
8051,36.06194208854263
8052,36.066610211953694
8052,36.066610211953694
8052,36.066610211953694
8052,36.066610211953694
8052,36.066610211953694
8053,67.95597330408904
8053,67.95597330408904
8053,67.95597330408904
8053,67.95597330408904
8053,67.95597330408904
8054,71.72117263584424
8054,71.72117263584424
8054,71.72117263584424
8054,71.72117263584424
8054,71.72117263584424
8055,71.63935220896477
8055,71.63935220896477
8055,71.63935220896477
8055,71.63935220896477
8055,71.63935220896477
8056,71.75330665218198
8056,71.75330665218198
8056,71.75330665218198
8056,71.75330665218198
8056,71.75330665218198
8057,75.33633187637898
8057,75.33633187637898
8057,75.33633187637898
8057,75.33633187637898
8057,75.33633187637898
8058,71.75736203466163
8058,71.75736203466163
8058,71.75736203466163
8058,71.75736203466163
8058,71.75736203466163
8059,71.6254419388119
8059,71.6254419388119
8059,71.6254419388119
8059,71.6254419388119
8059,71.6254419388119
8060,71.61816875003532
8060,71.61816875003532
8060,71.61816875003532
8060,71.61816875003532
8060,71.61816875003532
8061,71.60183438768915
8061,71.60183438768915
8061,71.60183438768915
8061,71.60183438768915
8061,71.60183438768915
8062,75.19082953292805
8062,75.19082953292805
8062,75.19082953292805
8062,75.19082953292805
8062,75.19082953292805
8063,71.55085390557964
8063,71.55085390557964
8063,71.55085390557964
8063,71.55085390557964
8063,71.55085390557964
8064,71.60785376555404
8064,71.60785376555404
8064,71.60785376555404
8064,71.60785376555404
8064,71.60785376555404
8065,71.58786337847462
8065,71.58786337847462
8065,71.58786337847462
8065,71.58786337847462
8065,71.58786337847462
8066,75.25832164447263
8066,75.25832164447263
8066,75.25832164447263
8066,75.25832164447263
8066,75.25832164447263
8067,75.2966474314438
8067,75.2966474314438
8067,75.2966474314438
8067,75.2966474314438
8067,75.2966474314438
8068,75.26373807967971
8068,75.26373807967971
8068,75.26373807967971
8068,75.26373807967971
8068,75.26373807967971
8069,75.13865827739433
8069,75.13865827739433
8069,75.13865827739433
8069,75.13865827739433
8069,75.13865827739433
8070,75.115179529224
8070,75.115179529224
8070,75.115179529224
8070,75.115179529224
8070,75.115179529224
8071,75.12170332668087
8071,75.12170332668087
8071,75.12170332668087
8071,75.12170332668087
8071,75.12170332668087
8072,59.228112169034844
8072,59.228112169034844
8072,59.228112169034844
8072,59.228112169034844
8072,59.228112169034844
8073,59.22033369665441
8073,59.22033369665441
8073,59.22033369665441
8073,59.22033369665441
8073,59.22033369665441
8074,55.451603637558534
8074,55.451603637558534
8074,55.451603637558534
8074,55.451603637558534
8074,55.451603637558534
8075,55.50210059059564
8075,55.50210059059564
8075,55.50210059059564
8075,55.50210059059564
8075,55.50210059059564
8076,39.55793174208319
8076,39.55793174208319
8076,39.55793174208319
8076,39.55793174208319
8076,39.55793174208319
8077,39.52215876743359
8077,39.52215876743359
8077,39.52215876743359
8077,39.52215876743359
8077,39.52215876743359
8078,39.50876955122283
8078,39.50876955122283
8078,39.50876955122283
8078,39.50876955122283
8078,39.50876955122283
8079,51.89987826197786
8079,51.89987826197786
8079,51.89987826197786
8079,51.89987826197786
8079,51.89987826197786
8080,55.48976633579891
8080,55.48976633579891
8080,55.48976633579891
8080,55.48976633579891
8080,55.48976633579891
8081,51.98969591421333
8081,51.98969591421333
8081,51.98969591421333
8081,51.98969591421333
8081,51.98969591421333
8082,36.04549403013154
8082,36.04549403013154
8082,36.04549403013154
8082,36.04549403013154
8082,36.04549403013154
8083,32.39987565492553
8083,32.39987565492553
8083,32.39987565492553
8083,32.39987565492553
8083,32.39987565492553
8084,32.403101289636744
8084,32.403101289636744
8084,32.403101289636744
8084,32.403101289636744
8084,32.403101289636744
8085,32.40601580290708
8085,32.40601580290708
8085,32.40601580290708
8085,32.40601580290708
8085,32.40601580290708
8086,32.41095629498759
8086,32.41095629498759
8086,32.41095629498759
8086,32.41095629498759
8086,32.41095629498759
8087,36.04888710369666
8087,36.04888710369666
8087,36.04888710369666
8087,36.04888710369666
8087,36.04888710369666
8088,36.075799483390185
8088,36.075799483390185
8088,36.075799483390185
8088,36.075799483390185
8088,36.075799483390185
8089,36.16360263268505
8089,36.16360263268505
8089,36.16360263268505
8089,36.16360263268505
8089,36.16360263268505
8090,36.165007690100644
8090,36.165007690100644
8090,36.165007690100644
8090,36.165007690100644
8090,36.165007690100644
8091,36.170149661729
8091,36.170149661729
8091,36.170149661729
8091,36.170149661729
8091,36.170149661729
8092,52.04103037652667
8092,52.04103037652667
8092,52.04103037652667
8092,52.04103037652667
8092,52.04103037652667
8093,55.63210285620015
8093,55.63210285620015
8093,55.63210285620015
8093,55.63210285620015
8093,55.63210285620015
8094,52.0750638920954
8094,52.0750638920954
8094,52.0750638920954
8094,52.0750638920954
8094,52.0750638920954
8095,36.15843389924352
8095,36.15843389924352
8095,36.15843389924352
8095,36.15843389924352
8095,36.15843389924352
8096,32.330608742358166
8096,32.330608742358166
8096,32.330608742358166
8096,32.330608742358166
8096,32.330608742358166
8097,32.3041807023029
8097,32.3041807023029
8097,32.3041807023029
8097,32.3041807023029
8097,32.3041807023029
8098,32.33686673211092
8098,32.33686673211092
8098,32.33686673211092
8098,32.33686673211092
8098,32.33686673211092
8099,16.350675547593468
8099,16.350675547593468
8099,16.350675547593468
8099,16.350675547593468
8099,16.350675547593468
8100,19.949850471516545
8100,19.949850471516545
8100,19.949850471516545
8100,19.949850471516545
8100,19.949850471516545
8101,19.89398915651387
8101,19.89398915651387
8101,19.89398915651387
8101,19.89398915651387
8101,19.89398915651387
8102,19.891362591377025
8102,19.891362591377025
8102,19.891362591377025
8102,19.891362591377025
8102,19.891362591377025
8103,19.915285073437055
8103,19.915285073437055
8103,19.915285073437055
8103,19.915285073437055
8103,19.915285073437055
8104,19.916010108165814
8104,19.916010108165814
8104,19.916010108165814
8104,19.916010108165814
8104,19.916010108165814
8105,16.338369109201203
8105,16.338369109201203
8105,16.338369109201203
8105,16.338369109201203
8105,16.338369109201203
8106,16.35854830639243
8106,16.35854830639243
8106,16.35854830639243
8106,16.35854830639243
8106,16.35854830639243
8107,32.293288903558214
8107,32.293288903558214
8107,32.293288903558214
8107,32.293288903558214
8107,32.293288903558214
8108,32.31256902907937
8108,32.31256902907937
8108,32.31256902907937
8108,32.31256902907937
8108,32.31256902907937
8109,32.377463361833755
8109,32.377463361833755
8109,32.377463361833755
8109,32.377463361833755
8109,32.377463361833755
8110,32.355951585329066
8110,32.355951585329066
8110,32.355951585329066
8110,32.355951585329066
8110,32.355951585329066
8111,36.125316396051495
8111,36.125316396051495
8111,36.125316396051495
8111,36.125316396051495
8111,36.125316396051495
8112,36.055628704276444
8112,36.055628704276444
8112,36.055628704276444
8112,36.055628704276444
8112,36.055628704276444
8113,36.04838254719159
8113,36.04838254719159
8113,36.04838254719159
8113,36.04838254719159
8113,36.04838254719159
8114,35.982189024416684
8114,35.982189024416684
8114,35.982189024416684
8114,35.982189024416684
8114,35.982189024416684
8115,35.96866492356965
8115,35.96866492356965
8115,35.96866492356965
8115,35.96866492356965
8115,35.96866492356965
8116,35.876232653175876
8116,35.876232653175876
8116,35.876232653175876
8116,35.876232653175876
8116,35.876232653175876
8117,35.975524147877664
8117,35.975524147877664
8117,35.975524147877664
8117,35.975524147877664
8117,35.975524147877664
8118,51.964255779911376
8118,51.964255779911376
8118,51.964255779911376
8118,51.964255779911376
8118,51.964255779911376
8119,51.96989319060517
8119,51.96989319060517
8119,51.96989319060517
8119,51.96989319060517
8119,51.96989319060517
8120,51.987034207009835
8120,51.987034207009835
8120,51.987034207009835
8120,51.987034207009835
8120,51.987034207009835
8121,52.01100099267378
8121,52.01100099267378
8121,52.01100099267378
8121,52.01100099267378
8121,52.01100099267378
8122,51.99192717953796
8122,51.99192717953796
8122,51.99192717953796
8122,51.99192717953796
8122,51.99192717953796
8123,51.97393861023289
8123,51.97393861023289
8123,51.97393861023289
8123,51.97393861023289
8123,51.97393861023289
8124,35.969345340772584
8124,35.969345340772584
8124,35.969345340772584
8124,35.969345340772584
8124,35.969345340772584
8125,36.101229905812986
8125,36.101229905812986
8125,36.101229905812986
8125,36.101229905812986
8125,36.101229905812986
8126,35.9425780038741
8126,35.9425780038741
8126,35.9425780038741
8126,35.9425780038741
8126,35.9425780038741
8127,35.877877178146015
8127,35.877877178146015
8127,35.877877178146015
8127,35.877877178146015
8127,35.877877178146015
8128,35.865914916714374
8128,35.865914916714374
8128,35.865914916714374
8128,35.865914916714374
8128,35.865914916714374
8129,35.87007072096429
8129,35.87007072096429
8129,35.87007072096429
8129,35.87007072096429
8129,35.87007072096429
8130,35.93952511101115
8130,35.93952511101115
8130,35.93952511101115
8130,35.93952511101115
8130,35.93952511101115
8131,20.049234205037916
8131,20.049234205037916
8131,20.049234205037916
8131,20.049234205037916
8131,20.049234205037916
8132,20.02842723124875
8132,20.02842723124875
8132,20.02842723124875
8132,20.02842723124875
8132,20.02842723124875
8133,36.012928665618816
8133,36.012928665618816
8133,36.012928665618816
8133,36.012928665618816
8133,36.012928665618816
8134,20.070744270102736
8134,20.070744270102736
8134,20.070744270102736
8134,20.070744270102736
8134,20.070744270102736
8135,20.076107954694
8135,20.076107954694
8135,20.076107954694
8135,20.076107954694
8135,20.076107954694
8136,20.11537472081819
8136,20.11537472081819
8136,20.11537472081819
8136,20.11537472081819
8136,20.11537472081819
8137,36.08714846550396
8137,36.08714846550396
8137,36.08714846550396
8137,36.08714846550396
8137,36.08714846550396
8138,52.03651270183585
8138,52.03651270183585
8138,52.03651270183585
8138,52.03651270183585
8138,52.03651270183585
8139,52.0015536157649
8139,52.0015536157649
8139,52.0015536157649
8139,52.0015536157649
8139,52.0015536157649
8140,48.51607469385156
8140,48.51607469385156
8140,48.51607469385156
8140,48.51607469385156
8140,48.51607469385156
8141,48.48603761965211
8141,48.48603761965211
8141,48.48603761965211
8141,48.48603761965211
8141,48.48603761965211
8142,64.45489612751865
8142,64.45489612751865
8142,64.45489612751865
8142,64.45489612751865
8142,64.45489612751865
8143,64.3243062573786
8143,64.3243062573786
8143,64.3243062573786
8143,64.3243062573786
8143,64.3243062573786
8144,64.31167714006924
8144,64.31167714006924
8144,64.31167714006924
8144,64.31167714006924
8144,64.31167714006924
8145,51.9931303126222
8145,51.9931303126222
8145,51.9931303126222
8145,51.9931303126222
8145,51.9931303126222
8146,51.94170698030549
8146,51.94170698030549
8146,51.94170698030549
8146,51.94170698030549
8146,51.94170698030549
8147,36.03464176869671
8147,36.03464176869671
8147,36.03464176869671
8147,36.03464176869671
8147,36.03464176869671
8148,20.087676539078817
8148,20.087676539078817
8148,20.087676539078817
8148,20.087676539078817
8148,20.087676539078817
8149,36.07167870365264
8149,36.07167870365264
8149,36.07167870365264
8149,36.07167870365264
8149,36.07167870365264
8150,16.457535048843575
8150,16.457535048843575
8150,16.457535048843575
8150,16.457535048843575
8150,16.457535048843575
8151,0.35558440785431117
8151,0.35558440785431117
8151,0.35558440785431117
8151,0.35558440785431117
8151,0.35558440785431117
8152,0.34223548992793185
8152,0.34223548992793185
8152,0.34223548992793185
8152,0.34223548992793185
8152,0.34223548992793185
8153,0.3930926714505595
8153,0.3930926714505595
8153,0.3930926714505595
8153,0.3930926714505595
8153,0.3930926714505595
8154,0.4078741802292985
8154,0.4078741802292985
8154,0.4078741802292985
8154,0.4078741802292985
8154,0.4078741802292985
8155,0.3751486416835822
8155,0.3751486416835822
8155,0.3751486416835822
8155,0.3751486416835822
8155,0.3751486416835822
8156,0.3859751963815644
8156,0.3859751963815644
8156,0.3859751963815644
8156,0.3859751963815644
8156,0.3859751963815644
8157,0.3774880424160198
8157,0.3774880424160198
8157,0.3774880424160198
8157,0.3774880424160198
8157,0.3774880424160198
8158,0.34542892399298913
8158,0.34542892399298913
8158,0.34542892399298913
8158,0.34542892399298913
8158,0.34542892399298913
8159,0.3600630174902636
8159,0.3600630174902636
8159,0.3600630174902636
8159,0.3600630174902636
8159,0.3600630174902636
8160,0.36048520765896286
8160,0.36048520765896286
8160,0.36048520765896286
8160,0.36048520765896286
8160,0.36048520765896286
8161,0.36443750275002684
8161,0.36443750275002684
8161,0.36443750275002684
8161,0.36443750275002684
8161,0.36443750275002684
8162,16.37244827713258
8162,16.37244827713258
8162,16.37244827713258
8162,16.37244827713258
8162,16.37244827713258
8163,16.4030885487144
8163,16.4030885487144
8163,16.4030885487144
8163,16.4030885487144
8163,16.4030885487144
8164,16.40353157523414
8164,16.40353157523414
8164,16.40353157523414
8164,16.40353157523414
8164,16.40353157523414
8165,16.51562204600836
8165,16.51562204600836
8165,16.51562204600836
8165,16.51562204600836
8165,16.51562204600836
8166,16.462832185835858
8166,16.462832185835858
8166,16.462832185835858
8166,16.462832185835858
8166,16.462832185835858
8167,16.439406077550174
8167,16.439406077550174
8167,16.439406077550174
8167,16.439406077550174
8167,16.439406077550174
8168,16.421192548199905
8168,16.421192548199905
8168,16.421192548199905
8168,16.421192548199905
8168,16.421192548199905
8169,16.42356972297256
8169,16.42356972297256
8169,16.42356972297256
8169,16.42356972297256
8169,16.42356972297256
8170,32.457681779428654
8170,32.457681779428654
8170,32.457681779428654
8170,32.457681779428654
8170,32.457681779428654
8171,32.49615821644416
8171,32.49615821644416
8171,32.49615821644416
8171,32.49615821644416
8171,32.49615821644416
8172,32.45550173026213
8172,32.45550173026213
8172,32.45550173026213
8172,32.45550173026213
8172,32.45550173026213
8173,16.354968291849183
8173,16.354968291849183
8173,16.354968291849183
8173,16.354968291849183
8173,16.354968291849183
8174,32.30426940180676
8174,32.30426940180676
8174,32.30426940180676
8174,32.30426940180676
8174,32.30426940180676
8175,48.214922586079794
8175,48.214922586079794
8175,48.214922586079794
8175,48.214922586079794
8175,48.214922586079794
8176,32.245887688132726
8176,32.245887688132726
8176,32.245887688132726
8176,32.245887688132726
8176,32.245887688132726
8177,32.34207956287677
8177,32.34207956287677
8177,32.34207956287677
8177,32.34207956287677
8177,32.34207956287677
8178,32.28776556303252
8178,32.28776556303252
8178,32.28776556303252
8178,32.28776556303252
8178,32.28776556303252
8179,32.309296459004514
8179,32.309296459004514
8179,32.309296459004514
8179,32.309296459004514
8179,32.309296459004514
8180,32.23200257632495
8180,32.23200257632495
8180,32.23200257632495
8180,32.23200257632495
8180,32.23200257632495
8181,32.18802140742659
8181,32.18802140742659
8181,32.18802140742659
8181,32.18802140742659
8181,32.18802140742659
8182,16.300003602831744
8182,16.300003602831744
8182,16.300003602831744
8182,16.300003602831744
8182,16.300003602831744
8183,32.24285893289442
8183,32.24285893289442
8183,32.24285893289442
8183,32.24285893289442
8183,32.24285893289442
8184,16.384388199872614
8184,16.384388199872614
8184,16.384388199872614
8184,16.384388199872614
8184,16.384388199872614
8185,19.969849231586558
8185,19.969849231586558
8185,19.969849231586558
8185,19.969849231586558
8185,19.969849231586558
8186,19.954819240599736
8186,19.954819240599736
8186,19.954819240599736
8186,19.954819240599736
8186,19.954819240599736
8187,19.967941647119435
8187,19.967941647119435
8187,19.967941647119435
8187,19.967941647119435
8187,19.967941647119435
8188,19.943847481908143
8188,19.943847481908143
8188,19.943847481908143
8188,19.943847481908143
8188,19.943847481908143
8189,19.936794432238692
8189,19.936794432238692
8189,19.936794432238692
8189,19.936794432238692
8189,19.936794432238692
8190,35.90748138084885
8190,35.90748138084885
8190,35.90748138084885
8190,35.90748138084885
8190,35.90748138084885
8191,35.94125452329064
8191,35.94125452329064
8191,35.94125452329064
8191,35.94125452329064
8191,35.94125452329064
8192,32.435311150683454
8192,32.435311150683454
8192,32.435311150683454
8192,32.435311150683454
8192,32.435311150683454
8193,32.430287748802726
8193,32.430287748802726
8193,32.430287748802726
8193,32.430287748802726
8193,32.430287748802726
8194,16.384259329333492
8194,16.384259329333492
8194,16.384259329333492
8194,16.384259329333492
8194,16.384259329333492
8195,16.325998412075947
8195,16.325998412075947
8195,16.325998412075947
8195,16.325998412075947
8195,16.325998412075947
8196,16.315367853597415
8196,16.315367853597415
8196,16.315367853597415
8196,16.315367853597415
8196,16.315367853597415
8197,16.264434762677446
8197,16.264434762677446
8197,16.264434762677446
8197,16.264434762677446
8197,16.264434762677446
8198,19.80151583775936
8198,19.80151583775936
8198,19.80151583775936
8198,19.80151583775936
8198,19.80151583775936
8199,16.18537724244687
8199,16.18537724244687
8199,16.18537724244687
8199,16.18537724244687
8199,16.18537724244687
8200,32.27800866469015
8200,32.27800866469015
8200,32.27800866469015
8200,32.27800866469015
8200,32.27800866469015
8201,35.9576287577248
8201,35.9576287577248
8201,35.9576287577248
8201,35.9576287577248
8201,35.9576287577248
8202,51.93354999546741
8202,51.93354999546741
8202,51.93354999546741
8202,51.93354999546741
8202,51.93354999546741
8203,48.27544410273115
8203,48.27544410273115
8203,48.27544410273115
8203,48.27544410273115
8203,48.27544410273115
8204,35.87079160050091
8204,35.87079160050091
8204,35.87079160050091
8204,35.87079160050091
8204,35.87079160050091
8205,35.88634587236383
8205,35.88634587236383
8205,35.88634587236383
8205,35.88634587236383
8205,35.88634587236383
8206,19.939418516051248
8206,19.939418516051248
8206,19.939418516051248
8206,19.939418516051248
8206,19.939418516051248
8207,19.968052075439
8207,19.968052075439
8207,19.968052075439
8207,19.968052075439
8207,19.968052075439
8208,19.994022274764664
8208,19.994022274764664
8208,19.994022274764664
8208,19.994022274764664
8208,19.994022274764664
8209,35.95071935388478
8209,35.95071935388478
8209,35.95071935388478
8209,35.95071935388478
8209,35.95071935388478
8210,51.88621888929695
8210,51.88621888929695
8210,51.88621888929695
8210,51.88621888929695
8210,51.88621888929695
8211,48.29503478808202
8211,48.29503478808202
8211,48.29503478808202
8211,48.29503478808202
8211,48.29503478808202
8212,48.50863646539146
8212,48.50863646539146
8212,48.50863646539146
8212,48.50863646539146
8212,48.50863646539146
8213,64.46381015329771
8213,64.46381015329771
8213,64.46381015329771
8213,64.46381015329771
8213,64.46381015329771
8214,48.55317547459142
8214,48.55317547459142
8214,48.55317547459142
8214,48.55317547459142
8214,48.55317547459142
8215,48.537533964676705
8215,48.537533964676705
8215,48.537533964676705
8215,48.537533964676705
8215,48.537533964676705
8216,48.54687997189477
8216,48.54687997189477
8216,48.54687997189477
8216,48.54687997189477
8216,48.54687997189477
8217,48.56972191780124
8217,48.56972191780124
8217,48.56972191780124
8217,48.56972191780124
8217,48.56972191780124
8218,48.57101842838391
8218,48.57101842838391
8218,48.57101842838391
8218,48.57101842838391
8218,48.57101842838391
8219,48.580291274152884
8219,48.580291274152884
8219,48.580291274152884
8219,48.580291274152884
8219,48.580291274152884
8220,48.453688124045314
8220,48.453688124045314
8220,48.453688124045314
8220,48.453688124045314
8220,48.453688124045314
8221,51.9860851865983
8221,51.9860851865983
8221,51.9860851865983
8221,51.9860851865983
8221,51.9860851865983
8222,20.05168854028022
8222,20.05168854028022
8222,20.05168854028022
8222,20.05168854028022
8222,20.05168854028022
8223,20.066166913312518
8223,20.066166913312518
8223,20.066166913312518
8223,20.066166913312518
8223,20.066166913312518
8224,36.03208898426196
8224,36.03208898426196
8224,36.03208898426196
8224,36.03208898426196
8224,36.03208898426196
8225,35.97668161533106
8225,35.97668161533106
8225,35.97668161533106
8225,35.97668161533106
8225,35.97668161533106
8226,51.91297217280012
8226,51.91297217280012
8226,51.91297217280012
8226,51.91297217280012
8226,51.91297217280012
8227,51.93716078643738
8227,51.93716078643738
8227,51.93716078643738
8227,51.93716078643738
8227,51.93716078643738
8228,51.986453159555296
8228,51.986453159555296
8228,51.986453159555296
8228,51.986453159555296
8228,51.986453159555296
8229,52.13672661611379
8229,52.13672661611379
8229,52.13672661611379
8229,52.13672661611379
8229,52.13672661611379
8230,52.20161113940078
8230,52.20161113940078
8230,52.20161113940078
8230,52.20161113940078
8230,52.20161113940078
8231,52.12564186650904
8231,52.12564186650904
8231,52.12564186650904
8231,52.12564186650904
8231,52.12564186650904
8232,52.10362657305171
8232,52.10362657305171
8232,52.10362657305171
8232,52.10362657305171
8232,52.10362657305171
8233,68.00477120358629
8233,68.00477120358629
8233,68.00477120358629
8233,68.00477120358629
8233,68.00477120358629
8234,64.45914059072008
8234,64.45914059072008
8234,64.45914059072008
8234,64.45914059072008
8234,64.45914059072008
8235,48.55654691629987
8235,48.55654691629987
8235,48.55654691629987
8235,48.55654691629987
8235,48.55654691629987
8236,52.18404010633485
8236,52.18404010633485
8236,52.18404010633485
8236,52.18404010633485
8236,52.18404010633485
8237,52.080274228727944
8237,52.080274228727944
8237,52.080274228727944
8237,52.080274228727944
8237,52.080274228727944
8238,52.18322038066238
8238,52.18322038066238
8238,52.18322038066238
8238,52.18322038066238
8238,52.18322038066238
8239,52.209174337642345
8239,52.209174337642345
8239,52.209174337642345
8239,52.209174337642345
8239,52.209174337642345
8240,36.23028335436308
8240,36.23028335436308
8240,36.23028335436308
8240,36.23028335436308
8240,36.23028335436308
8241,52.12537782049952
8241,52.12537782049952
8241,52.12537782049952
8241,52.12537782049952
8241,52.12537782049952
8242,51.9829143754089
8242,51.9829143754089
8242,51.9829143754089
8242,51.9829143754089
8242,51.9829143754089
8243,59.306372062565444
8243,59.306372062565444
8243,59.306372062565444
8243,59.306372062565444
8243,59.306372062565444
8244,39.73981902497447
8244,39.73981902497447
8244,39.73981902497447
8244,39.73981902497447
8244,39.73981902497447
8245,55.65409560972917
8245,55.65409560972917
8245,55.65409560972917
8245,55.65409560972917
8245,55.65409560972917
8246,55.66921476483947
8246,55.66921476483947
8246,55.66921476483947
8246,55.66921476483947
8246,55.66921476483947
8247,55.659554432571596
8247,55.659554432571596
8247,55.659554432571596
8247,55.659554432571596
8247,55.659554432571596
8248,52.06265426546828
8248,52.06265426546828
8248,52.06265426546828
8248,52.06265426546828
8248,52.06265426546828
8249,52.03760832209093
8249,52.03760832209093
8249,52.03760832209093
8249,52.03760832209093
8249,52.03760832209093
8250,52.049121851715334
8250,52.049121851715334
8250,52.049121851715334
8250,52.049121851715334
8250,52.049121851715334
8251,52.04769989713005
8251,52.04769989713005
8251,52.04769989713005
8251,52.04769989713005
8251,52.04769989713005
8252,52.01461576209075
8252,52.01461576209075
8252,52.01461576209075
8252,52.01461576209075
8252,52.01461576209075
8253,52.03286513027051
8253,52.03286513027051
8253,52.03286513027051
8253,52.03286513027051
8253,52.03286513027051
8254,51.90948414637253
8254,51.90948414637253
8254,51.90948414637253
8254,51.90948414637253
8254,51.90948414637253
8255,51.92343078595862
8255,51.92343078595862
8255,51.92343078595862
8255,51.92343078595862
8255,51.92343078595862
8256,51.93907653724432
8256,51.93907653724432
8256,51.93907653724432
8256,51.93907653724432
8256,51.93907653724432
8257,35.980818012751385
8257,35.980818012751385
8257,35.980818012751385
8257,35.980818012751385
8257,35.980818012751385
8258,36.09493109625025
8258,36.09493109625025
8258,36.09493109625025
8258,36.09493109625025
8258,36.09493109625025
8259,36.112060276072604
8259,36.112060276072604
8259,36.112060276072604
8259,36.112060276072604
8259,36.112060276072604
8260,36.11836758730938
8260,36.11836758730938
8260,36.11836758730938
8260,36.11836758730938
8260,36.11836758730938
8261,36.1160956101465
8261,36.1160956101465
8261,36.1160956101465
8261,36.1160956101465
8261,36.1160956101465
8262,36.06080791368463
8262,36.06080791368463
8262,36.06080791368463
8262,36.06080791368463
8262,36.06080791368463
8263,32.46784648642266
8263,32.46784648642266
8263,32.46784648642266
8263,32.46784648642266
8263,32.46784648642266
8264,36.01072735866505
8264,36.01072735866505
8264,36.01072735866505
8264,36.01072735866505
8264,36.01072735866505
8265,51.93259001847613
8265,51.93259001847613
8265,51.93259001847613
8265,51.93259001847613
8265,51.93259001847613
8266,55.631726920695584
8266,55.631726920695584
8266,55.631726920695584
8266,55.631726920695584
8266,55.631726920695584
8267,71.61934845644956
8267,71.61934845644956
8267,71.61934845644956
8267,71.61934845644956
8267,71.61934845644956
8268,55.67768003998401
8268,55.67768003998401
8268,55.67768003998401
8268,55.67768003998401
8268,55.67768003998401
8269,55.675867704884546
8269,55.675867704884546
8269,55.675867704884546
8269,55.675867704884546
8269,55.675867704884546
8270,55.67521342260089
8270,55.67521342260089
8270,55.67521342260089
8270,55.67521342260089
8270,55.67521342260089
8271,55.691129592766664
8271,55.691129592766664
8271,55.691129592766664
8271,55.691129592766664
8271,55.691129592766664
8272,55.734214433254486
8272,55.734214433254486
8272,55.734214433254486
8272,55.734214433254486
8272,55.734214433254486
8273,39.76306748832212
8273,39.76306748832212
8273,39.76306748832212
8273,39.76306748832212
8273,39.76306748832212
8274,39.80948277336255
8274,39.80948277336255
8274,39.80948277336255
8274,39.80948277336255
8274,39.80948277336255
8275,71.56931540003771
8275,71.56931540003771
8275,71.56931540003771
8275,71.56931540003771
8275,71.56931540003771
8276,75.20521130377185
8276,75.20521130377185
8276,75.20521130377185
8276,75.20521130377185
8276,75.20521130377185
8277,71.80910059871093
8277,71.80910059871093
8277,71.80910059871093
8277,71.80910059871093
8277,71.80910059871093
8278,59.40370463794958
8278,59.40370463794958
8278,59.40370463794958
8278,59.40370463794958
8278,59.40370463794958
8279,59.43471949517726
8279,59.43471949517726
8279,59.43471949517726
8279,59.43471949517726
8279,59.43471949517726
8280,59.44029211142921
8280,59.44029211142921
8280,59.44029211142921
8280,59.44029211142921
8280,59.44029211142921
8281,59.46018204653776
8281,59.46018204653776
8281,59.46018204653776
8281,59.46018204653776
8281,59.46018204653776
8282,59.314280318920225
8282,59.314280318920225
8282,59.314280318920225
8282,59.314280318920225
8282,59.314280318920225
8283,59.278504404229736
8283,59.278504404229736
8283,59.278504404229736
8283,59.278504404229736
8283,59.278504404229736
8284,55.67032714035098
8284,55.67032714035098
8284,55.67032714035098
8284,55.67032714035098
8284,55.67032714035098
8285,55.65487854646532
8285,55.65487854646532
8285,55.65487854646532
8285,55.65487854646532
8285,55.65487854646532
8286,71.58994011856069
8286,71.58994011856069
8286,71.58994011856069
8286,71.58994011856069
8286,71.58994011856069
8287,71.48166039623501
8287,71.48166039623501
8287,71.48166039623501
8287,71.48166039623501
8287,71.48166039623501
8288,87.49197081497087
8288,87.49197081497087
8288,87.49197081497087
8288,87.49197081497087
8288,87.49197081497087
8289,87.55386173347779
8289,87.55386173347779
8289,87.55386173347779
8289,87.55386173347779
8289,87.55386173347779
8290,87.66432614690163
8290,87.66432614690163
8290,87.66432614690163
8290,87.66432614690163
8290,87.66432614690163
8291,91.3085583024146
8291,91.3085583024146
8291,91.3085583024146
8291,91.3085583024146
8291,91.3085583024146
8292,91.21903142299195
8292,91.21903142299195
8292,91.21903142299195
8292,91.21903142299195
8292,91.21903142299195
8293,91.12658147199637
8293,91.12658147199637
8293,91.12658147199637
8293,91.12658147199637
8293,91.12658147199637
8294,87.55387302951524
8294,87.55387302951524
8294,87.55387302951524
8294,87.55387302951524
8294,87.55387302951524
8295,71.61043844873902
8295,71.61043844873902
8295,71.61043844873902
8295,71.61043844873902
8295,71.61043844873902
8296,55.57553850250666
8296,55.57553850250666
8296,55.57553850250666
8296,55.57553850250666
8296,55.57553850250666
8297,59.1728214983051
8297,59.1728214983051
8297,59.1728214983051
8297,59.1728214983051
8297,59.1728214983051
8298,67.91111573214295
8298,67.91111573214295
8298,67.91111573214295
8298,67.91111573214295
8298,67.91111573214295
8299,67.94361970381081
8299,67.94361970381081
8299,67.94361970381081
8299,67.94361970381081
8299,67.94361970381081
8300,67.98271362960078
8300,67.98271362960078
8300,67.98271362960078
8300,67.98271362960078
8300,67.98271362960078
8301,51.93027592013234
8301,51.93027592013234
8301,51.93027592013234
8301,51.93027592013234
8301,51.93027592013234
8302,55.46752606724981
8302,55.46752606724981
8302,55.46752606724981
8302,55.46752606724981
8302,55.46752606724981
8303,75.00524643275892
8303,75.00524643275892
8303,75.00524643275892
8303,75.00524643275892
8303,75.00524643275892
8304,51.88762805444927
8304,51.88762805444927
8304,51.88762805444927
8304,51.88762805444927
8304,51.88762805444927
8305,52.07014163845129
8305,52.07014163845129
8305,52.07014163845129
8305,52.07014163845129
8305,52.07014163845129
8306,83.90301977978797
8306,83.90301977978797
8306,83.90301977978797
8306,83.90301977978797
8306,83.90301977978797
8307,83.93514173425142
8307,83.93514173425142
8307,83.93514173425142
8307,83.93514173425142
8307,83.93514173425142
8308,87.7836517387344
8308,87.7836517387344
8308,87.7836517387344
8308,87.7836517387344
8308,87.7836517387344
8309,87.77036896293137
8309,87.77036896293137
8309,87.77036896293137
8309,87.77036896293137
8309,87.77036896293137
8310,87.77308356694266
8310,87.77308356694266
8310,87.77308356694266
8310,87.77308356694266
8310,87.77308356694266
8311,71.90693590334483
8311,71.90693590334483
8311,71.90693590334483
8311,71.90693590334483
8311,71.90693590334483
8312,68.07837238946934
8312,68.07837238946934
8312,68.07837238946934
8312,68.07837238946934
8312,68.07837238946934
8313,68.0746467519322
8313,68.0746467519322
8313,68.0746467519322
8313,68.0746467519322
8313,68.0746467519322
8314,52.06806117260555
8314,52.06806117260555
8314,52.06806117260555
8314,52.06806117260555
8314,52.06806117260555
8315,52.07164801277371
8315,52.07164801277371
8315,52.07164801277371
8315,52.07164801277371
8315,52.07164801277371
8316,52.078560181546855
8316,52.078560181546855
8316,52.078560181546855
8316,52.078560181546855
8316,52.078560181546855
8317,68.04422409458009
8317,68.04422409458009
8317,68.04422409458009
8317,68.04422409458009
8317,68.04422409458009
8318,68.09245962958462
8318,68.09245962958462
8318,68.09245962958462
8318,68.09245962958462
8318,68.09245962958462
8319,68.18342728099577
8319,68.18342728099577
8319,68.18342728099577
8319,68.18342728099577
8319,68.18342728099577
8320,68.13369215390392
8320,68.13369215390392
8320,68.13369215390392
8320,68.13369215390392
8320,68.13369215390392
8321,68.02440779897839
8321,68.02440779897839
8321,68.02440779897839
8321,68.02440779897839
8321,68.02440779897839
8322,68.04617706950087
8322,68.04617706950087
8322,68.04617706950087
8322,68.04617706950087
8322,68.04617706950087
8323,68.04476551649579
8323,68.04476551649579
8323,68.04476551649579
8323,68.04476551649579
8323,68.04476551649579
8324,68.12113972404669
8324,68.12113972404669
8324,68.12113972404669
8324,68.12113972404669
8324,68.12113972404669
8325,68.15109191762527
8325,68.15109191762527
8325,68.15109191762527
8325,68.15109191762527
8325,68.15109191762527
8326,68.11507078841784
8326,68.11507078841784
8326,68.11507078841784
8326,68.11507078841784
8326,68.11507078841784
8327,68.09474804556824
8327,68.09474804556824
8327,68.09474804556824
8327,68.09474804556824
8327,68.09474804556824
8328,71.73921780634586
8328,71.73921780634586
8328,71.73921780634586
8328,71.73921780634586
8328,71.73921780634586
8329,71.70373359438372
8329,71.70373359438372
8329,71.70373359438372
8329,71.70373359438372
8329,71.70373359438372
8330,71.7107156863605
8330,71.7107156863605
8330,71.7107156863605
8330,71.7107156863605
8330,71.7107156863605
8331,75.40802338450995
8331,75.40802338450995
8331,75.40802338450995
8331,75.40802338450995
8331,75.40802338450995
8332,78.82452360705268
8332,78.82452360705268
8332,78.82452360705268
8332,78.82452360705268
8332,78.82452360705268
8333,78.84407368875897
8333,78.84407368875897
8333,78.84407368875897
8333,78.84407368875897
8333,78.84407368875897
8334,75.0989497647806
8334,75.0989497647806
8334,75.0989497647806
8334,75.0989497647806
8334,75.0989497647806
8335,75.08923490234663
8335,75.08923490234663
8335,75.08923490234663
8335,75.08923490234663
8335,75.08923490234663
8336,75.12785806939846
8336,75.12785806939846
8336,75.12785806939846
8336,75.12785806939846
8336,75.12785806939846
8337,71.44303327473084
8337,71.44303327473084
8337,71.44303327473084
8337,71.44303327473084
8337,71.44303327473084
8338,51.94382218888178
8338,51.94382218888178
8338,51.94382218888178
8338,51.94382218888178
8338,51.94382218888178
8339,55.57279257091864
8339,55.57279257091864
8339,55.57279257091864
8339,55.57279257091864
8339,55.57279257091864
8340,59.102630985878065
8340,59.102630985878065
8340,59.102630985878065
8340,59.102630985878065
8340,59.102630985878065
8341,59.0846129475144
8341,59.0846129475144
8341,59.0846129475144
8341,59.0846129475144
8341,59.0846129475144
8342,55.42091497489527
8342,55.42091497489527
8342,55.42091497489527
8342,55.42091497489527
8342,55.42091497489527
8343,55.55960870680222
8343,55.55960870680222
8343,55.55960870680222
8343,55.55960870680222
8343,55.55960870680222
8344,51.932869264390206
8344,51.932869264390206
8344,51.932869264390206
8344,51.932869264390206
8344,51.932869264390206
8345,51.90411294726162
8345,51.90411294726162
8345,51.90411294726162
8345,51.90411294726162
8345,51.90411294726162
8346,55.497440223960766
8346,55.497440223960766
8346,55.497440223960766
8346,55.497440223960766
8346,55.497440223960766
8347,51.88231481842134
8347,51.88231481842134
8347,51.88231481842134
8347,51.88231481842134
8347,51.88231481842134
8348,35.961373114119084
8348,35.961373114119084
8348,35.961373114119084
8348,35.961373114119084
8348,35.961373114119084
8349,35.979044470818145
8349,35.979044470818145
8349,35.979044470818145
8349,35.979044470818145
8349,35.979044470818145
8350,55.53428482944395
8350,55.53428482944395
8350,55.53428482944395
8350,55.53428482944395
8350,55.53428482944395
8351,55.478185594354684
8351,55.478185594354684
8351,55.478185594354684
8351,55.478185594354684
8351,55.478185594354684
8352,55.54134677961002
8352,55.54134677961002
8352,55.54134677961002
8352,55.54134677961002
8352,55.54134677961002
8353,39.629840493179046
8353,39.629840493179046
8353,39.629840493179046
8353,39.629840493179046
8353,39.629840493179046
8354,55.54978644885343
8354,55.54978644885343
8354,55.54978644885343
8354,55.54978644885343
8354,55.54978644885343
8355,55.56491341816915
8355,55.56491341816915
8355,55.56491341816915
8355,55.56491341816915
8355,55.56491341816915
8356,55.489807360480384
8356,55.489807360480384
8356,55.489807360480384
8356,55.489807360480384
8356,55.489807360480384
8357,39.59771864876296
8357,39.59771864876296
8357,39.59771864876296
8357,39.59771864876296
8357,39.59771864876296
8358,35.99582261616014
8358,35.99582261616014
8358,35.99582261616014
8358,35.99582261616014
8358,35.99582261616014
8359,36.06118832251277
8359,36.06118832251277
8359,36.06118832251277
8359,36.06118832251277
8359,36.06118832251277
8360,36.029546876760925
8360,36.029546876760925
8360,36.029546876760925
8360,36.029546876760925
8360,36.029546876760925
8361,36.02057718333701
8361,36.02057718333701
8361,36.02057718333701
8361,36.02057718333701
8361,36.02057718333701
8362,55.5262449147595
8362,55.5262449147595
8362,55.5262449147595
8362,55.5262449147595
8362,55.5262449147595
8363,55.60883236471331
8363,55.60883236471331
8363,55.60883236471331
8363,55.60883236471331
8363,55.60883236471331
8364,55.48942104803599
8364,55.48942104803599
8364,55.48942104803599
8364,55.48942104803599
8364,55.48942104803599
8365,55.536118278588596
8365,55.536118278588596
8365,55.536118278588596
8365,55.536118278588596
8365,55.536118278588596
8366,51.92149748550402
8366,51.92149748550402
8366,51.92149748550402
8366,51.92149748550402
8366,51.92149748550402
8367,48.31161863059146
8367,48.31161863059146
8367,48.31161863059146
8367,48.31161863059146
8367,48.31161863059146
8368,48.28682507946168
8368,48.28682507946168
8368,48.28682507946168
8368,48.28682507946168
8368,48.28682507946168
8369,16.3998669228675
8369,16.3998669228675
8369,16.3998669228675
8369,16.3998669228675
8369,16.3998669228675
8370,32.28955822226841
8370,32.28955822226841
8370,32.28955822226841
8370,32.28955822226841
8370,32.28955822226841
8371,39.5618910634763
8371,39.5618910634763
8371,39.5618910634763
8371,39.5618910634763
8371,39.5618910634763
8372,19.990016933584236
8372,19.990016933584236
8372,19.990016933584236
8372,19.990016933584236
8372,19.990016933584236
8373,19.996189061183724
8373,19.996189061183724
8373,19.996189061183724
8373,19.996189061183724
8373,19.996189061183724
8374,20.028676824751805
8374,20.028676824751805
8374,20.028676824751805
8374,20.028676824751805
8374,20.028676824751805
8375,20.048594221753454
8375,20.048594221753454
8375,20.048594221753454
8375,20.048594221753454
8375,20.048594221753454
8376,19.993245919968274
8376,19.993245919968274
8376,19.993245919968274
8376,19.993245919968274
8376,19.993245919968274
8377,19.98160120467888
8377,19.98160120467888
8377,19.98160120467888
8377,19.98160120467888
8377,19.98160120467888
8378,19.986532545624197
8378,19.986532545624197
8378,19.986532545624197
8378,19.986532545624197
8378,19.986532545624197
8379,36.00666644336751
8379,36.00666644336751
8379,36.00666644336751
8379,36.00666644336751
8379,36.00666644336751
8380,20.026177450712375
8380,20.026177450712375
8380,20.026177450712375
8380,20.026177450712375
8380,20.026177450712375
8381,35.96371008289837
8381,35.96371008289837
8381,35.96371008289837
8381,35.96371008289837
8381,35.96371008289837
8382,35.96309453947937
8382,35.96309453947937
8382,35.96309453947937
8382,35.96309453947937
8382,35.96309453947937
8383,35.96747181089995
8383,35.96747181089995
8383,35.96747181089995
8383,35.96747181089995
8383,35.96747181089995
8384,35.99120534900199
8384,35.99120534900199
8384,35.99120534900199
8384,35.99120534900199
8384,35.99120534900199
8385,36.14414250480811
8385,36.14414250480811
8385,36.14414250480811
8385,36.14414250480811
8385,36.14414250480811
8386,39.68635760707815
8386,39.68635760707815
8386,39.68635760707815
8386,39.68635760707815
8386,39.68635760707815
8387,39.690472273915546
8387,39.690472273915546
8387,39.690472273915546
8387,39.690472273915546
8387,39.690472273915546
8388,39.55027727786609
8388,39.55027727786609
8388,39.55027727786609
8388,39.55027727786609
8388,39.55027727786609
8389,39.538166846518166
8389,39.538166846518166
8389,39.538166846518166
8389,39.538166846518166
8389,39.538166846518166
8390,39.555539623441334
8390,39.555539623441334
8390,39.555539623441334
8390,39.555539623441334
8390,39.555539623441334
8391,51.82170483127777
8391,51.82170483127777
8391,51.82170483127777
8391,51.82170483127777
8391,51.82170483127777
8392,35.880853746274056
8392,35.880853746274056
8392,35.880853746274056
8392,35.880853746274056
8392,35.880853746274056
8393,35.92018937037193
8393,35.92018937037193
8393,35.92018937037193
8393,35.92018937037193
8393,35.92018937037193
8394,35.952124161310124
8394,35.952124161310124
8394,35.952124161310124
8394,35.952124161310124
8394,35.952124161310124
8395,35.924345265871956
8395,35.924345265871956
8395,35.924345265871956
8395,35.924345265871956
8395,35.924345265871956
8396,35.93977381550282
8396,35.93977381550282
8396,35.93977381550282
8396,35.93977381550282
8396,35.93977381550282
8397,35.97549798792846
8397,35.97549798792846
8397,35.97549798792846
8397,35.97549798792846
8397,35.97549798792846
8398,36.05127586979461
8398,36.05127586979461
8398,36.05127586979461
8398,36.05127586979461
8398,36.05127586979461
8399,32.401088090565885
8399,32.401088090565885
8399,32.401088090565885
8399,32.401088090565885
8399,32.401088090565885
8400,48.306259609523195
8400,48.306259609523195
8400,48.306259609523195
8400,48.306259609523195
8400,48.306259609523195
8401,32.22652655180717
8401,32.22652655180717
8401,32.22652655180717
8401,32.22652655180717
8401,32.22652655180717
8402,35.80936351596298
8402,35.80936351596298
8402,35.80936351596298
8402,35.80936351596298
8402,35.80936351596298
8403,67.77628523655713
8403,67.77628523655713
8403,67.77628523655713
8403,67.77628523655713
8403,67.77628523655713
8404,51.98985191903686
8404,51.98985191903686
8404,51.98985191903686
8404,51.98985191903686
8404,51.98985191903686
8405,67.92653244400947
8405,67.92653244400947
8405,67.92653244400947
8405,67.92653244400947
8405,67.92653244400947
8406,67.90482573646919
8406,67.90482573646919
8406,67.90482573646919
8406,67.90482573646919
8406,67.90482573646919
8407,68.02122632372175
8407,68.02122632372175
8407,68.02122632372175
8407,68.02122632372175
8407,68.02122632372175
8408,52.00989429197203
8408,52.00989429197203
8408,52.00989429197203
8408,52.00989429197203
8408,52.00989429197203
8409,52.02128145372385
8409,52.02128145372385
8409,52.02128145372385
8409,52.02128145372385
8409,52.02128145372385
8410,36.08557123495699
8410,36.08557123495699
8410,36.08557123495699
8410,36.08557123495699
8410,36.08557123495699
8411,35.941908695491875
8411,35.941908695491875
8411,35.941908695491875
8411,35.941908695491875
8411,35.941908695491875
8412,35.858811529936155
8412,35.858811529936155
8412,35.858811529936155
8412,35.858811529936155
8412,35.858811529936155
8413,35.92516869556239
8413,35.92516869556239
8413,35.92516869556239
8413,35.92516869556239
8413,35.92516869556239
8414,35.93595176265588
8414,35.93595176265588
8414,35.93595176265588
8414,35.93595176265588
8414,35.93595176265588
8415,36.013550763235415
8415,36.013550763235415
8415,36.013550763235415
8415,36.013550763235415
8415,36.013550763235415
8416,35.96711237574537
8416,35.96711237574537
8416,35.96711237574537
8416,35.96711237574537
8416,35.96711237574537
8417,55.40131296519252
8417,55.40131296519252
8417,55.40131296519252
8417,55.40131296519252
8417,55.40131296519252
8418,51.78416813409003
8418,51.78416813409003
8418,51.78416813409003
8418,51.78416813409003
8418,51.78416813409003
8419,35.86632094019881
8419,35.86632094019881
8419,35.86632094019881
8419,35.86632094019881
8419,35.86632094019881
8420,36.07833714455025
8420,36.07833714455025
8420,36.07833714455025
8420,36.07833714455025
8420,36.07833714455025
8421,36.09266401843015
8421,36.09266401843015
8421,36.09266401843015
8421,36.09266401843015
8421,36.09266401843015
8422,36.09539808708055
8422,36.09539808708055
8422,36.09539808708055
8422,36.09539808708055
8422,36.09539808708055
8423,51.97820642024963
8423,51.97820642024963
8423,51.97820642024963
8423,51.97820642024963
8423,51.97820642024963
8424,52.02997596771364
8424,52.02997596771364
8424,52.02997596771364
8424,52.02997596771364
8424,52.02997596771364
8425,52.04651248331451
8425,52.04651248331451
8425,52.04651248331451
8425,52.04651248331451
8425,52.04651248331451
8426,48.45126201097529
8426,48.45126201097529
8426,48.45126201097529
8426,48.45126201097529
8426,48.45126201097529
8427,48.45383461651806
8427,48.45383461651806
8427,48.45383461651806
8427,48.45383461651806
8427,48.45383461651806
8428,32.4159145415669
8428,32.4159145415669
8428,32.4159145415669
8428,32.4159145415669
8428,32.4159145415669
8429,16.482837842174344
8429,16.482837842174344
8429,16.482837842174344
8429,16.482837842174344
8429,16.482837842174344
8430,32.40874219021934
8430,32.40874219021934
8430,32.40874219021934
8430,32.40874219021934
8430,32.40874219021934
8431,48.34724680993158
8431,48.34724680993158
8431,48.34724680993158
8431,48.34724680993158
8431,48.34724680993158
8432,67.90825071418479
8432,67.90825071418479
8432,67.90825071418479
8432,67.90825071418479
8432,67.90825071418479
8433,71.5129962185322
8433,71.5129962185322
8433,71.5129962185322
8433,71.5129962185322
8433,71.5129962185322
8434,71.40672955907516
8434,71.40672955907516
8434,71.40672955907516
8434,71.40672955907516
8434,71.40672955907516
8435,71.44141361405823
8435,71.44141361405823
8435,71.44141361405823
8435,71.44141361405823
8435,71.44141361405823
8436,55.57160233387126
8436,55.57160233387126
8436,55.57160233387126
8436,55.57160233387126
8436,55.57160233387126
8437,36.00585247967234
8437,36.00585247967234
8437,36.00585247967234
8437,36.00585247967234
8437,36.00585247967234
8438,36.01726915893404
8438,36.01726915893404
8438,36.01726915893404
8438,36.01726915893404
8438,36.01726915893404
8439,36.048108476395775
8439,36.048108476395775
8439,36.048108476395775
8439,36.048108476395775
8439,36.048108476395775
8440,36.096474551630884
8440,36.096474551630884
8440,36.096474551630884
8440,36.096474551630884
8440,36.096474551630884
8441,36.088556970107604
8441,36.088556970107604
8441,36.088556970107604
8441,36.088556970107604
8441,36.088556970107604
8442,36.14252074131203
8442,36.14252074131203
8442,36.14252074131203
8442,36.14252074131203
8442,36.14252074131203
8443,52.05119349401406
8443,52.05119349401406
8443,52.05119349401406
8443,52.05119349401406
8443,52.05119349401406
8444,52.07078783022433
8444,52.07078783022433
8444,52.07078783022433
8444,52.07078783022433
8444,52.07078783022433
8445,55.67874278649931
8445,55.67874278649931
8445,55.67874278649931
8445,55.67874278649931
8445,55.67874278649931
8446,55.73396696391567
8446,55.73396696391567
8446,55.73396696391567
8446,55.73396696391567
8446,55.73396696391567
8447,55.73751099065815
8447,55.73751099065815
8447,55.73751099065815
8447,55.73751099065815
8447,55.73751099065815
8448,55.78231970340462
8448,55.78231970340462
8448,55.78231970340462
8448,55.78231970340462
8448,55.78231970340462
8449,55.77572938695759
8449,55.77572938695759
8449,55.77572938695759
8449,55.77572938695759
8449,55.77572938695759
8450,71.70568294218981
8450,71.70568294218981
8450,71.70568294218981
8450,71.70568294218981
8450,71.70568294218981
8451,71.57204030492892
8451,71.57204030492892
8451,71.57204030492892
8451,71.57204030492892
8451,71.57204030492892
8452,71.4809991369437
8452,71.4809991369437
8452,71.4809991369437
8452,71.4809991369437
8452,71.4809991369437
8453,51.89236175608909
8453,51.89236175608909
8453,51.89236175608909
8453,51.89236175608909
8453,51.89236175608909
8454,51.81047843992333
8454,51.81047843992333
8454,51.81047843992333
8454,51.81047843992333
8454,51.81047843992333
8455,35.90023493411051
8455,35.90023493411051
8455,35.90023493411051
8455,35.90023493411051
8455,35.90023493411051
8456,32.26024204131146
8456,32.26024204131146
8456,32.26024204131146
8456,32.26024204131146
8456,32.26024204131146
8457,51.92059267893804
8457,51.92059267893804
8457,51.92059267893804
8457,51.92059267893804
8457,51.92059267893804
8458,55.46196906254719
8458,55.46196906254719
8458,55.46196906254719
8458,55.46196906254719
8458,55.46196906254719
8459,55.380188522459584
8459,55.380188522459584
8459,55.380188522459584
8459,55.380188522459584
8459,55.380188522459584
8460,51.77013908403732
8460,51.77013908403732
8460,51.77013908403732
8460,51.77013908403732
8460,51.77013908403732
8461,39.38989769577114
8461,39.38989769577114
8461,39.38989769577114
8461,39.38989769577114
8461,39.38989769577114
8462,59.00183551707867
8462,59.00183551707867
8462,59.00183551707867
8462,59.00183551707867
8462,59.00183551707867
8463,67.77123881529756
8463,67.77123881529756
8463,67.77123881529756
8463,67.77123881529756
8463,67.77123881529756
8464,67.75205278465346
8464,67.75205278465346
8464,67.75205278465346
8464,67.75205278465346
8464,67.75205278465346
8465,64.16518024335286
8465,64.16518024335286
8465,64.16518024335286
8465,64.16518024335286
8465,64.16518024335286
8466,64.18200313602802
8466,64.18200313602802
8466,64.18200313602802
8466,64.18200313602802
8466,64.18200313602802
8467,32.27869391439198
8467,32.27869391439198
8467,32.27869391439198
8467,32.27869391439198
8467,32.27869391439198
8468,39.55120226211443
8468,39.55120226211443
8468,39.55120226211443
8468,39.55120226211443
8468,39.55120226211443
8469,39.47109916906883
8469,39.47109916906883
8469,39.47109916906883
8469,39.47109916906883
8469,39.47109916906883
8470,35.96500501778261
8470,35.96500501778261
8470,35.96500501778261
8470,35.96500501778261
8470,35.96500501778261
8471,20.055594352918465
8471,20.055594352918465
8471,20.055594352918465
8471,20.055594352918465
8471,20.055594352918465
8472,20.026458918237235
8472,20.026458918237235
8472,20.026458918237235
8472,20.026458918237235
8472,20.026458918237235
8473,16.4978973144163
8473,16.4978973144163
8473,16.4978973144163
8473,16.4978973144163
8473,16.4978973144163
8474,16.507405047491538
8474,16.507405047491538
8474,16.507405047491538
8474,16.507405047491538
8474,16.507405047491538
8475,35.95551286838336
8475,35.95551286838336
8475,35.95551286838336
8475,35.95551286838336
8475,35.95551286838336
8476,20.079122102308023
8476,20.079122102308023
8476,20.079122102308023
8476,20.079122102308023
8476,20.079122102308023
8477,20.094967990146323
8477,20.094967990146323
8477,20.094967990146323
8477,20.094967990146323
8477,20.094967990146323
8478,36.03418344476231
8478,36.03418344476231
8478,36.03418344476231
8478,36.03418344476231
8478,36.03418344476231
8479,51.964767541046015
8479,51.964767541046015
8479,51.964767541046015
8479,51.964767541046015
8479,51.964767541046015
8480,51.96051944976837
8480,51.96051944976837
8480,51.96051944976837
8480,51.96051944976837
8480,51.96051944976837
8481,59.15779378654803
8481,59.15779378654803
8481,59.15779378654803
8481,59.15779378654803
8481,59.15779378654803
8482,59.21844670646315
8482,59.21844670646315
8482,59.21844670646315
8482,59.21844670646315
8482,59.21844670646315
8483,55.59596614787334
8483,55.59596614787334
8483,55.59596614787334
8483,55.59596614787334
8483,55.59596614787334
8484,55.67821390519462
8484,55.67821390519462
8484,55.67821390519462
8484,55.67821390519462
8484,55.67821390519462
8485,51.9900175376486
8485,51.9900175376486
8485,51.9900175376486
8485,51.9900175376486
8485,51.9900175376486
8486,36.04278511988171
8486,36.04278511988171
8486,36.04278511988171
8486,36.04278511988171
8486,36.04278511988171
8487,36.018485687298636
8487,36.018485687298636
8487,36.018485687298636
8487,36.018485687298636
8487,36.018485687298636
8488,32.396933834221144
8488,32.396933834221144
8488,32.396933834221144
8488,32.396933834221144
8488,32.396933834221144
8489,32.365193077019676
8489,32.365193077019676
8489,32.365193077019676
8489,32.365193077019676
8489,32.365193077019676
8490,32.37844340534093
8490,32.37844340534093
8490,32.37844340534093
8490,32.37844340534093
8490,32.37844340534093
8491,32.410704774245126
8491,32.410704774245126
8491,32.410704774245126
8491,32.410704774245126
8491,32.410704774245126
8492,32.4330756187383
8492,32.4330756187383
8492,32.4330756187383
8492,32.4330756187383
8492,32.4330756187383
8493,35.93568579293931
8493,35.93568579293931
8493,35.93568579293931
8493,35.93568579293931
8493,35.93568579293931
8494,35.9721582746407
8494,35.9721582746407
8494,35.9721582746407
8494,35.9721582746407
8494,35.9721582746407
8495,20.01412853819333
8495,20.01412853819333
8495,20.01412853819333
8495,20.01412853819333
8495,20.01412853819333
8496,35.91851078328382
8496,35.91851078328382
8496,35.91851078328382
8496,35.91851078328382
8496,35.91851078328382
8497,35.91891063264161
8497,35.91891063264161
8497,35.91891063264161
8497,35.91891063264161
8497,35.91891063264161
8498,35.970273826924526
8498,35.970273826924526
8498,35.970273826924526
8498,35.970273826924526
8498,35.970273826924526
8499,35.93288252623715
8499,35.93288252623715
8499,35.93288252623715
8499,35.93288252623715
8499,35.93288252623715
8500,35.959410796175526
8500,35.959410796175526
8500,35.959410796175526
8500,35.959410796175526
8500,35.959410796175526
8501,35.96842809786033
8501,35.96842809786033
8501,35.96842809786033
8501,35.96842809786033
8501,35.96842809786033
8502,36.054591132310556
8502,36.054591132310556
8502,36.054591132310556
8502,36.054591132310556
8502,36.054591132310556
8503,36.064953077444805
8503,36.064953077444805
8503,36.064953077444805
8503,36.064953077444805
8503,36.064953077444805
8504,32.43075156570653
8504,32.43075156570653
8504,32.43075156570653
8504,32.43075156570653
8504,32.43075156570653
8505,48.347808024136754
8505,48.347808024136754
8505,48.347808024136754
8505,48.347808024136754
8505,48.347808024136754
8506,32.39670282056506
8506,32.39670282056506
8506,32.39670282056506
8506,32.39670282056506
8506,32.39670282056506
8507,32.360616712159405
8507,32.360616712159405
8507,32.360616712159405
8507,32.360616712159405
8507,32.360616712159405
8508,32.38991751565239
8508,32.38991751565239
8508,32.38991751565239
8508,32.38991751565239
8508,32.38991751565239
8509,32.41062669221606
8509,32.41062669221606
8509,32.41062669221606
8509,32.41062669221606
8509,32.41062669221606
8510,32.36956507007482
8510,32.36956507007482
8510,32.36956507007482
8510,32.36956507007482
8510,32.36956507007482
8511,32.42071510644459
8511,32.42071510644459
8511,32.42071510644459
8511,32.42071510644459
8511,32.42071510644459
8512,32.33140990634927
8512,32.33140990634927
8512,32.33140990634927
8512,32.33140990634927
8512,32.33140990634927
8513,32.379958554063776
8513,32.379958554063776
8513,32.379958554063776
8513,32.379958554063776
8513,32.379958554063776
8514,32.33675325507177
8514,32.33675325507177
8514,32.33675325507177
8514,32.33675325507177
8514,32.33675325507177
8515,16.370422837305586
8515,16.370422837305586
8515,16.370422837305586
8515,16.370422837305586
8515,16.370422837305586
8516,32.47609428237959
8516,32.47609428237959
8516,32.47609428237959
8516,32.47609428237959
8516,32.47609428237959
8517,48.500472281836224
8517,48.500472281836224
8517,48.500472281836224
8517,48.500472281836224
8517,48.500472281836224
8518,48.48456385126531
8518,48.48456385126531
8518,48.48456385126531
8518,48.48456385126531
8518,48.48456385126531
8519,32.41469936704867
8519,32.41469936704867
8519,32.41469936704867
8519,32.41469936704867
8519,32.41469936704867
8520,35.999975010815675
8520,35.999975010815675
8520,35.999975010815675
8520,35.999975010815675
8520,35.999975010815675
8521,32.47111082604731
8521,32.47111082604731
8521,32.47111082604731
8521,32.47111082604731
8521,32.47111082604731
8522,32.512648752287205
8522,32.512648752287205
8522,32.512648752287205
8522,32.512648752287205
8522,32.512648752287205
8523,36.097146119433305
8523,36.097146119433305
8523,36.097146119433305
8523,36.097146119433305
8523,36.097146119433305
8524,36.14446127979823
8524,36.14446127979823
8524,36.14446127979823
8524,36.14446127979823
8524,36.14446127979823
8525,52.12458292285081
8525,52.12458292285081
8525,52.12458292285081
8525,52.12458292285081
8525,52.12458292285081
8526,36.06217142205877
8526,36.06217142205877
8526,36.06217142205877
8526,36.06217142205877
8526,36.06217142205877
8527,36.05446348463953
8527,36.05446348463953
8527,36.05446348463953
8527,36.05446348463953
8527,36.05446348463953
8528,36.05657881154449
8528,36.05657881154449
8528,36.05657881154449
8528,36.05657881154449
8528,36.05657881154449
8529,36.08919377905079
8529,36.08919377905079
8529,36.08919377905079
8529,36.08919377905079
8529,36.08919377905079
8530,51.96963477277475
8530,51.96963477277475
8530,51.96963477277475
8530,51.96963477277475
8530,51.96963477277475
8531,67.84943259917438
8531,67.84943259917438
8531,67.84943259917438
8531,67.84943259917438
8531,67.84943259917438
8532,64.32462969436662
8532,64.32462969436662
8532,64.32462969436662
8532,64.32462969436662
8532,64.32462969436662
8533,64.422810809026
8533,64.422810809026
8533,64.422810809026
8533,64.422810809026
8533,64.422810809026
8534,48.45528516395601
8534,48.45528516395601
8534,48.45528516395601
8534,48.45528516395601
8534,48.45528516395601
8535,48.36635900768008
8535,48.36635900768008
8535,48.36635900768008
8535,48.36635900768008
8535,48.36635900768008
8536,36.139698407574734
8536,36.139698407574734
8536,36.139698407574734
8536,36.139698407574734
8536,36.139698407574734
8537,36.168899949331745
8537,36.168899949331745
8537,36.168899949331745
8537,36.168899949331745
8537,36.168899949331745
8538,55.67434437295022
8538,55.67434437295022
8538,55.67434437295022
8538,55.67434437295022
8538,55.67434437295022
8539,55.72241765859762
8539,55.72241765859762
8539,55.72241765859762
8539,55.72241765859762
8539,55.72241765859762
8540,52.08228367548704
8540,52.08228367548704
8540,52.08228367548704
8540,52.08228367548704
8540,52.08228367548704
8541,52.026549654219615
8541,52.026549654219615
8541,52.026549654219615
8541,52.026549654219615
8541,52.026549654219615
8542,59.28793427772865
8542,59.28793427772865
8542,59.28793427772865
8542,59.28793427772865
8542,59.28793427772865
8543,59.26490436599305
8543,59.26490436599305
8543,59.26490436599305
8543,59.26490436599305
8543,59.26490436599305
8544,59.26568704865722
8544,59.26568704865722
8544,59.26568704865722
8544,59.26568704865722
8544,59.26568704865722
8545,59.32353600395088
8545,59.32353600395088
8545,59.32353600395088
8545,59.32353600395088
8545,59.32353600395088
8546,71.67917546482389
8546,71.67917546482389
8546,71.67917546482389
8546,71.67917546482389
8546,71.67917546482389
8547,71.76063591995032
8547,71.76063591995032
8547,71.76063591995032
8547,71.76063591995032
8547,71.76063591995032
8548,75.3333789636011
8548,75.3333789636011
8548,75.3333789636011
8548,75.3333789636011
8548,75.3333789636011
8549,75.32178527658962
8549,75.32178527658962
8549,75.32178527658962
8549,75.32178527658962
8549,75.32178527658962
8550,75.35314281065804
8550,75.35314281065804
8550,75.35314281065804
8550,75.35314281065804
8550,75.35314281065804
8551,91.27513750628245
8551,91.27513750628245
8551,91.27513750628245
8551,91.27513750628245
8551,91.27513750628245
8552,87.70040483092257
8552,87.70040483092257
8552,87.70040483092257
8552,87.70040483092257
8552,87.70040483092257
8553,87.62929543425642
8553,87.62929543425642
8553,87.62929543425642
8553,87.62929543425642
8553,87.62929543425642
8554,84.0494909118483
8554,84.0494909118483
8554,84.0494909118483
8554,84.0494909118483
8554,84.0494909118483
8555,91.13684462181945
8555,91.13684462181945
8555,91.13684462181945
8555,91.13684462181945
8555,91.13684462181945
8556,87.49610535326087
8556,87.49610535326087
8556,87.49610535326087
8556,87.49610535326087
8556,87.49610535326087
8557,87.47737872093012
8557,87.47737872093012
8557,87.47737872093012
8557,87.47737872093012
8557,87.47737872093012
8558,87.35416462148488
8558,87.35416462148488
8558,87.35416462148488
8558,87.35416462148488
8558,87.35416462148488
8559,75.00415431062297
8559,75.00415431062297
8559,75.00415431062297
8559,75.00415431062297
8559,75.00415431062297
8560,78.70297304493138
8560,78.70297304493138
8560,78.70297304493138
8560,78.70297304493138
8560,78.70297304493138
8561,71.55219459244937
8561,71.55219459244937
8561,71.55219459244937
8561,71.55219459244937
8561,71.55219459244937
8562,71.64674413571699
8562,71.64674413571699
8562,71.64674413571699
8562,71.64674413571699
8562,71.64674413571699
8563,68.20428251713297
8563,68.20428251713297
8563,68.20428251713297
8563,68.20428251713297
8563,68.20428251713297
8564,68.20822114565041
8564,68.20822114565041
8564,68.20822114565041
8564,68.20822114565041
8564,68.20822114565041
8565,68.20149156268616
8565,68.20149156268616
8565,68.20149156268616
8565,68.20149156268616
8565,68.20149156268616
8566,68.16934247412476
8566,68.16934247412476
8566,68.16934247412476
8566,68.16934247412476
8566,68.16934247412476
8567,68.04095778542182
8567,68.04095778542182
8567,68.04095778542182
8567,68.04095778542182
8567,68.04095778542182
8568,52.01530410040558
8568,52.01530410040558
8568,52.01530410040558
8568,52.01530410040558
8568,52.01530410040558
8569,48.4320431309079
8569,48.4320431309079
8569,48.4320431309079
8569,48.4320431309079
8569,48.4320431309079
8570,48.394283846894474
8570,48.394283846894474
8570,48.394283846894474
8570,48.394283846894474
8570,48.394283846894474
8571,51.99627572573892
8571,51.99627572573892
8571,51.99627572573892
8571,51.99627572573892
8571,51.99627572573892
8572,48.35180332222555
8572,48.35180332222555
8572,48.35180332222555
8572,48.35180332222555
8572,48.35180332222555
8573,51.919846342988386
8573,51.919846342988386
8573,51.919846342988386
8573,51.919846342988386
8573,51.919846342988386
8574,67.88481067117291
8574,67.88481067117291
8574,67.88481067117291
8574,67.88481067117291
8574,67.88481067117291
8575,67.9298288734836
8575,67.9298288734836
8575,67.9298288734836
8575,67.9298288734836
8575,67.9298288734836
8576,71.49083357399594
8576,71.49083357399594
8576,71.49083357399594
8576,71.49083357399594
8576,71.49083357399594
8577,71.46848085898247
8577,71.46848085898247
8577,71.46848085898247
8577,71.46848085898247
8577,71.46848085898247
8578,71.48114430627682
8578,71.48114430627682
8578,71.48114430627682
8578,71.48114430627682
8578,71.48114430627682
8579,55.513620971787155
8579,55.513620971787155
8579,55.513620971787155
8579,55.513620971787155
8579,55.513620971787155
8580,39.62093202297463
8580,39.62093202297463
8580,39.62093202297463
8580,39.62093202297463
8580,39.62093202297463
8581,36.08916412905361
8581,36.08916412905361
8581,36.08916412905361
8581,36.08916412905361
8581,36.08916412905361
8582,36.02736369798273
8582,36.02736369798273
8582,36.02736369798273
8582,36.02736369798273
8582,36.02736369798273
8583,36.03049820145311
8583,36.03049820145311
8583,36.03049820145311
8583,36.03049820145311
8583,36.03049820145311
8584,35.991499880753224
8584,35.991499880753224
8584,35.991499880753224
8584,35.991499880753224
8584,35.991499880753224
8585,39.64038544874349
8585,39.64038544874349
8585,39.64038544874349
8585,39.64038544874349
8585,39.64038544874349
8586,39.72290175601008
8586,39.72290175601008
8586,39.72290175601008
8586,39.72290175601008
8586,39.72290175601008
8587,39.7014351645017
8587,39.7014351645017
8587,39.7014351645017
8587,39.7014351645017
8587,39.7014351645017
8588,55.640230486559744
8588,55.640230486559744
8588,55.640230486559744
8588,55.640230486559744
8588,55.640230486559744
8589,55.58098500455016
8589,55.58098500455016
8589,55.58098500455016
8589,55.58098500455016
8589,55.58098500455016
8590,55.56754836581236
8590,55.56754836581236
8590,55.56754836581236
8590,55.56754836581236
8590,55.56754836581236
8591,55.45019629132143
8591,55.45019629132143
8591,55.45019629132143
8591,55.45019629132143
8591,55.45019629132143
8592,55.44921788345495
8592,55.44921788345495
8592,55.44921788345495
8592,55.44921788345495
8592,55.44921788345495
8593,55.47345705723977
8593,55.47345705723977
8593,55.47345705723977
8593,55.47345705723977
8593,55.47345705723977
8594,59.147639014523136
8594,59.147639014523136
8594,59.147639014523136
8594,59.147639014523136
8594,59.147639014523136
8595,59.172120377896405
8595,59.172120377896405
8595,59.172120377896405
8595,59.172120377896405
8595,59.172120377896405
8596,59.15051832436164
8596,59.15051832436164
8596,59.15051832436164
8596,59.15051832436164
8596,59.15051832436164
8597,59.25679968218513
8597,59.25679968218513
8597,59.25679968218513
8597,59.25679968218513
8597,59.25679968218513
8598,55.63582578416523
8598,55.63582578416523
8598,55.63582578416523
8598,55.63582578416523
8598,55.63582578416523
8599,55.61776021327434
8599,55.61776021327434
8599,55.61776021327434
8599,55.61776021327434
8599,55.61776021327434
8600,55.63164818974125
8600,55.63164818974125
8600,55.63164818974125
8600,55.63164818974125
8600,55.63164818974125
8601,59.253845247774734
8601,59.253845247774734
8601,59.253845247774734
8601,59.253845247774734
8601,59.253845247774734
8602,59.17302811272416
8602,59.17302811272416
8602,59.17302811272416
8602,59.17302811272416
8602,59.17302811272416
8603,55.585102866340364
8603,55.585102866340364
8603,55.585102866340364
8603,55.585102866340364
8603,55.585102866340364
8604,59.17724748331975
8604,59.17724748331975
8604,59.17724748331975
8604,59.17724748331975
8604,59.17724748331975
8605,59.23289191479895
8605,59.23289191479895
8605,59.23289191479895
8605,59.23289191479895
8605,59.23289191479895
8606,59.25343727453395
8606,59.25343727453395
8606,59.25343727453395
8606,59.25343727453395
8606,59.25343727453395
8607,59.29802608484215
8607,59.29802608484215
8607,59.29802608484215
8607,59.29802608484215
8607,59.29802608484215
8608,55.754265874346814
8608,55.754265874346814
8608,55.754265874346814
8608,55.754265874346814
8608,55.754265874346814
8609,55.79054375004837
8609,55.79054375004837
8609,55.79054375004837
8609,55.79054375004837
8609,55.79054375004837
8610,55.80091492126384
8610,55.80091492126384
8610,55.80091492126384
8610,55.80091492126384
8610,55.80091492126384
8611,55.84083159457094
8611,55.84083159457094
8611,55.84083159457094
8611,55.84083159457094
8611,55.84083159457094
8612,55.76567235609566
8612,55.76567235609566
8612,55.76567235609566
8612,55.76567235609566
8612,55.76567235609566
8613,55.76834828238005
8613,55.76834828238005
8613,55.76834828238005
8613,55.76834828238005
8613,55.76834828238005
8614,52.15443435447268
8614,52.15443435447268
8614,52.15443435447268
8614,52.15443435447268
8614,52.15443435447268
8615,52.139131168584626
8615,52.139131168584626
8615,52.139131168584626
8615,52.139131168584626
8615,52.139131168584626
8616,48.50667542479464
8616,48.50667542479464
8616,48.50667542479464
8616,48.50667542479464
8616,48.50667542479464
8617,48.47665779928948
8617,48.47665779928948
8617,48.47665779928948
8617,48.47665779928948
8617,48.47665779928948
8618,48.46365739967719
8618,48.46365739967719
8618,48.46365739967719
8618,48.46365739967719
8618,48.46365739967719
8619,48.45931529204649
8619,48.45931529204649
8619,48.45931529204649
8619,48.45931529204649
8619,48.45931529204649
8620,48.49261156699131
8620,48.49261156699131
8620,48.49261156699131
8620,48.49261156699131
8620,48.49261156699131
8621,48.33327381329974
8621,48.33327381329974
8621,48.33327381329974
8621,48.33327381329974
8621,48.33327381329974
8622,48.30835469307538
8622,48.30835469307538
8622,48.30835469307538
8622,48.30835469307538
8622,48.30835469307538
8623,48.326815490325004
8623,48.326815490325004
8623,48.326815490325004
8623,48.326815490325004
8623,48.326815490325004
8624,52.006789671959815
8624,52.006789671959815
8624,52.006789671959815
8624,52.006789671959815
8624,52.006789671959815
8625,48.41266270551464
8625,48.41266270551464
8625,48.41266270551464
8625,48.41266270551464
8625,48.41266270551464
8626,48.43880780515977
8626,48.43880780515977
8626,48.43880780515977
8626,48.43880780515977
8626,48.43880780515977
8627,32.53338785189541
8627,32.53338785189541
8627,32.53338785189541
8627,32.53338785189541
8627,32.53338785189541
8628,32.42743936229931
8628,32.42743936229931
8628,32.42743936229931
8628,32.42743936229931
8628,32.42743936229931
8629,32.411305400246654
8629,32.411305400246654
8629,32.411305400246654
8629,32.411305400246654
8629,32.411305400246654
8630,32.41866721537518
8630,32.41866721537518
8630,32.41866721537518
8630,32.41866721537518
8630,32.41866721537518
8631,32.41610475753616
8631,32.41610475753616
8631,32.41610475753616
8631,32.41610475753616
8631,32.41610475753616
8632,20.0457646502677
8632,20.0457646502677
8632,20.0457646502677
8632,20.0457646502677
8632,20.0457646502677
8633,39.592103751604256
8633,39.592103751604256
8633,39.592103751604256
8633,39.592103751604256
8633,39.592103751604256
8634,39.511446743337004
8634,39.511446743337004
8634,39.511446743337004
8634,39.511446743337004
8634,39.511446743337004
8635,39.5850477303196
8635,39.5850477303196
8635,39.5850477303196
8635,39.5850477303196
8635,39.5850477303196
8636,35.99657164975706
8636,35.99657164975706
8636,35.99657164975706
8636,35.99657164975706
8636,35.99657164975706
8637,35.97835937950937
8637,35.97835937950937
8637,35.97835937950937
8637,35.97835937950937
8637,35.97835937950937
8638,35.9731199936954
8638,35.9731199936954
8638,35.9731199936954
8638,35.9731199936954
8638,35.9731199936954
8639,35.95686790361548
8639,35.95686790361548
8639,35.95686790361548
8639,35.95686790361548
8639,35.95686790361548
8640,35.91427990391976
8640,35.91427990391976
8640,35.91427990391976
8640,35.91427990391976
8640,35.91427990391976
8641,35.879239605437796
8641,35.879239605437796
8641,35.879239605437796
8641,35.879239605437796
8641,35.879239605437796
8642,16.38770852122969
8642,16.38770852122969
8642,16.38770852122969
8642,16.38770852122969
8642,16.38770852122969
8643,16.416294579412416
8643,16.416294579412416
8643,16.416294579412416
8643,16.416294579412416
8643,16.416294579412416
8644,32.3247954024659
8644,32.3247954024659
8644,32.3247954024659
8644,32.3247954024659
8644,32.3247954024659
8645,16.460162358858433
8645,16.460162358858433
8645,16.460162358858433
8645,16.460162358858433
8645,16.460162358858433
8646,16.516371274315933
8646,16.516371274315933
8646,16.516371274315933
8646,16.516371274315933
8646,16.516371274315933
8647,16.44706651811981
8647,16.44706651811981
8647,16.44706651811981
8647,16.44706651811981
8647,16.44706651811981
8648,32.32861343606622
8648,32.32861343606622
8648,32.32861343606622
8648,32.32861343606622
8648,32.32861343606622
8649,51.82587779504437
8649,51.82587779504437
8649,51.82587779504437
8649,51.82587779504437
8649,51.82587779504437
8650,32.25876584369883
8650,32.25876584369883
8650,32.25876584369883
8650,32.25876584369883
8650,32.25876584369883
8651,32.26581884620455
8651,32.26581884620455
8651,32.26581884620455
8651,32.26581884620455
8651,32.26581884620455
8652,32.24697071524677
8652,32.24697071524677
8652,32.24697071524677
8652,32.24697071524677
8652,32.24697071524677
8653,32.24139303267282
8653,32.24139303267282
8653,32.24139303267282
8653,32.24139303267282
8653,32.24139303267282
8654,16.30276956131039
8654,16.30276956131039
8654,16.30276956131039
8654,16.30276956131039
8654,16.30276956131039
8655,16.41902757472159
8655,16.41902757472159
8655,16.41902757472159
8655,16.41902757472159
8655,16.41902757472159
8656,32.382807145532716
8656,32.382807145532716
8656,32.382807145532716
8656,32.382807145532716
8656,32.382807145532716
8657,32.348499162476315
8657,32.348499162476315
8657,32.348499162476315
8657,32.348499162476315
8657,32.348499162476315
8658,36.01828138780007
8658,36.01828138780007
8658,36.01828138780007
8658,36.01828138780007
8658,36.01828138780007
8659,35.996898360165815
8659,35.996898360165815
8659,35.996898360165815
8659,35.996898360165815
8659,35.996898360165815
8660,36.028729647073
8660,36.028729647073
8660,36.028729647073
8660,36.028729647073
8660,36.028729647073
8661,35.988101374985476
8661,35.988101374985476
8661,35.988101374985476
8661,35.988101374985476
8661,35.988101374985476
8662,36.04954277622027
8662,36.04954277622027
8662,36.04954277622027
8662,36.04954277622027
8662,36.04954277622027
8663,36.067553932813226
8663,36.067553932813226
8663,36.067553932813226
8663,36.067553932813226
8663,36.067553932813226
8664,36.05746417967044
8664,36.05746417967044
8664,36.05746417967044
8664,36.05746417967044
8664,36.05746417967044
8665,36.062882859825834
8665,36.062882859825834
8665,36.062882859825834
8665,36.062882859825834
8665,36.062882859825834
8666,35.94026517204942
8666,35.94026517204942
8666,35.94026517204942
8666,35.94026517204942
8666,35.94026517204942
8667,51.892531153826646
8667,51.892531153826646
8667,51.892531153826646
8667,51.892531153826646
8667,51.892531153826646
8668,35.988227688983486
8668,35.988227688983486
8668,35.988227688983486
8668,35.988227688983486
8668,35.988227688983486
8669,55.543883612527985
8669,55.543883612527985
8669,55.543883612527985
8669,55.543883612527985
8669,55.543883612527985
8670,55.488620689950366
8670,55.488620689950366
8670,55.488620689950366
8670,55.488620689950366
8670,55.488620689950366
8671,51.95601599462391
8671,51.95601599462391
8671,51.95601599462391
8671,51.95601599462391
8671,51.95601599462391
8672,48.34164901818904
8672,48.34164901818904
8672,48.34164901818904
8672,48.34164901818904
8672,48.34164901818904
8673,48.366257582131006
8673,48.366257582131006
8673,48.366257582131006
8673,48.366257582131006
8673,48.366257582131006
8674,32.37588196762899
8674,32.37588196762899
8674,32.37588196762899
8674,32.37588196762899
8674,32.37588196762899
8675,35.910082681174806
8675,35.910082681174806
8675,35.910082681174806
8675,35.910082681174806
8675,35.910082681174806
8676,19.917928796062206
8676,19.917928796062206
8676,19.917928796062206
8676,19.917928796062206
8676,19.917928796062206
8677,19.868807075816214
8677,19.868807075816214
8677,19.868807075816214
8677,19.868807075816214
8677,19.868807075816214
8678,35.8731296255631
8678,35.8731296255631
8678,35.8731296255631
8678,35.8731296255631
8678,35.8731296255631
8679,35.83087694297562
8679,35.83087694297562
8679,35.83087694297562
8679,35.83087694297562
8679,35.83087694297562
8680,35.86260798821788
8680,35.86260798821788
8680,35.86260798821788
8680,35.86260798821788
8680,35.86260798821788
8681,35.86516316256275
8681,35.86516316256275
8681,35.86516316256275
8681,35.86516316256275
8681,35.86516316256275
8682,35.89756042834593
8682,35.89756042834593
8682,35.89756042834593
8682,35.89756042834593
8682,35.89756042834593
8683,39.50681260532558
8683,39.50681260532558
8683,39.50681260532558
8683,39.50681260532558
8683,39.50681260532558
8684,39.49775987019562
8684,39.49775987019562
8684,39.49775987019562
8684,39.49775987019562
8684,39.49775987019562
8685,39.570364955745426
8685,39.570364955745426
8685,39.570364955745426
8685,39.570364955745426
8685,39.570364955745426
8686,39.56237672861937
8686,39.56237672861937
8686,39.56237672861937
8686,39.56237672861937
8686,39.56237672861937
8687,39.56983544207547
8687,39.56983544207547
8687,39.56983544207547
8687,39.56983544207547
8687,39.56983544207547
8688,36.01969646515896
8688,36.01969646515896
8688,36.01969646515896
8688,36.01969646515896
8688,36.01969646515896
8689,36.02068081463131
8689,36.02068081463131
8689,36.02068081463131
8689,36.02068081463131
8689,36.02068081463131
8690,35.97506303234146
8690,35.97506303234146
8690,35.97506303234146
8690,35.97506303234146
8690,35.97506303234146
8691,35.957808026902754
8691,35.957808026902754
8691,35.957808026902754
8691,35.957808026902754
8691,35.957808026902754
8692,32.329466528998125
8692,32.329466528998125
8692,32.329466528998125
8692,32.329466528998125
8692,32.329466528998125
8693,16.387341247973882
8693,16.387341247973882
8693,16.387341247973882
8693,16.387341247973882
8693,16.387341247973882
8694,16.43381515300557
8694,16.43381515300557
8694,16.43381515300557
8694,16.43381515300557
8694,16.43381515300557
8695,32.44998544915874
8695,32.44998544915874
8695,32.44998544915874
8695,32.44998544915874
8695,32.44998544915874
8696,32.45294993202722
8696,32.45294993202722
8696,32.45294993202722
8696,32.45294993202722
8696,32.45294993202722
8697,32.46585840261783
8697,32.46585840261783
8697,32.46585840261783
8697,32.46585840261783
8697,32.46585840261783
8698,32.45884622648979
8698,32.45884622648979
8698,32.45884622648979
8698,32.45884622648979
8698,32.45884622648979
8699,32.419785484093566
8699,32.419785484093566
8699,32.419785484093566
8699,32.419785484093566
8699,32.419785484093566
8700,35.99679478039008
8700,35.99679478039008
8700,35.99679478039008
8700,35.99679478039008
8700,35.99679478039008
8701,32.402193451351266
8701,32.402193451351266
8701,32.402193451351266
8701,32.402193451351266
8701,32.402193451351266
8702,32.43496576805086
8702,32.43496576805086
8702,32.43496576805086
8702,32.43496576805086
8702,32.43496576805086
8703,32.379670149113494
8703,32.379670149113494
8703,32.379670149113494
8703,32.379670149113494
8703,32.379670149113494
8704,32.34073466613733
8704,32.34073466613733
8704,32.34073466613733
8704,32.34073466613733
8704,32.34073466613733
8705,32.34693535660804
8705,32.34693535660804
8705,32.34693535660804
8705,32.34693535660804
8705,32.34693535660804
8706,32.35310382766317
8706,32.35310382766317
8706,32.35310382766317
8706,32.35310382766317
8706,32.35310382766317
8707,48.28878307387922
8707,48.28878307387922
8707,48.28878307387922
8707,48.28878307387922
8707,48.28878307387922
8708,48.33431171232222
8708,48.33431171232222
8708,48.33431171232222
8708,48.33431171232222
8708,48.33431171232222
8709,48.27371004794915
8709,48.27371004794915
8709,48.27371004794915
8709,48.27371004794915
8709,48.27371004794915
8710,48.30408228674989
8710,48.30408228674989
8710,48.30408228674989
8710,48.30408228674989
8710,48.30408228674989
8711,55.607675645944866
8711,55.607675645944866
8711,55.607675645944866
8711,55.607675645944866
8711,55.607675645944866
8712,55.58911088698092
8712,55.58911088698092
8712,55.58911088698092
8712,55.58911088698092
8712,55.58911088698092
8713,55.68125566125426
8713,55.68125566125426
8713,55.68125566125426
8713,55.68125566125426
8713,55.68125566125426
8714,52.1323856247232
8714,52.1323856247232
8714,52.1323856247232
8714,52.1323856247232
8714,52.1323856247232
8715,35.963861505139704
8715,35.963861505139704
8715,35.963861505139704
8715,35.963861505139704
8715,35.963861505139704
8716,35.96899537979625
8716,35.96899537979625
8716,35.96899537979625
8716,35.96899537979625
8716,35.96899537979625
8717,19.982604044959245
8717,19.982604044959245
8717,19.982604044959245
8717,19.982604044959245
8717,19.982604044959245
8718,19.915160756603477
8718,19.915160756603477
8718,19.915160756603477
8718,19.915160756603477
8718,19.915160756603477
8719,32.2480202719896
8719,32.2480202719896
8719,32.2480202719896
8719,32.2480202719896
8719,32.2480202719896
8720,35.88722293173713
8720,35.88722293173713
8720,35.88722293173713
8720,35.88722293173713
8720,35.88722293173713
8721,35.925405921955466
8721,35.925405921955466
8721,35.925405921955466
8721,35.925405921955466
8721,35.925405921955466
8722,19.961758431117758
8722,19.961758431117758
8722,19.961758431117758
8722,19.961758431117758
8722,19.961758431117758
8723,16.37810867726929
8723,16.37810867726929
8723,16.37810867726929
8723,16.37810867726929
8723,16.37810867726929
8724,16.37045919358351
8724,16.37045919358351
8724,16.37045919358351
8724,16.37045919358351
8724,16.37045919358351
8725,16.400007095963293
8725,16.400007095963293
8725,16.400007095963293
8725,16.400007095963293
8725,16.400007095963293
8726,16.408840106612885
8726,16.408840106612885
8726,16.408840106612885
8726,16.408840106612885
8726,16.408840106612885
8727,16.450490185460207
8727,16.450490185460207
8727,16.450490185460207
8727,16.450490185460207
8727,16.450490185460207
8728,32.39650683040867
8728,32.39650683040867
8728,32.39650683040867
8728,32.39650683040867
8728,32.39650683040867
8729,32.40414379080765
8729,32.40414379080765
8729,32.40414379080765
8729,32.40414379080765
8729,32.40414379080765
8730,32.43703491861114
8730,32.43703491861114
8730,32.43703491861114
8730,32.43703491861114
8730,32.43703491861114
8731,32.429964163051395
8731,32.429964163051395
8731,32.429964163051395
8731,32.429964163051395
8731,32.429964163051395
8732,32.5050232120739
8732,32.5050232120739
8732,32.5050232120739
8732,32.5050232120739
8732,32.5050232120739
8733,48.309906349211225
8733,48.309906349211225
8733,48.309906349211225
8733,48.309906349211225
8733,48.309906349211225
8734,32.309610308161574
8734,32.309610308161574
8734,32.309610308161574
8734,32.309610308161574
8734,32.309610308161574
8735,19.907304409946853
8735,19.907304409946853
8735,19.907304409946853
8735,19.907304409946853
8735,19.907304409946853
8736,35.8695353741543
8736,35.8695353741543
8736,35.8695353741543
8736,35.8695353741543
8736,35.8695353741543
8737,35.9136198755264
8737,35.9136198755264
8737,35.9136198755264
8737,35.9136198755264
8737,35.9136198755264
8738,35.99404979896906
8738,35.99404979896906
8738,35.99404979896906
8738,35.99404979896906
8738,35.99404979896906
8739,51.97042986729518
8739,51.97042986729518
8739,51.97042986729518
8739,51.97042986729518
8739,51.97042986729518
8740,51.93210470188628
8740,51.93210470188628
8740,51.93210470188628
8740,51.93210470188628
8740,51.93210470188628
8741,51.8944441730453
8741,51.8944441730453
8741,51.8944441730453
8741,51.8944441730453
8741,51.8944441730453
8742,55.47324906872298
8742,55.47324906872298
8742,55.47324906872298
8742,55.47324906872298
8742,55.47324906872298
8743,55.477014100178735
8743,55.477014100178735
8743,55.477014100178735
8743,55.477014100178735
8743,55.477014100178735
8744,55.47186712728177
8744,55.47186712728177
8744,55.47186712728177
8744,55.47186712728177
8744,55.47186712728177
8745,55.50918848289503
8745,55.50918848289503
8745,55.50918848289503
8745,55.50918848289503
8745,55.50918848289503
8746,55.500074572627646
8746,55.500074572627646
8746,55.500074572627646
8746,55.500074572627646
8746,55.500074572627646
8747,55.55208331058414
8747,55.55208331058414
8747,55.55208331058414
8747,55.55208331058414
8747,55.55208331058414
8748,55.59248415115576
8748,55.59248415115576
8748,55.59248415115576
8748,55.59248415115576
8748,55.59248415115576
8749,52.04982887864513
8749,52.04982887864513
8749,52.04982887864513
8749,52.04982887864513
8749,52.04982887864513
8750,51.99036847800063
8750,51.99036847800063
8750,51.99036847800063
8750,51.99036847800063
8750,51.99036847800063
8751,51.88205772804258
8751,51.88205772804258
8751,51.88205772804258
8751,51.88205772804258
8751,51.88205772804258
8752,35.99204826039222
8752,35.99204826039222
8752,35.99204826039222
8752,35.99204826039222
8752,35.99204826039222
8753,51.92629722477507
8753,51.92629722477507
8753,51.92629722477507
8753,51.92629722477507
8753,51.92629722477507
8754,51.98089957082287
8754,51.98089957082287
8754,51.98089957082287
8754,51.98089957082287
8754,51.98089957082287
8755,52.071508568203036
8755,52.071508568203036
8755,52.071508568203036
8755,52.071508568203036
8755,52.071508568203036
8756,52.03940320541774
8756,52.03940320541774
8756,52.03940320541774
8756,52.03940320541774
8756,52.03940320541774
8757,55.6005911995768
8757,55.6005911995768
8757,55.6005911995768
8757,55.6005911995768
8757,55.6005911995768
8758,55.52554412613148
8758,55.52554412613148
8758,55.52554412613148
8758,55.52554412613148
8758,55.52554412613148
8759,39.670433385659756
8759,39.670433385659756
8759,39.670433385659756
8759,39.670433385659756
8759,39.670433385659756
8760,39.572581484973696
8760,39.572581484973696
8760,39.572581484973696
8760,39.572581484973696
8760,39.572581484973696
8761,39.604467429259
8761,39.604467429259
8761,39.604467429259
8761,39.604467429259
8761,39.604467429259
8762,55.55762098351471
8762,55.55762098351471
8762,55.55762098351471
8762,55.55762098351471
8762,55.55762098351471
8763,51.94046026620767
8763,51.94046026620767
8763,51.94046026620767
8763,51.94046026620767
8763,51.94046026620767
8764,55.54922412173357
8764,55.54922412173357
8764,55.54922412173357
8764,55.54922412173357
8764,55.54922412173357
8765,55.50346933548381
8765,55.50346933548381
8765,55.50346933548381
8765,55.50346933548381
8765,55.50346933548381
8766,71.51363867278968
8766,71.51363867278968
8766,71.51363867278968
8766,71.51363867278968
8766,71.51363867278968
8767,71.48941299479054
8767,71.48941299479054
8767,71.48941299479054
8767,71.48941299479054
8767,71.48941299479054
8768,71.52690814688006
8768,71.52690814688006
8768,71.52690814688006
8768,71.52690814688006
8768,71.52690814688006
8769,71.49221078716731
8769,71.49221078716731
8769,71.49221078716731
8769,71.49221078716731
8769,71.49221078716731
8770,71.55386398537662
8770,71.55386398537662
8770,71.55386398537662
8770,71.55386398537662
8770,71.55386398537662
8771,71.58336005773828
8771,71.58336005773828
8771,71.58336005773828
8771,71.58336005773828
8771,71.58336005773828
8772,39.7355258057263
8772,39.7355258057263
8772,39.7355258057263
8772,39.7355258057263
8772,39.7355258057263
8773,36.03442174820653
8773,36.03442174820653
8773,36.03442174820653
8773,36.03442174820653
8773,36.03442174820653
8774,35.97167275163101
8774,35.97167275163101
8774,35.97167275163101
8774,35.97167275163101
8774,35.97167275163101
8775,35.946087657392816
8775,35.946087657392816
8775,35.946087657392816
8775,35.946087657392816
8775,35.946087657392816
8776,51.95299512353006
8776,51.95299512353006
8776,51.95299512353006
8776,51.95299512353006
8776,51.95299512353006
8777,51.87588956343328
8777,51.87588956343328
8777,51.87588956343328
8777,51.87588956343328
8777,51.87588956343328
8778,48.35505655063924
8778,48.35505655063924
8778,48.35505655063924
8778,48.35505655063924
8778,48.35505655063924
8779,48.42317125175375
8779,48.42317125175375
8779,48.42317125175375
8779,48.42317125175375
8779,48.42317125175375
8780,48.45005244190934
8780,48.45005244190934
8780,48.45005244190934
8780,48.45005244190934
8780,48.45005244190934
8781,64.34010236437192
8781,64.34010236437192
8781,64.34010236437192
8781,64.34010236437192
8781,64.34010236437192
8782,48.38544369588492
8782,48.38544369588492
8782,48.38544369588492
8782,48.38544369588492
8782,48.38544369588492
8783,32.45843684574443
8783,32.45843684574443
8783,32.45843684574443
8783,32.45843684574443
8783,32.45843684574443
8784,35.99260281942024
8784,35.99260281942024
8784,35.99260281942024
8784,35.99260281942024
8784,35.99260281942024
8785,35.922938741020054
8785,35.922938741020054
8785,35.922938741020054
8785,35.922938741020054
8785,35.922938741020054
8786,35.95766974000669
8786,35.95766974000669
8786,35.95766974000669
8786,35.95766974000669
8786,35.95766974000669
8787,35.95935240126606
8787,35.95935240126606
8787,35.95935240126606
8787,35.95935240126606
8787,35.95935240126606
8788,35.9984473930572
8788,35.9984473930572
8788,35.9984473930572
8788,35.9984473930572
8788,35.9984473930572
8789,35.99083472981546
8789,35.99083472981546
8789,35.99083472981546
8789,35.99083472981546
8789,35.99083472981546
8790,35.91430194744486
8790,35.91430194744486
8790,35.91430194744486
8790,35.91430194744486
8790,35.91430194744486
8791,35.88273189874103
8791,35.88273189874103
8791,35.88273189874103
8791,35.88273189874103
8791,35.88273189874103
8792,35.915389378294094
8792,35.915389378294094
8792,35.915389378294094
8792,35.915389378294094
8792,35.915389378294094
8793,35.957791997131444
8793,35.957791997131444
8793,35.957791997131444
8793,35.957791997131444
8793,35.957791997131444
8794,35.92711962109132
8794,35.92711962109132
8794,35.92711962109132
8794,35.92711962109132
8794,35.92711962109132
8795,36.002143558379416
8795,36.002143558379416
8795,36.002143558379416
8795,36.002143558379416
8795,36.002143558379416
8796,51.90353009296522
8796,51.90353009296522
8796,51.90353009296522
8796,51.90353009296522
8796,51.90353009296522
8797,55.51093224922637
8797,55.51093224922637
8797,55.51093224922637
8797,55.51093224922637
8797,55.51093224922637
8798,55.55561560061202
8798,55.55561560061202
8798,55.55561560061202
8798,55.55561560061202
8798,55.55561560061202
8799,55.59466752306581
8799,55.59466752306581
8799,55.59466752306581
8799,55.59466752306581
8799,55.59466752306581
8800,55.67414014710276
8800,55.67414014710276
8800,55.67414014710276
8800,55.67414014710276
8800,55.67414014710276
8801,55.68539073292486
8801,55.68539073292486
8801,55.68539073292486
8801,55.68539073292486
8801,55.68539073292486
8802,55.67432331621681
8802,55.67432331621681
8802,55.67432331621681
8802,55.67432331621681
8802,55.67432331621681
8803,55.64362688993651
8803,55.64362688993651
8803,55.64362688993651
8803,55.64362688993651
8803,55.64362688993651
8804,55.651569408092556
8804,55.651569408092556
8804,55.651569408092556
8804,55.651569408092556
8804,55.651569408092556
8805,39.70308337592144
8805,39.70308337592144
8805,39.70308337592144
8805,39.70308337592144
8805,39.70308337592144
8806,55.53758766728129
8806,55.53758766728129
8806,55.53758766728129
8806,55.53758766728129
8806,55.53758766728129
8807,71.45092161039686
8807,71.45092161039686
8807,71.45092161039686
8807,71.45092161039686
8807,71.45092161039686
8808,75.0736470701273
8808,75.0736470701273
8808,75.0736470701273
8808,75.0736470701273
8808,75.0736470701273
8809,67.95852592200092
8809,67.95852592200092
8809,67.95852592200092
8809,67.95852592200092
8809,67.95852592200092
8810,71.51422391537992
8810,71.51422391537992
8810,71.51422391537992
8810,71.51422391537992
8810,71.51422391537992
8811,71.5257238405539
8811,71.5257238405539
8811,71.5257238405539
8811,71.5257238405539
8811,71.5257238405539
8812,71.56028451896324
8812,71.56028451896324
8812,71.56028451896324
8812,71.56028451896324
8812,71.56028451896324
8813,52.05974763875936
8813,52.05974763875936
8813,52.05974763875936
8813,52.05974763875936
8813,52.05974763875936
8814,68.04291130823671
8814,68.04291130823671
8814,68.04291130823671
8814,68.04291130823671
8814,68.04291130823671
8815,52.08105280739785
8815,52.08105280739785
8815,52.08105280739785
8815,52.08105280739785
8815,52.08105280739785
8816,67.99280157866181
8816,67.99280157866181
8816,67.99280157866181
8816,67.99280157866181
8816,67.99280157866181
8817,64.48724021380166
8817,64.48724021380166
8817,64.48724021380166
8817,64.48724021380166
8817,64.48724021380166
8818,64.50105722060304
8818,64.50105722060304
8818,64.50105722060304
8818,64.50105722060304
8818,64.50105722060304
8819,67.9992103533846
8819,67.9992103533846
8819,67.9992103533846
8819,67.9992103533846
8819,67.9992103533846
8820,68.0081035414128
8820,68.0081035414128
8820,68.0081035414128
8820,68.0081035414128
8820,68.0081035414128
8821,64.43485146985735
8821,64.43485146985735
8821,64.43485146985735
8821,64.43485146985735
8821,64.43485146985735
8822,64.48466347800516
8822,64.48466347800516
8822,64.48466347800516
8822,64.48466347800516
8822,64.48466347800516
8823,68.11722004706175
8823,68.11722004706175
8823,68.11722004706175
8823,68.11722004706175
8823,68.11722004706175
8824,71.57102990293205
8824,71.57102990293205
8824,71.57102990293205
8824,71.57102990293205
8824,71.57102990293205
8825,71.54795674956286
8825,71.54795674956286
8825,71.54795674956286
8825,71.54795674956286
8825,71.54795674956286
8826,68.1037025134995
8826,68.1037025134995
8826,68.1037025134995
8826,68.1037025134995
8826,68.1037025134995
8827,68.09561565918803
8827,68.09561565918803
8827,68.09561565918803
8827,68.09561565918803
8827,68.09561565918803
8828,71.68832486764546
8828,71.68832486764546
8828,71.68832486764546
8828,71.68832486764546
8828,71.68832486764546
8829,59.356355239499635
8829,59.356355239499635
8829,59.356355239499635
8829,59.356355239499635
8829,59.356355239499635
8830,59.2787837692578
8830,59.2787837692578
8830,59.2787837692578
8830,59.2787837692578
8830,59.2787837692578
8831,59.270430564872015
8831,59.270430564872015
8831,59.270430564872015
8831,59.270430564872015
8831,59.270430564872015
8832,59.190154762626676
8832,59.190154762626676
8832,59.190154762626676
8832,59.190154762626676
8832,59.190154762626676
8833,55.53523260828071
8833,55.53523260828071
8833,55.53523260828071
8833,55.53523260828071
8833,55.53523260828071
8834,71.69420153409519
8834,71.69420153409519
8834,71.69420153409519
8834,71.69420153409519
8834,71.69420153409519
8835,71.7027213147837
8835,71.7027213147837
8835,71.7027213147837
8835,71.7027213147837
8835,71.7027213147837
8836,71.69064158565224
8836,71.69064158565224
8836,71.69064158565224
8836,71.69064158565224
8836,71.69064158565224
8837,71.65241767090832
8837,71.65241767090832
8837,71.65241767090832
8837,71.65241767090832
8837,71.65241767090832
8838,52.11176232679602
8838,52.11176232679602
8838,52.11176232679602
8838,52.11176232679602
8838,52.11176232679602
8839,52.0784477263652
8839,52.0784477263652
8839,52.0784477263652
8839,52.0784477263652
8839,52.0784477263652
8840,52.098465742035195
8840,52.098465742035195
8840,52.098465742035195
8840,52.098465742035195
8840,52.098465742035195
8841,52.03091142796129
8841,52.03091142796129
8841,52.03091142796129
8841,52.03091142796129
8841,52.03091142796129
8842,51.97778152041302
8842,51.97778152041302
8842,51.97778152041302
8842,51.97778152041302
8842,51.97778152041302
8843,51.97034027796117
8843,51.97034027796117
8843,51.97034027796117
8843,51.97034027796117
8843,51.97034027796117
8844,51.96129182978626
8844,51.96129182978626
8844,51.96129182978626
8844,51.96129182978626
8844,51.96129182978626
8845,55.5017997402475
8845,55.5017997402475
8845,55.5017997402475
8845,55.5017997402475
8845,55.5017997402475
8846,55.55698384499725
8846,55.55698384499725
8846,55.55698384499725
8846,55.55698384499725
8846,55.55698384499725
8847,55.63778683622756
8847,55.63778683622756
8847,55.63778683622756
8847,55.63778683622756
8847,55.63778683622756
8848,55.66439090360755
8848,55.66439090360755
8848,55.66439090360755
8848,55.66439090360755
8848,55.66439090360755
8849,55.67207969944034
8849,55.67207969944034
8849,55.67207969944034
8849,55.67207969944034
8849,55.67207969944034
8850,55.67287771373408
8850,55.67287771373408
8850,55.67287771373408
8850,55.67287771373408
8850,55.67287771373408
8851,52.000132530381094
8851,52.000132530381094
8851,52.000132530381094
8851,52.000132530381094
8851,52.000132530381094
8852,55.619434880599385
8852,55.619434880599385
8852,55.619434880599385
8852,55.619434880599385
8852,55.619434880599385
8853,55.615559627810015
8853,55.615559627810015
8853,55.615559627810015
8853,55.615559627810015
8853,55.615559627810015
8854,39.56699461190709
8854,39.56699461190709
8854,39.56699461190709
8854,39.56699461190709
8854,39.56699461190709
8855,55.550768792198255
8855,55.550768792198255
8855,55.550768792198255
8855,55.550768792198255
8855,55.550768792198255
8856,51.88871006436525
8856,51.88871006436525
8856,51.88871006436525
8856,51.88871006436525
8856,51.88871006436525
8857,48.394940698461745
8857,48.394940698461745
8857,48.394940698461745
8857,48.394940698461745
8857,48.394940698461745
8858,48.405903866042856
8858,48.405903866042856
8858,48.405903866042856
8858,48.405903866042856
8858,48.405903866042856
8859,51.921285402110186
8859,51.921285402110186
8859,51.921285402110186
8859,51.921285402110186
8859,51.921285402110186
8860,48.39830753942583
8860,48.39830753942583
8860,48.39830753942583
8860,48.39830753942583
8860,48.39830753942583
8861,48.444295647737846
8861,48.444295647737846
8861,48.444295647737846
8861,48.444295647737846
8861,48.444295647737846
8862,64.39591172148664
8862,64.39591172148664
8862,64.39591172148664
8862,64.39591172148664
8862,64.39591172148664
8863,67.91203053111323
8863,67.91203053111323
8863,67.91203053111323
8863,67.91203053111323
8863,67.91203053111323
8864,67.91301906359783
8864,67.91301906359783
8864,67.91301906359783
8864,67.91301906359783
8864,67.91301906359783
8865,52.06600650971775
8865,52.06600650971775
8865,52.06600650971775
8865,52.06600650971775
8865,52.06600650971775
8866,52.143370815955066
8866,52.143370815955066
8866,52.143370815955066
8866,52.143370815955066
8866,52.143370815955066
8867,52.09740310893835
8867,52.09740310893835
8867,52.09740310893835
8867,52.09740310893835
8867,52.09740310893835
8868,36.10676008211193
8868,36.10676008211193
8868,36.10676008211193
8868,36.10676008211193
8868,36.10676008211193
8869,32.358205174266296
8869,32.358205174266296
8869,32.358205174266296
8869,32.358205174266296
8869,32.358205174266296
8870,32.33295190032793
8870,32.33295190032793
8870,32.33295190032793
8870,32.33295190032793
8870,32.33295190032793
8871,32.34360375756602
8871,32.34360375756602
8871,32.34360375756602
8871,32.34360375756602
8871,32.34360375756602
8872,32.34612751063802
8872,32.34612751063802
8872,32.34612751063802
8872,32.34612751063802
8872,32.34612751063802
8873,32.36842739542179
8873,32.36842739542179
8873,32.36842739542179
8873,32.36842739542179
8873,32.36842739542179
8874,16.449415942964517
8874,16.449415942964517
8874,16.449415942964517
8874,16.449415942964517
8874,16.449415942964517
8875,32.42019815909875
8875,32.42019815909875
8875,32.42019815909875
8875,32.42019815909875
8875,32.42019815909875
8876,32.44745347285742
8876,32.44745347285742
8876,32.44745347285742
8876,32.44745347285742
8876,32.44745347285742
8877,32.481379350170904
8877,32.481379350170904
8877,32.481379350170904
8877,32.481379350170904
8877,32.481379350170904
8878,32.48576308019027
8878,32.48576308019027
8878,32.48576308019027
8878,32.48576308019027
8878,32.48576308019027
8879,32.49131459446577
8879,32.49131459446577
8879,32.49131459446577
8879,32.49131459446577
8879,32.49131459446577
8880,32.47903359041315
8880,32.47903359041315
8880,32.47903359041315
8880,32.47903359041315
8880,32.47903359041315
8881,32.513236042833206
8881,32.513236042833206
8881,32.513236042833206
8881,32.513236042833206
8881,32.513236042833206
8882,32.52034778730888
8882,32.52034778730888
8882,32.52034778730888
8882,32.52034778730888
8882,32.52034778730888
8883,32.52394147099815
8883,32.52394147099815
8883,32.52394147099815
8883,32.52394147099815
8883,32.52394147099815
8884,16.57387632550465
8884,16.57387632550465
8884,16.57387632550465
8884,16.57387632550465
8884,16.57387632550465
8885,32.459200887926315
8885,32.459200887926315
8885,32.459200887926315
8885,32.459200887926315
8885,32.459200887926315
8886,32.499456676274576
8886,32.499456676274576
8886,32.499456676274576
8886,32.499456676274576
8886,32.499456676274576
8887,0.5223771496166995
8887,0.5223771496166995
8887,0.5223771496166995
8887,0.5223771496166995
8887,0.5223771496166995
8888,0.5087420407060049
8888,0.5087420407060049
8888,0.5087420407060049
8888,0.5087420407060049
8888,0.5087420407060049
8889,16.430975299659757
8889,16.430975299659757
8889,16.430975299659757
8889,16.430975299659757
8889,16.430975299659757
8890,16.460241135592902
8890,16.460241135592902
8890,16.460241135592902
8890,16.460241135592902
8890,16.460241135592902
8891,16.423916705658975
8891,16.423916705658975
8891,16.423916705658975
8891,16.423916705658975
8891,16.423916705658975
8892,16.458116504040962
8892,16.458116504040962
8892,16.458116504040962
8892,16.458116504040962
8892,16.458116504040962
8893,16.545442471872196
8893,16.545442471872196
8893,16.545442471872196
8893,16.545442471872196
8893,16.545442471872196
8894,16.454644846084996
8894,16.454644846084996
8894,16.454644846084996
8894,16.454644846084996
8894,16.454644846084996
8895,32.46615534019859
8895,32.46615534019859
8895,32.46615534019859
8895,32.46615534019859
8895,32.46615534019859
8896,32.46227028275175
8896,32.46227028275175
8896,32.46227028275175
8896,32.46227028275175
8896,32.46227028275175
8897,48.41214277010903
8897,48.41214277010903
8897,48.41214277010903
8897,48.41214277010903
8897,48.41214277010903
8898,32.37220249452363
8898,32.37220249452363
8898,32.37220249452363
8898,32.37220249452363
8898,32.37220249452363
8899,48.32665719404069
8899,48.32665719404069
8899,48.32665719404069
8899,48.32665719404069
8899,48.32665719404069
8900,64.31657288578086
8900,64.31657288578086
8900,64.31657288578086
8900,64.31657288578086
8900,64.31657288578086
8901,67.95839193896198
8901,67.95839193896198
8901,67.95839193896198
8901,67.95839193896198
8901,67.95839193896198
8902,52.075694669375025
8902,52.075694669375025
8902,52.075694669375025
8902,52.075694669375025
8902,52.075694669375025
8903,52.06551443608403
8903,52.06551443608403
8903,52.06551443608403
8903,52.06551443608403
8903,52.06551443608403
8904,67.9461645280621
8904,67.9461645280621
8904,67.9461645280621
8904,67.9461645280621
8904,67.9461645280621
8905,67.85138080351615
8905,67.85138080351615
8905,67.85138080351615
8905,67.85138080351615
8905,67.85138080351615
8906,71.52192190412478
8906,71.52192190412478
8906,71.52192190412478
8906,71.52192190412478
8906,71.52192190412478
8907,67.94989331802553
8907,67.94989331802553
8907,67.94989331802553
8907,67.94989331802553
8907,67.94989331802553
8908,75.15203577096291
8908,75.15203577096291
8908,75.15203577096291
8908,75.15203577096291
8908,75.15203577096291
8909,78.70781169134463
8909,78.70781169134463
8909,78.70781169134463
8909,78.70781169134463
8909,78.70781169134463
8910,78.74043148235242
8910,78.74043148235242
8910,78.74043148235242
8910,78.74043148235242
8910,78.74043148235242
8911,78.7692215561452
8911,78.7692215561452
8911,78.7692215561452
8911,78.7692215561452
8911,78.7692215561452
8912,78.8493459193091
8912,78.8493459193091
8912,78.8493459193091
8912,78.8493459193091
8912,78.8493459193091
8913,78.87577760729206
8913,78.87577760729206
8913,78.87577760729206
8913,78.87577760729206
8913,78.87577760729206
8914,75.2592495761568
8914,75.2592495761568
8914,75.2592495761568
8914,75.2592495761568
8914,75.2592495761568
8915,75.06769415054278
8915,75.06769415054278
8915,75.06769415054278
8915,75.06769415054278
8915,75.06769415054278
8916,71.53966596322269
8916,71.53966596322269
8916,71.53966596322269
8916,71.53966596322269
8916,71.53966596322269
8917,71.52777545325048
8917,71.52777545325048
8917,71.52777545325048
8917,71.52777545325048
8917,71.52777545325048
8918,67.94376943663698
8918,67.94376943663698
8918,67.94376943663698
8918,67.94376943663698
8918,67.94376943663698
8919,67.9517313468437
8919,67.9517313468437
8919,67.9517313468437
8919,67.9517313468437
8919,67.9517313468437
8920,83.9505331710515
8920,83.9505331710515
8920,83.9505331710515
8920,83.9505331710515
8920,83.9505331710515
8921,67.96031227393266
8921,67.96031227393266
8921,67.96031227393266
8921,67.96031227393266
8921,67.96031227393266
8922,71.5379513450333
8922,71.5379513450333
8922,71.5379513450333
8922,71.5379513450333
8922,71.5379513450333
8923,71.54926344927046
8923,71.54926344927046
8923,71.54926344927046
8923,71.54926344927046
8923,71.54926344927046
8924,59.1888650633709
8924,59.1888650633709
8924,59.1888650633709
8924,59.1888650633709
8924,59.1888650633709
8925,75.18515219060292
8925,75.18515219060292
8925,75.18515219060292
8925,75.18515219060292
8925,75.18515219060292
8926,71.59783907686335
8926,71.59783907686335
8926,71.59783907686335
8926,71.59783907686335
8926,71.59783907686335
8927,71.6006226920156
8927,71.6006226920156
8927,71.6006226920156
8927,71.6006226920156
8927,71.6006226920156
8928,71.60951661135951
8928,71.60951661135951
8928,71.60951661135951
8928,71.60951661135951
8928,71.60951661135951
8929,71.66267685929446
8929,71.66267685929446
8929,71.66267685929446
8929,71.66267685929446
8929,71.66267685929446
8930,71.6764327934188
8930,71.6764327934188
8930,71.6764327934188
8930,71.6764327934188
8930,71.6764327934188
8931,87.59102915169582
8931,87.59102915169582
8931,87.59102915169582
8931,87.59102915169582
8931,87.59102915169582
8932,91.13631776114194
8932,91.13631776114194
8932,91.13631776114194
8932,91.13631776114194
8932,91.13631776114194
8933,91.13404934066635
8933,91.13404934066635
8933,91.13404934066635
8933,91.13404934066635
8933,91.13404934066635
8934,87.54192817740855
8934,87.54192817740855
8934,87.54192817740855
8934,87.54192817740855
8934,87.54192817740855
8935,87.50632749055048
8935,87.50632749055048
8935,87.50632749055048
8935,87.50632749055048
8935,87.50632749055048
8936,71.65684808272232
8936,71.65684808272232
8936,71.65684808272232
8936,71.65684808272232
8936,71.65684808272232
8937,71.68287532569089
8937,71.68287532569089
8937,71.68287532569089
8937,71.68287532569089
8937,71.68287532569089
8938,71.62808500983374
8938,71.62808500983374
8938,71.62808500983374
8938,71.62808500983374
8938,71.62808500983374
8939,75.2339100878504
8939,75.2339100878504
8939,75.2339100878504
8939,75.2339100878504
8939,75.2339100878504
8940,75.25438031131478
8940,75.25438031131478
8940,75.25438031131478
8940,75.25438031131478
8940,75.25438031131478
8941,75.29993922412204
8941,75.29993922412204
8941,75.29993922412204
8941,75.29993922412204
8941,75.29993922412204
8942,75.20043251549602
8942,75.20043251549602
8942,75.20043251549602
8942,75.20043251549602
8942,75.20043251549602
8943,91.17144344690021
8943,91.17144344690021
8943,91.17144344690021
8943,91.17144344690021
8943,91.17144344690021
8944,91.13577330948952
8944,91.13577330948952
8944,91.13577330948952
8944,91.13577330948952
8944,91.13577330948952
8945,91.21506970910241
8945,91.21506970910241
8945,91.21506970910241
8945,91.21506970910241
8945,91.21506970910241
8946,75.23783149012576
8946,75.23783149012576
8946,75.23783149012576
8946,75.23783149012576
8946,75.23783149012576
8947,75.24076338915455
8947,75.24076338915455
8947,75.24076338915455
8947,75.24076338915455
8947,75.24076338915455
8948,59.30814481090736
8948,59.30814481090736
8948,59.30814481090736
8948,59.30814481090736
8948,59.30814481090736
8949,59.304446929016635
8949,59.304446929016635
8949,59.304446929016635
8949,59.304446929016635
8949,59.304446929016635
8950,55.74562674061051
8950,55.74562674061051
8950,55.74562674061051
8950,55.74562674061051
8950,55.74562674061051
8951,55.660760856933095
8951,55.660760856933095
8951,55.660760856933095
8951,55.660760856933095
8951,55.660760856933095
8952,71.5503002198953
8952,71.5503002198953
8952,71.5503002198953
8952,71.5503002198953
8952,71.5503002198953
8953,71.5434812070418
8953,71.5434812070418
8953,71.5434812070418
8953,71.5434812070418
8953,71.5434812070418
8954,71.48177525434866
8954,71.48177525434866
8954,71.48177525434866
8954,71.48177525434866
8954,71.48177525434866
8955,55.46330746998361
8955,55.46330746998361
8955,55.46330746998361
8955,55.46330746998361
8955,55.46330746998361
8956,51.94127859753263
8956,51.94127859753263
8956,51.94127859753263
8956,51.94127859753263
8956,51.94127859753263
8957,32.360893738262014
8957,32.360893738262014
8957,32.360893738262014
8957,32.360893738262014
8957,32.360893738262014
8958,32.44929076430948
8958,32.44929076430948
8958,32.44929076430948
8958,32.44929076430948
8958,32.44929076430948
8959,36.03615881333485
8959,36.03615881333485
8959,36.03615881333485
8959,36.03615881333485
8959,36.03615881333485
8960,35.993230505882515
8960,35.993230505882515
8960,35.993230505882515
8960,35.993230505882515
8960,35.993230505882515
8961,51.831750022105936
8961,51.831750022105936
8961,51.831750022105936
8961,51.831750022105936
8961,51.831750022105936
8962,35.88076017633166
8962,35.88076017633166
8962,35.88076017633166
8962,35.88076017633166
8962,35.88076017633166
8963,67.84802273426058
8963,67.84802273426058
8963,67.84802273426058
8963,67.84802273426058
8963,67.84802273426058
8964,68.03437072978949
8964,68.03437072978949
8964,68.03437072978949
8964,68.03437072978949
8964,68.03437072978949
8965,52.128515396592306
8965,52.128515396592306
8965,52.128515396592306
8965,52.128515396592306
8965,52.128515396592306
8966,68.09766488122558
8966,68.09766488122558
8966,68.09766488122558
8966,68.09766488122558
8966,68.09766488122558
8967,84.16666625875936
8967,84.16666625875936
8967,84.16666625875936
8967,84.16666625875936
8967,84.16666625875936
8968,87.74303624213789
8968,87.74303624213789
8968,87.74303624213789
8968,87.74303624213789
8968,87.74303624213789
8969,87.6541007145779
8969,87.6541007145779
8969,87.6541007145779
8969,87.6541007145779
8969,87.6541007145779
8970,71.60796287630141
8970,71.60796287630141
8970,71.60796287630141
8970,71.60796287630141
8970,71.60796287630141
8971,71.64928742270295
8971,71.64928742270295
8971,71.64928742270295
8971,71.64928742270295
8971,71.64928742270295
8972,55.68519744516135
8972,55.68519744516135
8972,55.68519744516135
8972,55.68519744516135
8972,55.68519744516135
8973,75.1395864385791
8973,75.1395864385791
8973,75.1395864385791
8973,75.1395864385791
8973,75.1395864385791
8974,59.17765436147484
8974,59.17765436147484
8974,59.17765436147484
8974,59.17765436147484
8974,59.17765436147484
8975,59.16375459579247
8975,59.16375459579247
8975,59.16375459579247
8975,59.16375459579247
8975,59.16375459579247
8976,71.4899532762743
8976,71.4899532762743
8976,71.4899532762743
8976,71.4899532762743
8976,71.4899532762743
8977,71.49826951079015
8977,71.49826951079015
8977,71.49826951079015
8977,71.49826951079015
8977,71.49826951079015
8978,71.49650237122611
8978,71.49650237122611
8978,71.49650237122611
8978,71.49650237122611
8978,71.49650237122611
8979,75.17261694656665
8979,75.17261694656665
8979,75.17261694656665
8979,75.17261694656665
8979,75.17261694656665
8980,75.2019390220066
8980,75.2019390220066
8980,75.2019390220066
8980,75.2019390220066
8980,75.2019390220066
8981,71.67575777283004
8981,71.67575777283004
8981,71.67575777283004
8981,71.67575777283004
8981,71.67575777283004
8982,71.73591642932497
8982,71.73591642932497
8982,71.73591642932497
8982,71.73591642932497
8982,71.73591642932497
8983,71.71282655224755
8983,71.71282655224755
8983,71.71282655224755
8983,71.71282655224755
8983,71.71282655224755
8984,71.69911535645716
8984,71.69911535645716
8984,71.69911535645716
8984,71.69911535645716
8984,71.69911535645716
8985,68.12014782164638
8985,68.12014782164638
8985,68.12014782164638
8985,68.12014782164638
8985,68.12014782164638
8986,68.12021666272433
8986,68.12021666272433
8986,68.12021666272433
8986,68.12021666272433
8986,68.12021666272433
8987,71.5848700422332
8987,71.5848700422332
8987,71.5848700422332
8987,71.5848700422332
8987,71.5848700422332
8988,75.13976383406305
8988,75.13976383406305
8988,75.13976383406305
8988,75.13976383406305
8988,75.13976383406305
8989,91.08219152173379
8989,91.08219152173379
8989,91.08219152173379
8989,91.08219152173379
8989,91.08219152173379
8990,91.11639232227166
8990,91.11639232227166
8990,91.11639232227166
8990,91.11639232227166
8990,91.11639232227166
8991,75.1871842733045
8991,75.1871842733045
8991,75.1871842733045
8991,75.1871842733045
8991,75.1871842733045
8992,59.35465307755118
8992,59.35465307755118
8992,59.35465307755118
8992,59.35465307755118
8992,59.35465307755118
8993,55.76179872878811
8993,55.76179872878811
8993,55.76179872878811
8993,55.76179872878811
8993,55.76179872878811
8994,55.61555271732929
8994,55.61555271732929
8994,55.61555271732929
8994,55.61555271732929
8994,55.61555271732929
8995,71.52358257470091
8995,71.52358257470091
8995,71.52358257470091
8995,71.52358257470091
8995,71.52358257470091
8996,55.56439475608213
8996,55.56439475608213
8996,55.56439475608213
8996,55.56439475608213
8996,55.56439475608213
8997,39.52804796148246
8997,39.52804796148246
8997,39.52804796148246
8997,39.52804796148246
8997,39.52804796148246
8998,39.569969186254056
8998,39.569969186254056
8998,39.569969186254056
8998,39.569969186254056
8998,39.569969186254056
8999,35.956480915941086
8999,35.956480915941086
8999,35.956480915941086
8999,35.956480915941086
8999,35.956480915941086
9000,32.413112846494144
9000,32.413112846494144
9000,32.413112846494144
9000,32.413112846494144
9000,32.413112846494144
9001,48.32046968005264
9001,48.32046968005264
9001,48.32046968005264
9001,48.32046968005264
9001,48.32046968005264
9002,48.342869897743135
9002,48.342869897743135
9002,48.342869897743135
9002,48.342869897743135
9002,48.342869897743135
9003,51.97916070708659
9003,51.97916070708659
9003,51.97916070708659
9003,51.97916070708659
9003,51.97916070708659
9004,51.86692024290478
9004,51.86692024290478
9004,51.86692024290478
9004,51.86692024290478
9004,51.86692024290478
9005,51.91604767014777
9005,51.91604767014777
9005,51.91604767014777
9005,51.91604767014777
9005,51.91604767014777
9006,51.94955731554823
9006,51.94955731554823
9006,51.94955731554823
9006,51.94955731554823
9006,51.94955731554823
9007,36.04365302607377
9007,36.04365302607377
9007,36.04365302607377
9007,36.04365302607377
9007,36.04365302607377
9008,36.051902955109824
9008,36.051902955109824
9008,36.051902955109824
9008,36.051902955109824
9008,36.051902955109824
9009,36.036252232186555
9009,36.036252232186555
9009,36.036252232186555
9009,36.036252232186555
9009,36.036252232186555
9010,51.990464150996615
9010,51.990464150996615
9010,51.990464150996615
9010,51.990464150996615
9010,51.990464150996615
9011,51.9724033373991
9011,51.9724033373991
9011,51.9724033373991
9011,51.9724033373991
9011,51.9724033373991
9012,51.94376135021679
9012,51.94376135021679
9012,51.94376135021679
9012,51.94376135021679
9012,51.94376135021679
9013,52.07668093495678
9013,52.07668093495678
9013,52.07668093495678
9013,52.07668093495678
9013,52.07668093495678
9014,68.03376848408398
9014,68.03376848408398
9014,68.03376848408398
9014,68.03376848408398
9014,68.03376848408398
9015,71.59651580140954
9015,71.59651580140954
9015,71.59651580140954
9015,71.59651580140954
9015,71.59651580140954
9016,68.06888224975927
9016,68.06888224975927
9016,68.06888224975927
9016,68.06888224975927
9016,68.06888224975927
9017,84.12399778786259
9017,84.12399778786259
9017,84.12399778786259
9017,84.12399778786259
9017,84.12399778786259
9018,84.14604506597757
9018,84.14604506597757
9018,84.14604506597757
9018,84.14604506597757
9018,84.14604506597757
9019,84.26457871042967
9019,84.26457871042967
9019,84.26457871042967
9019,84.26457871042967
9019,84.26457871042967
9020,68.1943340868227
9020,68.1943340868227
9020,68.1943340868227
9020,68.1943340868227
9020,68.1943340868227
9021,68.1742330266837
9021,68.1742330266837
9021,68.1742330266837
9021,68.1742330266837
9021,68.1742330266837
9022,68.21630820382043
9022,68.21630820382043
9022,68.21630820382043
9022,68.21630820382043
9022,68.21630820382043
9023,84.1556170505121
9023,84.1556170505121
9023,84.1556170505121
9023,84.1556170505121
9023,84.1556170505121
9024,84.1601942540726
9024,84.1601942540726
9024,84.1601942540726
9024,84.1601942540726
9024,84.1601942540726
9025,84.12139854671891
9025,84.12139854671891
9025,84.12139854671891
9025,84.12139854671891
9025,84.12139854671891
9026,84.06155875125796
9026,84.06155875125796
9026,84.06155875125796
9026,84.06155875125796
9026,84.06155875125796
9027,87.62725202762991
9027,87.62725202762991
9027,87.62725202762991
9027,87.62725202762991
9027,87.62725202762991
9028,87.68298830562051
9028,87.68298830562051
9028,87.68298830562051
9028,87.68298830562051
9028,87.68298830562051
9029,68.02170461706599
9029,68.02170461706599
9029,68.02170461706599
9029,68.02170461706599
9029,68.02170461706599
9030,67.9999681531154
9030,67.9999681531154
9030,67.9999681531154
9030,67.9999681531154
9030,67.9999681531154
9031,52.15697489766056
9031,52.15697489766056
9031,52.15697489766056
9031,52.15697489766056
9031,52.15697489766056
9032,52.03344719700259
9032,52.03344719700259
9032,52.03344719700259
9032,52.03344719700259
9032,52.03344719700259
9033,52.0949148873911
9033,52.0949148873911
9033,52.0949148873911
9033,52.0949148873911
9033,52.0949148873911
9034,52.1079630885175
9034,52.1079630885175
9034,52.1079630885175
9034,52.1079630885175
9034,52.1079630885175
9035,68.04714186182755
9035,68.04714186182755
9035,68.04714186182755
9035,68.04714186182755
9035,68.04714186182755
9036,52.070406424662664
9036,52.070406424662664
9036,52.070406424662664
9036,52.070406424662664
9036,52.070406424662664
9037,52.109009538045584
9037,52.109009538045584
9037,52.109009538045584
9037,52.109009538045584
9037,52.109009538045584
9038,55.7145683476456
9038,55.7145683476456
9038,55.7145683476456
9038,55.7145683476456
9038,55.7145683476456
9039,55.749545855250766
9039,55.749545855250766
9039,55.749545855250766
9039,55.749545855250766
9039,55.749545855250766
9040,55.78571296033501
9040,55.78571296033501
9040,55.78571296033501
9040,55.78571296033501
9040,55.78571296033501
9041,55.80609662773897
9041,55.80609662773897
9041,55.80609662773897
9041,55.80609662773897
9041,55.80609662773897
9042,55.77879220339973
9042,55.77879220339973
9042,55.77879220339973
9042,55.77879220339973
9042,55.77879220339973
9043,55.755062497910295
9043,55.755062497910295
9043,55.755062497910295
9043,55.755062497910295
9043,55.755062497910295
9044,55.66863414836363
9044,55.66863414836363
9044,55.66863414836363
9044,55.66863414836363
9044,55.66863414836363
9045,51.983841478882674
9045,51.983841478882674
9045,51.983841478882674
9045,51.983841478882674
9045,51.983841478882674
9046,55.45753951050254
9046,55.45753951050254
9046,55.45753951050254
9046,55.45753951050254
9046,55.45753951050254
9047,59.12004770958511
9047,59.12004770958511
9047,59.12004770958511
9047,59.12004770958511
9047,59.12004770958511
9048,59.16366802588591
9048,59.16366802588591
9048,59.16366802588591
9048,59.16366802588591
9048,59.16366802588591
9049,59.29392938012304
9049,59.29392938012304
9049,59.29392938012304
9049,59.29392938012304
9049,59.29392938012304
9050,75.21909485338331
9050,75.21909485338331
9050,75.21909485338331
9050,75.21909485338331
9050,75.21909485338331
9051,75.31618451563861
9051,75.31618451563861
9051,75.31618451563861
9051,75.31618451563861
9051,75.31618451563861
9052,75.32553452928747
9052,75.32553452928747
9052,75.32553452928747
9052,75.32553452928747
9052,75.32553452928747
9053,71.63552254083035
9053,71.63552254083035
9053,71.63552254083035
9053,71.63552254083035
9053,71.63552254083035
9054,71.63984694413432
9054,71.63984694413432
9054,71.63984694413432
9054,71.63984694413432
9054,71.63984694413432
9055,67.96865861368408
9055,67.96865861368408
9055,67.96865861368408
9055,67.96865861368408
9055,67.96865861368408
9056,67.9350327939328
9056,67.9350327939328
9056,67.9350327939328
9056,67.9350327939328
9056,67.9350327939328
9057,71.54811649750054
9057,71.54811649750054
9057,71.54811649750054
9057,71.54811649750054
9057,71.54811649750054
9058,71.64650446074538
9058,71.64650446074538
9058,71.64650446074538
9058,71.64650446074538
9058,71.64650446074538
9059,87.57923599139295
9059,87.57923599139295
9059,87.57923599139295
9059,87.57923599139295
9059,87.57923599139295
9060,91.20641450797102
9060,91.20641450797102
9060,91.20641450797102
9060,91.20641450797102
9060,91.20641450797102
9061,87.62801319016873
9061,87.62801319016873
9061,87.62801319016873
9061,87.62801319016873
9061,87.62801319016873
9062,87.74415494715579
9062,87.74415494715579
9062,87.74415494715579
9062,87.74415494715579
9062,87.74415494715579
9063,87.74274145639714
9063,87.74274145639714
9063,87.74274145639714
9063,87.74274145639714
9063,87.74274145639714
9064,91.3897459626827
9064,91.3897459626827
9064,91.3897459626827
9064,91.3897459626827
9064,91.3897459626827
9065,91.30589571403966
9065,91.30589571403966
9065,91.30589571403966
9065,91.30589571403966
9065,91.30589571403966
9066,91.22508328888945
9066,91.22508328888945
9066,91.22508328888945
9066,91.22508328888945
9066,91.22508328888945
9067,75.18143593346369
9067,75.18143593346369
9067,75.18143593346369
9067,75.18143593346369
9067,75.18143593346369
9068,71.59674915761279
9068,71.59674915761279
9068,71.59674915761279
9068,71.59674915761279
9068,71.59674915761279
9069,55.6298031039387
9069,55.6298031039387
9069,55.6298031039387
9069,55.6298031039387
9069,55.6298031039387
9070,59.346673795113055
9070,59.346673795113055
9070,59.346673795113055
9070,59.346673795113055
9070,59.346673795113055
9071,71.72748469774491
9071,71.72748469774491
9071,71.72748469774491
9071,71.72748469774491
9071,71.72748469774491
9072,87.60503259220125
9072,87.60503259220125
9072,87.60503259220125
9072,87.60503259220125
9072,87.60503259220125
9073,87.59562436051598
9073,87.59562436051598
9073,87.59562436051598
9073,87.59562436051598
9073,87.59562436051598
9074,68.13958209945811
9074,68.13958209945811
9074,68.13958209945811
9074,68.13958209945811
9074,68.13958209945811
9075,71.6733213766782
9075,71.6733213766782
9075,71.6733213766782
9075,71.6733213766782
9075,71.6733213766782
9076,71.67480691054217
9076,71.67480691054217
9076,71.67480691054217
9076,71.67480691054217
9076,71.67480691054217
9077,71.49690480739432
9077,71.49690480739432
9077,71.49690480739432
9077,71.49690480739432
9077,71.49690480739432
9078,71.50643060701289
9078,71.50643060701289
9078,71.50643060701289
9078,71.50643060701289
9078,71.50643060701289
9079,55.60430260311314
9079,55.60430260311314
9079,55.60430260311314
9079,55.60430260311314
9079,55.60430260311314
9080,55.46601948642924
9080,55.46601948642924
9080,55.46601948642924
9080,55.46601948642924
9080,55.46601948642924
9081,55.49493901687636
9081,55.49493901687636
9081,55.49493901687636
9081,55.49493901687636
9081,55.49493901687636
9082,51.98303099704615
9082,51.98303099704615
9082,51.98303099704615
9082,51.98303099704615
9082,51.98303099704615
9083,48.39097982965077
9083,48.39097982965077
9083,48.39097982965077
9083,48.39097982965077
9083,48.39097982965077
9084,32.433112864626565
9084,32.433112864626565
9084,32.433112864626565
9084,32.433112864626565
9084,32.433112864626565
9085,36.02889393995783
9085,36.02889393995783
9085,36.02889393995783
9085,36.02889393995783
9085,36.02889393995783
9086,39.59010866831523
9086,39.59010866831523
9086,39.59010866831523
9086,39.59010866831523
9086,39.59010866831523
9087,39.52470024878953
9087,39.52470024878953
9087,39.52470024878953
9087,39.52470024878953
9087,39.52470024878953
9088,39.53405416232002
9088,39.53405416232002
9088,39.53405416232002
9088,39.53405416232002
9088,39.53405416232002
9089,39.55101107642639
9089,39.55101107642639
9089,39.55101107642639
9089,39.55101107642639
9089,39.55101107642639
9090,51.852828636635685
9090,51.852828636635685
9090,51.852828636635685
9090,51.852828636635685
9090,51.852828636635685
9091,51.85933913796125
9091,51.85933913796125
9091,51.85933913796125
9091,51.85933913796125
9091,51.85933913796125
9092,51.88865047412372
9092,51.88865047412372
9092,51.88865047412372
9092,51.88865047412372
9092,51.88865047412372
9093,51.88170440705822
9093,51.88170440705822
9093,51.88170440705822
9093,51.88170440705822
9093,51.88170440705822
9094,55.50861033632632
9094,55.50861033632632
9094,55.50861033632632
9094,55.50861033632632
9094,55.50861033632632
9095,55.543935706314684
9095,55.543935706314684
9095,55.543935706314684
9095,55.543935706314684
9095,55.543935706314684
9096,55.534255275289226
9096,55.534255275289226
9096,55.534255275289226
9096,55.534255275289226
9096,55.534255275289226
9097,48.34861451598056
9097,48.34861451598056
9097,48.34861451598056
9097,48.34861451598056
9097,48.34861451598056
9098,48.36330359521961
9098,48.36330359521961
9098,48.36330359521961
9098,48.36330359521961
9098,48.36330359521961
9099,48.25711947096126
9099,48.25711947096126
9099,48.25711947096126
9099,48.25711947096126
9099,48.25711947096126
9100,48.25369951644578
9100,48.25369951644578
9100,48.25369951644578
9100,48.25369951644578
9100,48.25369951644578
9101,16.30431805847344
9101,16.30431805847344
9101,16.30431805847344
9101,16.30431805847344
9101,16.30431805847344
9102,19.86879688131693
9102,19.86879688131693
9102,19.86879688131693
9102,19.86879688131693
9102,19.86879688131693
9103,19.777648706604676
9103,19.777648706604676
9103,19.777648706604676
9103,19.777648706604676
9103,19.777648706604676
9104,19.780362212972182
9104,19.780362212972182
9104,19.780362212972182
9104,19.780362212972182
9104,19.780362212972182
9105,19.825367172482242
9105,19.825367172482242
9105,19.825367172482242
9105,19.825367172482242
9105,19.825367172482242
9106,16.244632827052783
9106,16.244632827052783
9106,16.244632827052783
9106,16.244632827052783
9106,16.244632827052783
9107,16.25325379437738
9107,16.25325379437738
9107,16.25325379437738
9107,16.25325379437738
9107,16.25325379437738
9108,16.285093062751763
9108,16.285093062751763
9108,16.285093062751763
9108,16.285093062751763
9108,16.285093062751763
9109,16.294069153472485
9109,16.294069153472485
9109,16.294069153472485
9109,16.294069153472485
9109,16.294069153472485
9110,32.255134287746344
9110,32.255134287746344
9110,32.255134287746344
9110,32.255134287746344
9110,32.255134287746344
9111,48.2510455609552
9111,48.2510455609552
9111,48.2510455609552
9111,48.2510455609552
9111,48.2510455609552
9112,48.25108384688586
9112,48.25108384688586
9112,48.25108384688586
9112,48.25108384688586
9112,48.25108384688586
9113,32.541033459313994
9113,32.541033459313994
9113,32.541033459313994
9113,32.541033459313994
9113,32.541033459313994
9114,32.503099644883505
9114,32.503099644883505
9114,32.503099644883505
9114,32.503099644883505
9114,32.503099644883505
9115,32.371233084185626
9115,32.371233084185626
9115,32.371233084185626
9115,32.371233084185626
9115,32.371233084185626
9116,32.34092487168301
9116,32.34092487168301
9116,32.34092487168301
9116,32.34092487168301
9116,32.34092487168301
9117,32.31382871912809
9117,32.31382871912809
9117,32.31382871912809
9117,32.31382871912809
9117,32.31382871912809
9118,16.38430041652176
9118,16.38430041652176
9118,16.38430041652176
9118,16.38430041652176
9118,16.38430041652176
9119,16.370143403961883
9119,16.370143403961883
9119,16.370143403961883
9119,16.370143403961883
9119,16.370143403961883
9120,16.398993246400572
9120,16.398993246400572
9120,16.398993246400572
9120,16.398993246400572
9120,16.398993246400572
9121,16.4293706688647
9121,16.4293706688647
9121,16.4293706688647
9121,16.4293706688647
9121,16.4293706688647
9122,16.463561093346588
9122,16.463561093346588
9122,16.463561093346588
9122,16.463561093346588
9122,16.463561093346588
9123,16.481684161625317
9123,16.481684161625317
9123,16.481684161625317
9123,16.481684161625317
9123,16.481684161625317
9124,16.526622534898173
9124,16.526622534898173
9124,16.526622534898173
9124,16.526622534898173
9124,16.526622534898173
9125,32.50286151381978
9125,32.50286151381978
9125,32.50286151381978
9125,32.50286151381978
9125,32.50286151381978
9126,48.46398394091638
9126,48.46398394091638
9126,48.46398394091638
9126,48.46398394091638
9126,48.46398394091638
9127,48.46672258009443
9127,48.46672258009443
9127,48.46672258009443
9127,48.46672258009443
9127,48.46672258009443
9128,32.51680957682085
9128,32.51680957682085
9128,32.51680957682085
9128,32.51680957682085
9128,32.51680957682085
9129,32.51041658857228
9129,32.51041658857228
9129,32.51041658857228
9129,32.51041658857228
9129,32.51041658857228
9130,32.542735087692634
9130,32.542735087692634
9130,32.542735087692634
9130,32.542735087692634
9130,32.542735087692634
9131,32.38541378479244
9131,32.38541378479244
9131,32.38541378479244
9131,32.38541378479244
9131,32.38541378479244
9132,32.360097993734804
9132,32.360097993734804
9132,32.360097993734804
9132,32.360097993734804
9132,32.360097993734804
9133,32.35039538638622
9133,32.35039538638622
9133,32.35039538638622
9133,32.35039538638622
9133,32.35039538638622
9134,16.388793835435266
9134,16.388793835435266
9134,16.388793835435266
9134,16.388793835435266
9134,16.388793835435266
9135,16.3972934113053
9135,16.3972934113053
9135,16.3972934113053
9135,16.3972934113053
9135,16.3972934113053
9136,16.39812984208409
9136,16.39812984208409
9136,16.39812984208409
9136,16.39812984208409
9136,16.39812984208409
9137,16.359709447299615
9137,16.359709447299615
9137,16.359709447299615
9137,16.359709447299615
9137,16.359709447299615
9138,32.2944372039874
9138,32.2944372039874
9138,32.2944372039874
9138,32.2944372039874
9138,32.2944372039874
9139,35.955451818930506
9139,35.955451818930506
9139,35.955451818930506
9139,35.955451818930506
9139,35.955451818930506
9140,36.01202909530945
9140,36.01202909530945
9140,36.01202909530945
9140,36.01202909530945
9140,36.01202909530945
9141,35.97215965907144
9141,35.97215965907144
9141,35.97215965907144
9141,35.97215965907144
9141,35.97215965907144
9142,35.99175470928489
9142,35.99175470928489
9142,35.99175470928489
9142,35.99175470928489
9142,35.99175470928489
9143,35.98534684541214
9143,35.98534684541214
9143,35.98534684541214
9143,35.98534684541214
9143,35.98534684541214
9144,39.524050850426605
9144,39.524050850426605
9144,39.524050850426605
9144,39.524050850426605
9144,39.524050850426605
9145,39.538811358373984
9145,39.538811358373984
9145,39.538811358373984
9145,39.538811358373984
9145,39.538811358373984
9146,55.593766344031984
9146,55.593766344031984
9146,55.593766344031984
9146,55.593766344031984
9146,55.593766344031984
9147,55.696581273443726
9147,55.696581273443726
9147,55.696581273443726
9147,55.696581273443726
9147,55.696581273443726
9148,55.72006258320871
9148,55.72006258320871
9148,55.72006258320871
9148,55.72006258320871
9148,55.72006258320871
9149,55.731580474610745
9149,55.731580474610745
9149,55.731580474610745
9149,55.731580474610745
9149,55.731580474610745
9150,55.720930355611884
9150,55.720930355611884
9150,55.720930355611884
9150,55.720930355611884
9150,55.720930355611884
9151,55.75540227348667
9151,55.75540227348667
9151,55.75540227348667
9151,55.75540227348667
9151,55.75540227348667
9152,55.79369808081053
9152,55.79369808081053
9152,55.79369808081053
9152,55.79369808081053
9152,55.79369808081053
9153,55.76717796450713
9153,55.76717796450713
9153,55.76717796450713
9153,55.76717796450713
9153,55.76717796450713
9154,71.64021943673309
9154,71.64021943673309
9154,71.64021943673309
9154,71.64021943673309
9154,71.64021943673309
9155,55.61994935186567
9155,55.61994935186567
9155,55.61994935186567
9155,55.61994935186567
9155,55.61994935186567
9156,55.65736481153682
9156,55.65736481153682
9156,55.65736481153682
9156,55.65736481153682
9156,55.65736481153682
9157,39.615367225613014
9157,39.615367225613014
9157,39.615367225613014
9157,39.615367225613014
9157,39.615367225613014
9158,39.588820816666654
9158,39.588820816666654
9158,39.588820816666654
9158,39.588820816666654
9158,39.588820816666654
9159,55.52015334516648
9159,55.52015334516648
9159,55.52015334516648
9159,55.52015334516648
9159,55.52015334516648
9160,39.57439857730965
9160,39.57439857730965
9160,39.57439857730965
9160,39.57439857730965
9160,39.57439857730965
9161,55.38117009866128
9161,55.38117009866128
9161,55.38117009866128
9161,55.38117009866128
9161,55.38117009866128
9162,55.36571644675049
9162,55.36571644675049
9162,55.36571644675049
9162,55.36571644675049
9162,55.36571644675049
9163,51.77685069161098
9163,51.77685069161098
9163,51.77685069161098
9163,51.77685069161098
9163,51.77685069161098
9164,48.27887938988645
9164,48.27887938988645
9164,48.27887938988645
9164,48.27887938988645
9164,48.27887938988645
9165,51.88887366917108
9165,51.88887366917108
9165,51.88887366917108
9165,51.88887366917108
9165,51.88887366917108
9166,51.86301673496364
9166,51.86301673496364
9166,51.86301673496364
9166,51.86301673496364
9166,51.86301673496364
9167,55.46271753212348
9167,55.46271753212348
9167,55.46271753212348
9167,55.46271753212348
9167,55.46271753212348
9168,59.194395890678095
9168,59.194395890678095
9168,59.194395890678095
9168,59.194395890678095
9168,59.194395890678095
9169,59.20199643465052
9169,59.20199643465052
9169,59.20199643465052
9169,59.20199643465052
9169,59.20199643465052
9170,59.194059532128435
9170,59.194059532128435
9170,59.194059532128435
9170,59.194059532128435
9170,59.194059532128435
9171,59.257629343869056
9171,59.257629343869056
9171,59.257629343869056
9171,59.257629343869056
9171,59.257629343869056
9172,59.162517055007676
9172,59.162517055007676
9172,59.162517055007676
9172,59.162517055007676
9172,59.162517055007676
9173,59.15535644819418
9173,59.15535644819418
9173,59.15535644819418
9173,59.15535644819418
9173,59.15535644819418
9174,55.529676931670735
9174,55.529676931670735
9174,55.529676931670735
9174,55.529676931670735
9174,55.529676931670735
9175,59.22630499524922
9175,59.22630499524922
9175,59.22630499524922
9175,59.22630499524922
9175,59.22630499524922
9176,59.180687738890754
9176,59.180687738890754
9176,59.180687738890754
9176,59.180687738890754
9176,59.180687738890754
9177,55.59718354555629
9177,55.59718354555629
9177,55.59718354555629
9177,55.59718354555629
9177,55.59718354555629
9178,55.611737528461006
9178,55.611737528461006
9178,55.611737528461006
9178,55.611737528461006
9178,55.611737528461006
9179,55.62317652587518
9179,55.62317652587518
9179,55.62317652587518
9179,55.62317652587518
9179,55.62317652587518
9180,55.62076928958233
9180,55.62076928958233
9180,55.62076928958233
9180,55.62076928958233
9180,55.62076928958233
9181,71.59233859094476
9181,71.59233859094476
9181,71.59233859094476
9181,71.59233859094476
9181,71.59233859094476
9182,71.62030673369307
9182,71.62030673369307
9182,71.62030673369307
9182,71.62030673369307
9182,71.62030673369307
9183,71.61267181953794
9183,71.61267181953794
9183,71.61267181953794
9183,71.61267181953794
9183,71.61267181953794
9184,71.54410574019292
9184,71.54410574019292
9184,71.54410574019292
9184,71.54410574019292
9184,71.54410574019292
9185,71.5551492893658
9185,71.5551492893658
9185,71.5551492893658
9185,71.5551492893658
9185,71.5551492893658
9186,71.4911483811254
9186,71.4911483811254
9186,71.4911483811254
9186,71.4911483811254
9186,71.4911483811254
9187,71.48981198521592
9187,71.48981198521592
9187,71.48981198521592
9187,71.48981198521592
9187,71.48981198521592
9188,71.4338802960515
9188,71.4338802960515
9188,71.4338802960515
9188,71.4338802960515
9188,71.4338802960515
9189,67.86417292239244
9189,67.86417292239244
9189,67.86417292239244
9189,67.86417292239244
9189,67.86417292239244
9190,64.16346941414523
9190,64.16346941414523
9190,64.16346941414523
9190,64.16346941414523
9190,64.16346941414523
9191,67.90213138732938
9191,67.90213138732938
9191,67.90213138732938
9191,67.90213138732938
9191,67.90213138732938
9192,71.4538156312532
9192,71.4538156312532
9192,71.4538156312532
9192,71.4538156312532
9192,71.4538156312532
9193,67.96502314423653
9193,67.96502314423653
9193,67.96502314423653
9193,67.96502314423653
9193,67.96502314423653
9194,75.119160859671
9194,75.119160859671
9194,75.119160859671
9194,75.119160859671
9194,75.119160859671
9195,75.13937782368035
9195,75.13937782368035
9195,75.13937782368035
9195,75.13937782368035
9195,75.13937782368035
9196,75.25742308319683
9196,75.25742308319683
9196,75.25742308319683
9196,75.25742308319683
9196,75.25742308319683
9197,75.34713481681516
9197,75.34713481681516
9197,75.34713481681516
9197,75.34713481681516
9197,75.34713481681516
9198,75.35506419805048
9198,75.35506419805048
9198,75.35506419805048
9198,75.35506419805048
9198,75.35506419805048
9199,75.31232555228043
9199,75.31232555228043
9199,75.31232555228043
9199,75.31232555228043
9199,75.31232555228043
9200,75.37968230494161
9200,75.37968230494161
9200,75.37968230494161
9200,75.37968230494161
9200,75.37968230494161
9201,75.42388358093076
9201,75.42388358093076
9201,75.42388358093076
9201,75.42388358093076
9201,75.42388358093076
9202,75.36546777646203
9202,75.36546777646203
9202,75.36546777646203
9202,75.36546777646203
9202,75.36546777646203
9203,78.91499182602944
9203,78.91499182602944
9203,78.91499182602944
9203,78.91499182602944
9203,78.91499182602944
9204,78.87511353514667
9204,78.87511353514667
9204,78.87511353514667
9204,78.87511353514667
9204,78.87511353514667
9205,78.80613670455966
9205,78.80613670455966
9205,78.80613670455966
9205,78.80613670455966
9205,78.80613670455966
9206,75.25842845780079
9206,75.25842845780079
9206,75.25842845780079
9206,75.25842845780079
9206,75.25842845780079
9207,59.33538024661539
9207,59.33538024661539
9207,59.33538024661539
9207,59.33538024661539
9207,59.33538024661539
9208,59.358223641773485
9208,59.358223641773485
9208,59.358223641773485
9208,59.358223641773485
9208,59.358223641773485
9209,59.18503645390956
9209,59.18503645390956
9209,59.18503645390956
9209,59.18503645390956
9209,59.18503645390956
9210,59.296477134571965
9210,59.296477134571965
9210,59.296477134571965
9210,59.296477134571965
9210,59.296477134571965
9211,59.3620038224657
9211,59.3620038224657
9211,59.3620038224657
9211,59.3620038224657
9211,59.3620038224657
9212,59.36450819980719
9212,59.36450819980719
9212,59.36450819980719
9212,59.36450819980719
9212,59.36450819980719
9213,71.63155665568688
9213,71.63155665568688
9213,71.63155665568688
9213,71.63155665568688
9213,71.63155665568688
9214,71.6138071420248
9214,71.6138071420248
9214,71.6138071420248
9214,71.6138071420248
9214,71.6138071420248
9215,71.62536398964585
9215,71.62536398964585
9215,71.62536398964585
9215,71.62536398964585
9215,71.62536398964585
9216,75.12988074283953
9216,75.12988074283953
9216,75.12988074283953
9216,75.12988074283953
9216,75.12988074283953
9217,71.50928832119531
9217,71.50928832119531
9217,71.50928832119531
9217,71.50928832119531
9217,71.50928832119531
9218,71.52391780326965
9218,71.52391780326965
9218,71.52391780326965
9218,71.52391780326965
9218,71.52391780326965
9219,67.85808070018177
9219,67.85808070018177
9219,67.85808070018177
9219,67.85808070018177
9219,67.85808070018177
9220,67.86382056273914
9220,67.86382056273914
9220,67.86382056273914
9220,67.86382056273914
9220,67.86382056273914
9221,64.21011729011273
9221,64.21011729011273
9221,64.21011729011273
9221,64.21011729011273
9221,64.21011729011273
9222,48.302356569807046
9222,48.302356569807046
9222,48.302356569807046
9222,48.302356569807046
9222,48.302356569807046
9223,52.014102310318286
9223,52.014102310318286
9223,52.014102310318286
9223,52.014102310318286
9223,52.014102310318286
9224,48.2951774139139
9224,48.2951774139139
9224,48.2951774139139
9224,48.2951774139139
9224,48.2951774139139
9225,48.41680898461945
9225,48.41680898461945
9225,48.41680898461945
9225,48.41680898461945
9225,48.41680898461945
9226,51.980138709675956
9226,51.980138709675956
9226,51.980138709675956
9226,51.980138709675956
9226,51.980138709675956
9227,52.07006916653944
9227,52.07006916653944
9227,52.07006916653944
9227,52.07006916653944
9227,52.07006916653944
9228,52.06172710442921
9228,52.06172710442921
9228,52.06172710442921
9228,52.06172710442921
9228,52.06172710442921
9229,52.053465842024536
9229,52.053465842024536
9229,52.053465842024536
9229,52.053465842024536
9229,52.053465842024536
9230,52.039053696958035
9230,52.039053696958035
9230,52.039053696958035
9230,52.039053696958035
9230,52.039053696958035
9231,52.050914257673924
9231,52.050914257673924
9231,52.050914257673924
9231,52.050914257673924
9231,52.050914257673924
9232,32.52554173502234
9232,32.52554173502234
9232,32.52554173502234
9232,32.52554173502234
9232,32.52554173502234
9233,32.52256057438584
9233,32.52256057438584
9233,32.52256057438584
9233,32.52256057438584
9233,32.52256057438584
9234,32.47578717057159
9234,32.47578717057159
9234,32.47578717057159
9234,32.47578717057159
9234,32.47578717057159
9235,32.43769325785206
9235,32.43769325785206
9235,32.43769325785206
9235,32.43769325785206
9235,32.43769325785206
9236,32.353324163106144
9236,32.353324163106144
9236,32.353324163106144
9236,32.353324163106144
9236,32.353324163106144
9237,32.36049518349355
9237,32.36049518349355
9237,32.36049518349355
9237,32.36049518349355
9237,32.36049518349355
9238,48.27384668569494
9238,48.27384668569494
9238,48.27384668569494
9238,48.27384668569494
9238,48.27384668569494
9239,48.26346729280651
9239,48.26346729280651
9239,48.26346729280651
9239,48.26346729280651
9239,48.26346729280651
9240,68.00935350361613
9240,68.00935350361613
9240,68.00935350361613
9240,68.00935350361613
9240,68.00935350361613
9241,67.98634731240465
9241,67.98634731240465
9241,67.98634731240465
9241,67.98634731240465
9241,67.98634731240465
9242,51.99270581161784
9242,51.99270581161784
9242,51.99270581161784
9242,51.99270581161784
9242,51.99270581161784
9243,52.04184402446551
9243,52.04184402446551
9243,52.04184402446551
9243,52.04184402446551
9243,52.04184402446551
9244,52.044534094694384
9244,52.044534094694384
9244,52.044534094694384
9244,52.044534094694384
9244,52.044534094694384
9245,52.07944397754013
9245,52.07944397754013
9245,52.07944397754013
9245,52.07944397754013
9245,52.07944397754013
9246,55.67213875456291
9246,55.67213875456291
9246,55.67213875456291
9246,55.67213875456291
9246,55.67213875456291
9247,55.73531985577184
9247,55.73531985577184
9247,55.73531985577184
9247,55.73531985577184
9247,55.73531985577184
9248,55.607289793854115
9248,55.607289793854115
9248,55.607289793854115
9248,55.607289793854115
9248,55.607289793854115
9249,55.62259386219337
9249,55.62259386219337
9249,55.62259386219337
9249,55.62259386219337
9249,55.62259386219337
9250,51.9886050161596
9250,51.9886050161596
9250,51.9886050161596
9250,51.9886050161596
9250,51.9886050161596
9251,51.980100090111975
9251,51.980100090111975
9251,51.980100090111975
9251,51.980100090111975
9251,51.980100090111975
9252,52.10915924835831
9252,52.10915924835831
9252,52.10915924835831
9252,52.10915924835831
9252,52.10915924835831
9253,52.10548177618974
9253,52.10548177618974
9253,52.10548177618974
9253,52.10548177618974
9253,52.10548177618974
9254,52.154869840657966
9254,52.154869840657966
9254,52.154869840657966
9254,52.154869840657966
9254,52.154869840657966
9255,52.06562101570073
9255,52.06562101570073
9255,52.06562101570073
9255,52.06562101570073
9255,52.06562101570073
9256,67.89185280629489
9256,67.89185280629489
9256,67.89185280629489
9256,67.89185280629489
9256,67.89185280629489
9257,51.890827166414695
9257,51.890827166414695
9257,51.890827166414695
9257,51.890827166414695
9257,51.890827166414695
9258,35.91088343648583
9258,35.91088343648583
9258,35.91088343648583
9258,35.91088343648583
9258,35.91088343648583
9259,35.88139445348661
9259,35.88139445348661
9259,35.88139445348661
9259,35.88139445348661
9259,35.88139445348661
9260,35.91439587086167
9260,35.91439587086167
9260,35.91439587086167
9260,35.91439587086167
9260,35.91439587086167
9261,35.927237939344685
9261,35.927237939344685
9261,35.927237939344685
9261,35.927237939344685
9261,35.927237939344685
9262,35.99788356104317
9262,35.99788356104317
9262,35.99788356104317
9262,35.99788356104317
9262,35.99788356104317
9263,20.07579795679066
9263,20.07579795679066
9263,20.07579795679066
9263,20.07579795679066
9263,20.07579795679066
9264,20.040965453307706
9264,20.040965453307706
9264,20.040965453307706
9264,20.040965453307706
9264,20.040965453307706
9265,20.11855915554354
9265,20.11855915554354
9265,20.11855915554354
9265,20.11855915554354
9265,20.11855915554354
9266,20.126910386900285
9266,20.126910386900285
9266,20.126910386900285
9266,20.126910386900285
9266,20.126910386900285
9267,36.06697608859575
9267,36.06697608859575
9267,36.06697608859575
9267,36.06697608859575
9267,36.06697608859575
9268,36.03024130889348
9268,36.03024130889348
9268,36.03024130889348
9268,36.03024130889348
9268,36.03024130889348
9269,36.03475204699883
9269,36.03475204699883
9269,36.03475204699883
9269,36.03475204699883
9269,36.03475204699883
9270,36.01732966620139
9270,36.01732966620139
9270,36.01732966620139
9270,36.01732966620139
9270,36.01732966620139
9271,52.059809445530206
9271,52.059809445530206
9271,52.059809445530206
9271,52.059809445530206
9271,52.059809445530206
9272,52.06158734995451
9272,52.06158734995451
9272,52.06158734995451
9272,52.06158734995451
9272,52.06158734995451
9273,52.02963269967813
9273,52.02963269967813
9273,52.02963269967813
9273,52.02963269967813
9273,52.02963269967813
9274,55.65736933769675
9274,55.65736933769675
9274,55.65736933769675
9274,55.65736933769675
9274,55.65736933769675
9275,55.66004654148289
9275,55.66004654148289
9275,55.66004654148289
9275,55.66004654148289
9275,55.66004654148289
9276,52.05443229164318
9276,52.05443229164318
9276,52.05443229164318
9276,52.05443229164318
9276,52.05443229164318
9277,52.039534735258826
9277,52.039534735258826
9277,52.039534735258826
9277,52.039534735258826
9277,52.039534735258826
9278,52.007317203443996
9278,52.007317203443996
9278,52.007317203443996
9278,52.007317203443996
9278,52.007317203443996
9279,52.014961437254655
9279,52.014961437254655
9279,52.014961437254655
9279,52.014961437254655
9279,52.014961437254655
9280,52.09194326119285
9280,52.09194326119285
9280,52.09194326119285
9280,52.09194326119285
9280,52.09194326119285
9281,52.11740998470988
9281,52.11740998470988
9281,52.11740998470988
9281,52.11740998470988
9281,52.11740998470988
9282,52.00885794116258
9282,52.00885794116258
9282,52.00885794116258
9282,52.00885794116258
9282,52.00885794116258
9283,51.99653432491558
9283,51.99653432491558
9283,51.99653432491558
9283,51.99653432491558
9283,51.99653432491558
9284,48.434578587314576
9284,48.434578587314576
9284,48.434578587314576
9284,48.434578587314576
9284,48.434578587314576
9285,32.51389580925283
9285,32.51389580925283
9285,32.51389580925283
9285,32.51389580925283
9285,32.51389580925283
9286,48.544231650106255
9286,48.544231650106255
9286,48.544231650106255
9286,48.544231650106255
9286,48.544231650106255
9287,48.46798834035936
9287,48.46798834035936
9287,48.46798834035936
9287,48.46798834035936
9287,48.46798834035936
9288,48.465214287984665
9288,48.465214287984665
9288,48.465214287984665
9288,48.465214287984665
9288,48.465214287984665
9289,32.479218153187546
9289,32.479218153187546
9289,32.479218153187546
9289,32.479218153187546
9289,32.479218153187546
9290,64.35480158757179
9290,64.35480158757179
9290,64.35480158757179
9290,64.35480158757179
9290,64.35480158757179
9291,51.88203433019004
9291,51.88203433019004
9291,51.88203433019004
9291,51.88203433019004
9291,51.88203433019004
9292,48.268738924745925
9292,48.268738924745925
9292,48.268738924745925
9292,48.268738924745925
9292,48.268738924745925
9293,32.30289343594741
9293,32.30289343594741
9293,32.30289343594741
9293,32.30289343594741
9293,32.30289343594741
9294,32.400979312295384
9294,32.400979312295384
9294,32.400979312295384
9294,32.400979312295384
9294,32.400979312295384
9295,32.39399971127206
9295,32.39399971127206
9295,32.39399971127206
9295,32.39399971127206
9295,32.39399971127206
9296,32.40370431552212
9296,32.40370431552212
9296,32.40370431552212
9296,32.40370431552212
9296,32.40370431552212
9297,32.41699687379511
9297,32.41699687379511
9297,32.41699687379511
9297,32.41699687379511
9297,32.41699687379511
9298,16.501455215574673
9298,16.501455215574673
9298,16.501455215574673
9298,16.501455215574673
9298,16.501455215574673
9299,32.440452954326005
9299,32.440452954326005
9299,32.440452954326005
9299,32.440452954326005
9299,32.440452954326005
9300,32.384579972505136
9300,32.384579972505136
9300,32.384579972505136
9300,32.384579972505136
9300,32.384579972505136
9301,32.29293308598346
9301,32.29293308598346
9301,32.29293308598346
9301,32.29293308598346
9301,32.29293308598346
9302,32.36402686632264
9302,32.36402686632264
9302,32.36402686632264
9302,32.36402686632264
9302,32.36402686632264
9303,32.36062063078053
9303,32.36062063078053
9303,32.36062063078053
9303,32.36062063078053
9303,32.36062063078053
9304,16.421566131042987
9304,16.421566131042987
9304,16.421566131042987
9304,16.421566131042987
9304,16.421566131042987
9305,32.35642139561441
9305,32.35642139561441
9305,32.35642139561441
9305,32.35642139561441
9305,32.35642139561441
9306,16.476606183562957
9306,16.476606183562957
9306,16.476606183562957
9306,16.476606183562957
9306,16.476606183562957
9307,16.481179506972634
9307,16.481179506972634
9307,16.481179506972634
9307,16.481179506972634
9307,16.481179506972634
9308,16.564624034709162
9308,16.564624034709162
9308,16.564624034709162
9308,16.564624034709162
9308,16.564624034709162
9309,16.555456092339046
9309,16.555456092339046
9309,16.555456092339046
9309,16.555456092339046
9309,16.555456092339046
9310,16.53170705605355
9310,16.53170705605355
9310,16.53170705605355
9310,16.53170705605355
9310,16.53170705605355
9311,16.38933578267806
9311,16.38933578267806
9311,16.38933578267806
9311,16.38933578267806
9311,16.38933578267806
9312,16.410138645201222
9312,16.410138645201222
9312,16.410138645201222
9312,16.410138645201222
9312,16.410138645201222
9313,32.347041490437476
9313,32.347041490437476
9313,32.347041490437476
9313,32.347041490437476
9313,32.347041490437476
9314,16.393259619072207
9314,16.393259619072207
9314,16.393259619072207
9314,16.393259619072207
9314,16.393259619072207
9315,16.404309201522306
9315,16.404309201522306
9315,16.404309201522306
9315,16.404309201522306
9315,16.404309201522306
9316,16.366146508940595
9316,16.366146508940595
9316,16.366146508940595
9316,16.366146508940595
9316,16.366146508940595
9317,16.34882936736569
9317,16.34882936736569
9317,16.34882936736569
9317,16.34882936736569
9317,16.34882936736569
9318,48.35657054750214
9318,48.35657054750214
9318,48.35657054750214
9318,48.35657054750214
9318,48.35657054750214
9319,48.35128544677831
9319,48.35128544677831
9319,48.35128544677831
9319,48.35128544677831
9319,48.35128544677831
9320,48.49542316295803
9320,48.49542316295803
9320,48.49542316295803
9320,48.49542316295803
9320,48.49542316295803
9321,48.496429746453785
9321,48.496429746453785
9321,48.496429746453785
9321,48.496429746453785
9321,48.496429746453785
9322,48.5352595023245
9322,48.5352595023245
9322,48.5352595023245
9322,48.5352595023245
9322,48.5352595023245
9323,32.46628189934292
9323,32.46628189934292
9323,32.46628189934292
9323,32.46628189934292
9323,32.46628189934292
9324,32.39848395617439
9324,32.39848395617439
9324,32.39848395617439
9324,32.39848395617439
9324,32.39848395617439
9325,32.446788095477345
9325,32.446788095477345
9325,32.446788095477345
9325,32.446788095477345
9325,32.446788095477345
9326,16.47351669727672
9326,16.47351669727672
9326,16.47351669727672
9326,16.47351669727672
9326,16.47351669727672
9327,16.316018593391604
9327,16.316018593391604
9327,16.316018593391604
9327,16.316018593391604
9327,16.316018593391604
9328,16.427065752323525
9328,16.427065752323525
9328,16.427065752323525
9328,16.427065752323525
9328,16.427065752323525
9329,16.502960425256127
9329,16.502960425256127
9329,16.502960425256127
9329,16.502960425256127
9329,16.502960425256127
9330,32.59814771598716
9330,32.59814771598716
9330,32.59814771598716
9330,32.59814771598716
9330,32.59814771598716
9331,52.05230473823069
9331,52.05230473823069
9331,52.05230473823069
9331,52.05230473823069
9331,52.05230473823069
9332,52.08576957176687
9332,52.08576957176687
9332,52.08576957176687
9332,52.08576957176687
9332,52.08576957176687
9333,68.12698154644141
9333,68.12698154644141
9333,68.12698154644141
9333,68.12698154644141
9333,68.12698154644141
9334,64.40409127685048
9334,64.40409127685048
9334,64.40409127685048
9334,64.40409127685048
9334,64.40409127685048
9335,64.48708772976754
9335,64.48708772976754
9335,64.48708772976754
9335,64.48708772976754
9335,64.48708772976754
9336,48.5761802715612
9336,48.5761802715612
9336,48.5761802715612
9336,48.5761802715612
9336,48.5761802715612
9337,48.503373815749185
9337,48.503373815749185
9337,48.503373815749185
9337,48.503373815749185
9337,48.503373815749185
9338,51.97131559583664
9338,51.97131559583664
9338,51.97131559583664
9338,51.97131559583664
9338,51.97131559583664
9339,51.90770208215903
9339,51.90770208215903
9339,51.90770208215903
9339,51.90770208215903
9339,51.90770208215903
9340,55.4978575375844
9340,55.4978575375844
9340,55.4978575375844
9340,55.4978575375844
9340,55.4978575375844
9341,55.52440518700983
9341,55.52440518700983
9341,55.52440518700983
9341,55.52440518700983
9341,55.52440518700983
9342,55.62614374509182
9342,55.62614374509182
9342,55.62614374509182
9342,55.62614374509182
9342,55.62614374509182
9343,55.64260444042875
9343,55.64260444042875
9343,55.64260444042875
9343,55.64260444042875
9343,55.64260444042875
9344,55.57935911111406
9344,55.57935911111406
9344,55.57935911111406
9344,55.57935911111406
9344,55.57935911111406
9345,55.52928732750816
9345,55.52928732750816
9345,55.52928732750816
9345,55.52928732750816
9345,55.52928732750816
9346,67.83392532569724
9346,67.83392532569724
9346,67.83392532569724
9346,67.83392532569724
9346,67.83392532569724
9347,71.49707138077214
9347,71.49707138077214
9347,71.49707138077214
9347,71.49707138077214
9347,71.49707138077214
9348,71.61915331037287
9348,71.61915331037287
9348,71.61915331037287
9348,71.61915331037287
9348,71.61915331037287
9349,68.0603612559706
9349,68.0603612559706
9349,68.0603612559706
9349,68.0603612559706
9349,68.0603612559706
9350,52.103685810104686
9350,52.103685810104686
9350,52.103685810104686
9350,52.103685810104686
9350,52.103685810104686
9351,68.04468169314717
9351,68.04468169314717
9351,68.04468169314717
9351,68.04468169314717
9351,68.04468169314717
9352,64.4579465559128
9352,64.4579465559128
9352,64.4579465559128
9352,64.4579465559128
9352,64.4579465559128
9353,64.44022600765916
9353,64.44022600765916
9353,64.44022600765916
9353,64.44022600765916
9353,64.44022600765916
9354,68.08548292970127
9354,68.08548292970127
9354,68.08548292970127
9354,68.08548292970127
9354,68.08548292970127
9355,67.95202095575115
9355,67.95202095575115
9355,67.95202095575115
9355,67.95202095575115
9355,67.95202095575115
9356,67.9146276987729
9356,67.9146276987729
9356,67.9146276987729
9356,67.9146276987729
9356,67.9146276987729
9357,52.02059893944996
9357,52.02059893944996
9357,52.02059893944996
9357,52.02059893944996
9357,52.02059893944996
9358,67.88143118090692
9358,67.88143118090692
9358,67.88143118090692
9358,67.88143118090692
9358,67.88143118090692
9359,71.52541892263943
9359,71.52541892263943
9359,71.52541892263943
9359,71.52541892263943
9359,71.52541892263943
9360,71.58233672804155
9360,71.58233672804155
9360,71.58233672804155
9360,71.58233672804155
9360,71.58233672804155
9361,91.09806121758619
9361,91.09806121758619
9361,91.09806121758619
9361,91.09806121758619
9361,91.09806121758619
9362,87.50560122454469
9362,87.50560122454469
9362,87.50560122454469
9362,87.50560122454469
9362,87.50560122454469
9363,87.60779436607444
9363,87.60779436607444
9363,87.60779436607444
9363,87.60779436607444
9363,87.60779436607444
9364,75.20968127887451
9364,75.20968127887451
9364,75.20968127887451
9364,75.20968127887451
9364,75.20968127887451
9365,75.18306788949302
9365,75.18306788949302
9365,75.18306788949302
9365,75.18306788949302
9365,75.18306788949302
9366,78.74764525451636
9366,78.74764525451636
9366,78.74764525451636
9366,78.74764525451636
9366,78.74764525451636
9367,78.80884431946211
9367,78.80884431946211
9367,78.80884431946211
9367,78.80884431946211
9367,78.80884431946211
9368,59.225574508723966
9368,59.225574508723966
9368,59.225574508723966
9368,59.225574508723966
9368,59.225574508723966
9369,59.181434926994484
9369,59.181434926994484
9369,59.181434926994484
9369,59.181434926994484
9369,59.181434926994484
9370,75.09278627901008
9370,75.09278627901008
9370,75.09278627901008
9370,75.09278627901008
9370,75.09278627901008
9371,71.51144080053186
9371,71.51144080053186
9371,71.51144080053186
9371,71.51144080053186
9371,71.51144080053186
9372,71.62516884306801
9372,71.62516884306801
9372,71.62516884306801
9372,71.62516884306801
9372,71.62516884306801
9373,71.81662243732372
9373,71.81662243732372
9373,71.81662243732372
9373,71.81662243732372
9373,71.81662243732372
9374,71.76853214077974
9374,71.76853214077974
9374,71.76853214077974
9374,71.76853214077974
9374,71.76853214077974
9375,71.6720531169242
9375,71.6720531169242
9375,71.6720531169242
9375,71.6720531169242
9375,71.6720531169242
9376,71.6640237972334
9376,71.6640237972334
9376,71.6640237972334
9376,71.6640237972334
9376,71.6640237972334
9377,55.7010502421149
9377,55.7010502421149
9377,55.7010502421149
9377,55.7010502421149
9377,55.7010502421149
9378,71.51979328251866
9378,71.51979328251866
9378,71.51979328251866
9378,71.51979328251866
9378,71.51979328251866
9379,75.17850628701532
9379,75.17850628701532
9379,75.17850628701532
9379,75.17850628701532
9379,75.17850628701532
9380,68.00236559643164
9380,68.00236559643164
9380,68.00236559643164
9380,68.00236559643164
9380,68.00236559643164
9381,67.9728782789504
9381,67.9728782789504
9381,67.9728782789504
9381,67.9728782789504
9381,67.9728782789504
9382,83.96854914686791
9382,83.96854914686791
9382,83.96854914686791
9382,83.96854914686791
9382,83.96854914686791
9383,83.96677852253814
9383,83.96677852253814
9383,83.96677852253814
9383,83.96677852253814
9383,83.96677852253814
9384,91.20222328625725
9384,91.20222328625725
9384,91.20222328625725
9384,91.20222328625725
9384,91.20222328625725
9385,91.20676712590537
9385,91.20676712590537
9385,91.20676712590537
9385,91.20676712590537
9385,91.20676712590537
9386,91.30953125027334
9386,91.30953125027334
9386,91.30953125027334
9386,91.30953125027334
9386,91.30953125027334
9387,91.26756261029792
9387,91.26756261029792
9387,91.26756261029792
9387,91.26756261029792
9387,91.26756261029792
9388,94.85490028451068
9388,94.85490028451068
9388,94.85490028451068
9388,94.85490028451068
9388,94.85490028451068
9389,94.83496495053171
9389,94.83496495053171
9389,94.83496495053171
9389,94.83496495053171
9389,94.83496495053171
9390,94.82977668690076
9390,94.82977668690076
9390,94.82977668690076
9390,94.82977668690076
9390,94.82977668690076
9391,94.8906614945056
9391,94.8906614945056
9391,94.8906614945056
9391,94.8906614945056
9391,94.8906614945056
9392,91.27872919873653
9392,91.27872919873653
9392,91.27872919873653
9392,91.27872919873653
9392,91.27872919873653
9393,91.41165210991034
9393,91.41165210991034
9393,91.41165210991034
9393,91.41165210991034
9393,91.41165210991034
9394,84.0884098871818
9394,84.0884098871818
9394,84.0884098871818
9394,84.0884098871818
9394,84.0884098871818
9395,84.08821253618268
9395,84.08821253618268
9395,84.08821253618268
9395,84.08821253618268
9395,84.08821253618268
9396,84.00162721722197
9396,84.00162721722197
9396,84.00162721722197
9396,84.00162721722197
9396,84.00162721722197
9397,83.93766859322359
9397,83.93766859322359
9397,83.93766859322359
9397,83.93766859322359
9397,83.93766859322359
9398,67.88866935760097
9398,67.88866935760097
9398,67.88866935760097
9398,67.88866935760097
9398,67.88866935760097
9399,55.66395638800331
9399,55.66395638800331
9399,55.66395638800331
9399,55.66395638800331
9399,55.66395638800331
9400,52.065451010409404
9400,52.065451010409404
9400,52.065451010409404
9400,52.065451010409404
9400,52.065451010409404
9401,36.056615469705335
9401,36.056615469705335
9401,36.056615469705335
9401,36.056615469705335
9401,36.056615469705335
9402,35.995293990731305
9402,35.995293990731305
9402,35.995293990731305
9402,35.995293990731305
9402,35.995293990731305
9403,32.34325148285406
9403,32.34325148285406
9403,32.34325148285406
9403,32.34325148285406
9403,32.34325148285406
9404,35.992232246238004
9404,35.992232246238004
9404,35.992232246238004
9404,35.992232246238004
9404,35.992232246238004
9405,39.61072143580061
9405,39.61072143580061
9405,39.61072143580061
9405,39.61072143580061
9405,39.61072143580061
9406,39.61887969766774
9406,39.61887969766774
9406,39.61887969766774
9406,39.61887969766774
9406,39.61887969766774
9407,55.62953011764891
9407,55.62953011764891
9407,55.62953011764891
9407,55.62953011764891
9407,55.62953011764891
9408,55.61018753546682
9408,55.61018753546682
9408,55.61018753546682
9408,55.61018753546682
9408,55.61018753546682
9409,71.61036689733393
9409,71.61036689733393
9409,71.61036689733393
9409,71.61036689733393
9409,71.61036689733393
9410,68.11817090316522
9410,68.11817090316522
9410,68.11817090316522
9410,68.11817090316522
9410,68.11817090316522
9411,68.10900731019355
9411,68.10900731019355
9411,68.10900731019355
9411,68.10900731019355
9411,68.10900731019355
9412,68.06449699997144
9412,68.06449699997144
9412,68.06449699997144
9412,68.06449699997144
9412,68.06449699997144
9413,67.92528517973707
9413,67.92528517973707
9413,67.92528517973707
9413,67.92528517973707
9413,67.92528517973707
9414,67.94451175251075
9414,67.94451175251075
9414,67.94451175251075
9414,67.94451175251075
9414,67.94451175251075
9415,67.92369437865425
9415,67.92369437865425
9415,67.92369437865425
9415,67.92369437865425
9415,67.92369437865425
9416,48.36789317457169
9416,48.36789317457169
9416,48.36789317457169
9416,48.36789317457169
9416,48.36789317457169
9417,32.42591421052068
9417,32.42591421052068
9417,32.42591421052068
9417,32.42591421052068
9417,32.42591421052068
9418,32.33329572446844
9418,32.33329572446844
9418,32.33329572446844
9418,32.33329572446844
9418,32.33329572446844
9419,35.94254229643694
9419,35.94254229643694
9419,35.94254229643694
9419,35.94254229643694
9419,35.94254229643694
9420,35.92847804495946
9420,35.92847804495946
9420,35.92847804495946
9420,35.92847804495946
9420,35.92847804495946
9421,35.95388713218657
9421,35.95388713218657
9421,35.95388713218657
9421,35.95388713218657
9421,35.95388713218657
9422,52.04341521122459
9422,52.04341521122459
9422,52.04341521122459
9422,52.04341521122459
9422,52.04341521122459
9423,64.5418542206255
9423,64.5418542206255
9423,64.5418542206255
9423,64.5418542206255
9423,64.5418542206255
9424,64.52521021093881
9424,64.52521021093881
9424,64.52521021093881
9424,64.52521021093881
9424,64.52521021093881
9425,35.99207640674447
9425,35.99207640674447
9425,35.99207640674447
9425,35.99207640674447
9425,35.99207640674447
9426,51.938287282896226
9426,51.938287282896226
9426,51.938287282896226
9426,51.938287282896226
9426,51.938287282896226
9427,51.97643471835452
9427,51.97643471835452
9427,51.97643471835452
9427,51.97643471835452
9427,51.97643471835452
9428,51.94220252632583
9428,51.94220252632583
9428,51.94220252632583
9428,51.94220252632583
9428,51.94220252632583
9429,36.06036195038024
9429,36.06036195038024
9429,36.06036195038024
9429,36.06036195038024
9429,36.06036195038024
9430,36.005466727569036
9430,36.005466727569036
9430,36.005466727569036
9430,36.005466727569036
9430,36.005466727569036
9431,39.63473126023048
9431,39.63473126023048
9431,39.63473126023048
9431,39.63473126023048
9431,39.63473126023048
9432,36.0514672450977
9432,36.0514672450977
9432,36.0514672450977
9432,36.0514672450977
9432,36.0514672450977
9433,52.015768476297104
9433,52.015768476297104
9433,52.015768476297104
9433,52.015768476297104
9433,52.015768476297104
9434,52.03137505019955
9434,52.03137505019955
9434,52.03137505019955
9434,52.03137505019955
9434,52.03137505019955
9435,51.985466071092276
9435,51.985466071092276
9435,51.985466071092276
9435,51.985466071092276
9435,51.985466071092276
9436,52.007375036920465
9436,52.007375036920465
9436,52.007375036920465
9436,52.007375036920465
9436,52.007375036920465
9437,39.61870540798268
9437,39.61870540798268
9437,39.61870540798268
9437,39.61870540798268
9437,39.61870540798268
9438,39.66286573582106
9438,39.66286573582106
9438,39.66286573582106
9438,39.66286573582106
9438,39.66286573582106
9439,36.112746934222926
9439,36.112746934222926
9439,36.112746934222926
9439,36.112746934222926
9439,36.112746934222926
9440,36.087422526896496
9440,36.087422526896496
9440,36.087422526896496
9440,36.087422526896496
9440,36.087422526896496
9441,36.1212210587685
9441,36.1212210587685
9441,36.1212210587685
9441,36.1212210587685
9441,36.1212210587685
9442,39.7178801804411
9442,39.7178801804411
9442,39.7178801804411
9442,39.7178801804411
9442,39.7178801804411
9443,39.601804416602505
9443,39.601804416602505
9443,39.601804416602505
9443,39.601804416602505
9443,39.601804416602505
9444,39.587468030340986
9444,39.587468030340986
9444,39.587468030340986
9444,39.587468030340986
9444,39.587468030340986
9445,32.53620754104882
9445,32.53620754104882
9445,32.53620754104882
9445,32.53620754104882
9445,32.53620754104882
9446,32.549863676373676
9446,32.549863676373676
9446,32.549863676373676
9446,32.549863676373676
9446,32.549863676373676
9447,32.52141382027948
9447,32.52141382027948
9447,32.52141382027948
9447,32.52141382027948
9447,32.52141382027948
9448,32.533060546079945
9448,32.533060546079945
9448,32.533060546079945
9448,32.533060546079945
9448,32.533060546079945
9449,36.107194044051035
9449,36.107194044051035
9449,36.107194044051035
9449,36.107194044051035
9449,36.107194044051035
9450,36.09409090020912
9450,36.09409090020912
9450,36.09409090020912
9450,36.09409090020912
9450,36.09409090020912
9451,36.01909814023075
9451,36.01909814023075
9451,36.01909814023075
9451,36.01909814023075
9451,36.01909814023075
9452,36.03943040600687
9452,36.03943040600687
9452,36.03943040600687
9452,36.03943040600687
9452,36.03943040600687
9453,35.98225674535669
9453,35.98225674535669
9453,35.98225674535669
9453,35.98225674535669
9453,35.98225674535669
9454,20.10450149472271
9454,20.10450149472271
9454,20.10450149472271
9454,20.10450149472271
9454,20.10450149472271
9455,20.024261447504976
9455,20.024261447504976
9455,20.024261447504976
9455,20.024261447504976
9455,20.024261447504976
9456,20.00084472121257
9456,20.00084472121257
9456,20.00084472121257
9456,20.00084472121257
9456,20.00084472121257
9457,19.975451095922473
9457,19.975451095922473
9457,19.975451095922473
9457,19.975451095922473
9457,19.975451095922473
9458,19.98312159122862
9458,19.98312159122862
9458,19.98312159122862
9458,19.98312159122862
9458,19.98312159122862
9459,19.90502518829242
9459,19.90502518829242
9459,19.90502518829242
9459,19.90502518829242
9459,19.90502518829242
9460,19.929910642786368
9460,19.929910642786368
9460,19.929910642786368
9460,19.929910642786368
9460,19.929910642786368
9461,19.93696503474298
9461,19.93696503474298
9461,19.93696503474298
9461,19.93696503474298
9461,19.93696503474298
9462,19.93891070654924
9462,19.93891070654924
9462,19.93891070654924
9462,19.93891070654924
9462,19.93891070654924
9463,19.983645781558966
9463,19.983645781558966
9463,19.983645781558966
9463,19.983645781558966
9463,19.983645781558966
9464,19.967351374489176
9464,19.967351374489176
9464,19.967351374489176
9464,19.967351374489176
9464,19.967351374489176
9465,32.311155324389816
9465,32.311155324389816
9465,32.311155324389816
9465,32.311155324389816
9465,32.311155324389816
9466,32.30108789088266
9466,32.30108789088266
9466,32.30108789088266
9466,32.30108789088266
9466,32.30108789088266
9467,32.27062318132778
9467,32.27062318132778
9467,32.27062318132778
9467,32.27062318132778
9467,32.27062318132778
9468,32.29205112191643
9468,32.29205112191643
9468,32.29205112191643
9468,32.29205112191643
9468,32.29205112191643
9469,16.367636123676665
9469,16.367636123676665
9469,16.367636123676665
9469,16.367636123676665
9469,16.367636123676665
9470,16.36374350330525
9470,16.36374350330525
9470,16.36374350330525
9470,16.36374350330525
9470,16.36374350330525
9471,19.999410516138248
9471,19.999410516138248
9471,19.999410516138248
9471,19.999410516138248
9471,19.999410516138248
9472,20.014412210399957
9472,20.014412210399957
9472,20.014412210399957
9472,20.014412210399957
9472,20.014412210399957
9473,20.030480628696104
9473,20.030480628696104
9473,20.030480628696104
9473,20.030480628696104
9473,20.030480628696104
9474,20.045061320288866
9474,20.045061320288866
9474,20.045061320288866
9474,20.045061320288866
9474,20.045061320288866
9475,20.036965751763084
9475,20.036965751763084
9475,20.036965751763084
9475,20.036965751763084
9475,20.036965751763084
9476,20.01250970339206
9476,20.01250970339206
9476,20.01250970339206
9476,20.01250970339206
9476,20.01250970339206
9477,19.991586907254906
9477,19.991586907254906
9477,19.991586907254906
9477,19.991586907254906
9477,19.991586907254906
9478,20.01036430106783
9478,20.01036430106783
9478,20.01036430106783
9478,20.01036430106783
9478,20.01036430106783
9479,20.023963544613274
9479,20.023963544613274
9479,20.023963544613274
9479,20.023963544613274
9479,20.023963544613274
9480,36.00211039424367
9480,36.00211039424367
9480,36.00211039424367
9480,36.00211039424367
9480,36.00211039424367
9481,52.01404736688486
9481,52.01404736688486
9481,52.01404736688486
9481,52.01404736688486
9481,52.01404736688486
9482,52.02174605254213
9482,52.02174605254213
9482,52.02174605254213
9482,52.02174605254213
9482,52.02174605254213
9483,52.00775343087273
9483,52.00775343087273
9483,52.00775343087273
9483,52.00775343087273
9483,52.00775343087273
9484,52.02423466812199
9484,52.02423466812199
9484,52.02423466812199
9484,52.02423466812199
9484,52.02423466812199
9485,52.12490110009956
9485,52.12490110009956
9485,52.12490110009956
9485,52.12490110009956
9485,52.12490110009956
9486,68.07709679516115
9486,68.07709679516115
9486,68.07709679516115
9486,68.07709679516115
9486,68.07709679516115
9487,68.00179142895539
9487,68.00179142895539
9487,68.00179142895539
9487,68.00179142895539
9487,68.00179142895539
9488,68.04047255732984
9488,68.04047255732984
9488,68.04047255732984
9488,68.04047255732984
9488,68.04047255732984
9489,68.1811466815387
9489,68.1811466815387
9489,68.1811466815387
9489,68.1811466815387
9489,68.1811466815387
9490,68.10693650516933
9490,68.10693650516933
9490,68.10693650516933
9490,68.10693650516933
9490,68.10693650516933
9491,52.115381247585596
9491,52.115381247585596
9491,52.115381247585596
9491,52.115381247585596
9491,52.115381247585596
9492,52.093389443080426
9492,52.093389443080426
9492,52.093389443080426
9492,52.093389443080426
9492,52.093389443080426
9493,52.07740503343204
9493,52.07740503343204
9493,52.07740503343204
9493,52.07740503343204
9493,52.07740503343204
9494,55.669657912040634
9494,55.669657912040634
9494,55.669657912040634
9494,55.669657912040634
9494,55.669657912040634
9495,51.97902785940636
9495,51.97902785940636
9495,51.97902785940636
9495,51.97902785940636
9495,51.97902785940636
9496,55.57121188690671
9496,55.57121188690671
9496,55.57121188690671
9496,55.57121188690671
9496,55.57121188690671
9497,39.61545560723029
9497,39.61545560723029
9497,39.61545560723029
9497,39.61545560723029
9497,39.61545560723029
9498,39.58959508621005
9498,39.58959508621005
9498,39.58959508621005
9498,39.58959508621005
9498,39.58959508621005
9499,35.99032068145645
9499,35.99032068145645
9499,35.99032068145645
9499,35.99032068145645
9499,35.99032068145645
9500,39.54862117511644
9500,39.54862117511644
9500,39.54862117511644
9500,39.54862117511644
9500,39.54862117511644
9501,35.958071844710204
9501,35.958071844710204
9501,35.958071844710204
9501,35.958071844710204
9501,35.958071844710204
9502,35.990651077424864
9502,35.990651077424864
9502,35.990651077424864
9502,35.990651077424864
9502,35.990651077424864
9503,35.95912017129153
9503,35.95912017129153
9503,35.95912017129153
9503,35.95912017129153
9503,35.95912017129153
9504,51.886726494325806
9504,51.886726494325806
9504,51.886726494325806
9504,51.886726494325806
9504,51.886726494325806
9505,51.92998805416805
9505,51.92998805416805
9505,51.92998805416805
9505,51.92998805416805
9505,51.92998805416805
9506,48.255084607783964
9506,48.255084607783964
9506,48.255084607783964
9506,48.255084607783964
9506,48.255084607783964
9507,64.17387501809733
9507,64.17387501809733
9507,64.17387501809733
9507,64.17387501809733
9507,64.17387501809733
9508,64.21296072271832
9508,64.21296072271832
9508,64.21296072271832
9508,64.21296072271832
9508,64.21296072271832
9509,48.31503879879182
9509,48.31503879879182
9509,48.31503879879182
9509,48.31503879879182
9509,48.31503879879182
9510,35.98202572999626
9510,35.98202572999626
9510,35.98202572999626
9510,35.98202572999626
9510,35.98202572999626
9511,35.90258630556927
9511,35.90258630556927
9511,35.90258630556927
9511,35.90258630556927
9511,35.90258630556927
9512,51.86520128860909
9512,51.86520128860909
9512,51.86520128860909
9512,51.86520128860909
9512,51.86520128860909
9513,48.263020659387855
9513,48.263020659387855
9513,48.263020659387855
9513,48.263020659387855
9513,48.263020659387855
9514,48.37194804589496
9514,48.37194804589496
9514,48.37194804589496
9514,48.37194804589496
9514,48.37194804589496
9515,48.406746241452666
9515,48.406746241452666
9515,48.406746241452666
9515,48.406746241452666
9515,48.406746241452666
9516,48.43565809649289
9516,48.43565809649289
9516,48.43565809649289
9516,48.43565809649289
9516,48.43565809649289
9517,48.44360629119771
9517,48.44360629119771
9517,48.44360629119771
9517,48.44360629119771
9517,48.44360629119771
9518,48.425822968028115
9518,48.425822968028115
9518,48.425822968028115
9518,48.425822968028115
9518,48.425822968028115
9519,48.46975545851825
9519,48.46975545851825
9519,48.46975545851825
9519,48.46975545851825
9519,48.46975545851825
9520,48.48284316938351
9520,48.48284316938351
9520,48.48284316938351
9520,48.48284316938351
9520,48.48284316938351
9521,48.46578192099352
9521,48.46578192099352
9521,48.46578192099352
9521,48.46578192099352
9521,48.46578192099352
9522,48.475910192605895
9522,48.475910192605895
9522,48.475910192605895
9522,48.475910192605895
9522,48.475910192605895
9523,48.492931317033616
9523,48.492931317033616
9523,48.492931317033616
9523,48.492931317033616
9523,48.492931317033616
9524,48.4647585699307
9524,48.4647585699307
9524,48.4647585699307
9524,48.4647585699307
9524,48.4647585699307
9525,48.40109347413592
9525,48.40109347413592
9525,48.40109347413592
9525,48.40109347413592
9525,48.40109347413592
9526,48.39009312199742
9526,48.39009312199742
9526,48.39009312199742
9526,48.39009312199742
9526,48.39009312199742
9527,32.44206352231549
9527,32.44206352231549
9527,32.44206352231549
9527,32.44206352231549
9527,32.44206352231549
9528,32.382858675523245
9528,32.382858675523245
9528,32.382858675523245
9528,32.382858675523245
9528,32.382858675523245
9529,32.32567620006183
9529,32.32567620006183
9529,32.32567620006183
9529,32.32567620006183
9529,32.32567620006183
9530,32.327024222875984
9530,32.327024222875984
9530,32.327024222875984
9530,32.327024222875984
9530,32.327024222875984
9531,48.30962920615201
9531,48.30962920615201
9531,48.30962920615201
9531,48.30962920615201
9531,48.30962920615201
9532,52.033301597293644
9532,52.033301597293644
9532,52.033301597293644
9532,52.033301597293644
9532,52.033301597293644
9533,52.020869687444666
9533,52.020869687444666
9533,52.020869687444666
9533,52.020869687444666
9533,52.020869687444666
9534,51.975291810767864
9534,51.975291810767864
9534,51.975291810767864
9534,51.975291810767864
9534,51.975291810767864
9535,51.986213176325144
9535,51.986213176325144
9535,51.986213176325144
9535,51.986213176325144
9535,51.986213176325144
9536,52.006377560730606
9536,52.006377560730606
9536,52.006377560730606
9536,52.006377560730606
9536,52.006377560730606
9537,36.06236096067671
9537,36.06236096067671
9537,36.06236096067671
9537,36.06236096067671
9537,36.06236096067671
9538,35.984951220701525
9538,35.984951220701525
9538,35.984951220701525
9538,35.984951220701525
9538,35.984951220701525
9539,51.82195865434213
9539,51.82195865434213
9539,51.82195865434213
9539,51.82195865434213
9539,51.82195865434213
9540,51.938853058102794
9540,51.938853058102794
9540,51.938853058102794
9540,51.938853058102794
9540,51.938853058102794
9541,55.5472143959182
9541,55.5472143959182
9541,55.5472143959182
9541,55.5472143959182
9541,55.5472143959182
9542,51.904829999745516
9542,51.904829999745516
9542,51.904829999745516
9542,51.904829999745516
9542,51.904829999745516
9543,55.53502209714425
9543,55.53502209714425
9543,55.53502209714425
9543,55.53502209714425
9543,55.53502209714425
9544,55.519243555933556
9544,55.519243555933556
9544,55.519243555933556
9544,55.519243555933556
9544,55.519243555933556
9545,51.9647058806241
9545,51.9647058806241
9545,51.9647058806241
9545,51.9647058806241
9545,51.9647058806241
9546,51.95608906194743
9546,51.95608906194743
9546,51.95608906194743
9546,51.95608906194743
9546,51.95608906194743
9547,51.933525562219266
9547,51.933525562219266
9547,51.933525562219266
9547,51.933525562219266
9547,51.933525562219266
9548,51.92372946987963
9548,51.92372946987963
9548,51.92372946987963
9548,51.92372946987963
9548,51.92372946987963
9549,51.952616625983524
9549,51.952616625983524
9549,51.952616625983524
9549,51.952616625983524
9549,51.952616625983524
9550,55.58458793739343
9550,55.58458793739343
9550,55.58458793739343
9550,55.58458793739343
9550,55.58458793739343
9551,55.57842147404203
9551,55.57842147404203
9551,55.57842147404203
9551,55.57842147404203
9551,55.57842147404203
9552,59.188414387314005
9552,59.188414387314005
9552,59.188414387314005
9552,59.188414387314005
9552,59.188414387314005
9553,59.20670934440004
9553,59.20670934440004
9553,59.20670934440004
9553,59.20670934440004
9553,59.20670934440004
9554,55.49667260158325
9554,55.49667260158325
9554,55.49667260158325
9554,55.49667260158325
9554,55.49667260158325
9555,39.4891090471219
9555,39.4891090471219
9555,39.4891090471219
9555,39.4891090471219
9555,39.4891090471219
9556,35.90867643787114
9556,35.90867643787114
9556,35.90867643787114
9556,35.90867643787114
9556,35.90867643787114
9557,35.7951220909576
9557,35.7951220909576
9557,35.7951220909576
9557,35.7951220909576
9557,35.7951220909576
9558,16.353969406762573
9558,16.353969406762573
9558,16.353969406762573
9558,16.353969406762573
9558,16.353969406762573
9559,20.047675657314915
9559,20.047675657314915
9559,20.047675657314915
9559,20.047675657314915
9559,20.047675657314915
9560,32.39247505668526
9560,32.39247505668526
9560,32.39247505668526
9560,32.39247505668526
9560,32.39247505668526
9561,48.34096095566772
9561,48.34096095566772
9561,48.34096095566772
9561,48.34096095566772
9561,48.34096095566772
9562,51.983151932328624
9562,51.983151932328624
9562,51.983151932328624
9562,51.983151932328624
9562,51.983151932328624
9563,52.04344460713679
9563,52.04344460713679
9563,52.04344460713679
9563,52.04344460713679
9563,52.04344460713679
9564,52.10353864878671
9564,52.10353864878671
9564,52.10353864878671
9564,52.10353864878671
9564,52.10353864878671
9565,55.67974531006445
9565,55.67974531006445
9565,55.67974531006445
9565,55.67974531006445
9565,55.67974531006445
9566,52.01594653556383
9566,52.01594653556383
9566,52.01594653556383
9566,52.01594653556383
9566,52.01594653556383
9567,51.97756592023817
9567,51.97756592023817
9567,51.97756592023817
9567,51.97756592023817
9567,51.97756592023817
9568,35.87812059324629
9568,35.87812059324629
9568,35.87812059324629
9568,35.87812059324629
9568,35.87812059324629
9569,35.89005383808963
9569,35.89005383808963
9569,35.89005383808963
9569,35.89005383808963
9569,35.89005383808963
9570,35.92212712198569
9570,35.92212712198569
9570,35.92212712198569
9570,35.92212712198569
9570,35.92212712198569
9571,16.459114624506803
9571,16.459114624506803
9571,16.459114624506803
9571,16.459114624506803
9571,16.459114624506803
9572,16.432949086507698
9572,16.432949086507698
9572,16.432949086507698
9572,16.432949086507698
9572,16.432949086507698
9573,20.032934909365174
9573,20.032934909365174
9573,20.032934909365174
9573,20.032934909365174
9573,20.032934909365174
9574,20.017245393099817
9574,20.017245393099817
9574,20.017245393099817
9574,20.017245393099817
9574,20.017245393099817
9575,20.009781000141377
9575,20.009781000141377
9575,20.009781000141377
9575,20.009781000141377
9575,20.009781000141377
9576,20.031191252617507
9576,20.031191252617507
9576,20.031191252617507
9576,20.031191252617507
9576,20.031191252617507
9577,35.978443242030735
9577,35.978443242030735
9577,35.978443242030735
9577,35.978443242030735
9577,35.978443242030735
9578,36.01670286065469
9578,36.01670286065469
9578,36.01670286065469
9578,36.01670286065469
9578,36.01670286065469
9579,36.02617729586117
9579,36.02617729586117
9579,36.02617729586117
9579,36.02617729586117
9579,36.02617729586117
9580,36.062588661717
9580,36.062588661717
9580,36.062588661717
9580,36.062588661717
9580,36.062588661717
9581,36.09609286492719
9581,36.09609286492719
9581,36.09609286492719
9581,36.09609286492719
9581,36.09609286492719
9582,36.11737220299666
9582,36.11737220299666
9582,36.11737220299666
9582,36.11737220299666
9582,36.11737220299666
9583,36.08908283933884
9583,36.08908283933884
9583,36.08908283933884
9583,36.08908283933884
9583,36.08908283933884
9584,36.087711160091295
9584,36.087711160091295
9584,36.087711160091295
9584,36.087711160091295
9584,36.087711160091295
9585,36.0216468223003
9585,36.0216468223003
9585,36.0216468223003
9585,36.0216468223003
9585,36.0216468223003
9586,35.97091532330502
9586,35.97091532330502
9586,35.97091532330502
9586,35.97091532330502
9586,35.97091532330502
9587,36.00212106755858
9587,36.00212106755858
9587,36.00212106755858
9587,36.00212106755858
9587,36.00212106755858
9588,39.56655637376474
9588,39.56655637376474
9588,39.56655637376474
9588,39.56655637376474
9588,39.56655637376474
9589,39.574763282565534
9589,39.574763282565534
9589,39.574763282565534
9589,39.574763282565534
9589,39.574763282565534
9590,39.5513185313918
9590,39.5513185313918
9590,39.5513185313918
9590,39.5513185313918
9590,39.5513185313918
9591,39.569913049898
9591,39.569913049898
9591,39.569913049898
9591,39.569913049898
9591,39.569913049898
9592,35.9988204744198
9592,35.9988204744198
9592,35.9988204744198
9592,35.9988204744198
9592,35.9988204744198
9593,32.362402792414734
9593,32.362402792414734
9593,32.362402792414734
9593,32.362402792414734
9593,32.362402792414734
9594,32.368748127514735
9594,32.368748127514735
9594,32.368748127514735
9594,32.368748127514735
9594,32.368748127514735
9595,32.382077999523545
9595,32.382077999523545
9595,32.382077999523545
9595,32.382077999523545
9595,32.382077999523545
9596,32.392040851699406
9596,32.392040851699406
9596,32.392040851699406
9596,32.392040851699406
9596,32.392040851699406
9597,32.42220272021709
9597,32.42220272021709
9597,32.42220272021709
9597,32.42220272021709
9597,32.42220272021709
9598,39.657180631096026
9598,39.657180631096026
9598,39.657180631096026
9598,39.657180631096026
9598,39.657180631096026
9599,39.6359897365972
9599,39.6359897365972
9599,39.6359897365972
9599,39.6359897365972
9599,39.6359897365972
9600,39.64418614888325
9600,39.64418614888325
9600,39.64418614888325
9600,39.64418614888325
9600,39.64418614888325
9601,39.62860309546569
9601,39.62860309546569
9601,39.62860309546569
9601,39.62860309546569
9601,39.62860309546569
9602,36.03675371986151
9602,36.03675371986151
9602,36.03675371986151
9602,36.03675371986151
9602,36.03675371986151
9603,36.051193333611096
9603,36.051193333611096
9603,36.051193333611096
9603,36.051193333611096
9603,36.051193333611096
9604,20.105881801799455
9604,20.105881801799455
9604,20.105881801799455
9604,20.105881801799455
9604,20.105881801799455
9605,20.10581708701647
9605,20.10581708701647
9605,20.10581708701647
9605,20.10581708701647
9605,20.10581708701647
9606,16.390988676226975
9606,16.390988676226975
9606,16.390988676226975
9606,16.390988676226975
9606,16.390988676226975
9607,51.846750323778586
9607,51.846750323778586
9607,51.846750323778586
9607,51.846750323778586
9607,51.846750323778586
9608,51.84857882771015
9608,51.84857882771015
9608,51.84857882771015
9608,51.84857882771015
9608,51.84857882771015
9609,51.82299243860193
9609,51.82299243860193
9609,51.82299243860193
9609,51.82299243860193
9609,51.82299243860193
9610,51.81777247673118
9610,51.81777247673118
9610,51.81777247673118
9610,51.81777247673118
9610,51.81777247673118
9611,51.8508217645926
9611,51.8508217645926
9611,51.8508217645926
9611,51.8508217645926
9611,51.8508217645926
9612,35.97844136670397
9612,35.97844136670397
9612,35.97844136670397
9612,35.97844136670397
9612,35.97844136670397
9613,35.93297819125769
9613,35.93297819125769
9613,35.93297819125769
9613,35.93297819125769
9613,35.93297819125769
9614,35.96105543141349
9614,35.96105543141349
9614,35.96105543141349
9614,35.96105543141349
9614,35.96105543141349
9615,51.9430461041512
9615,51.9430461041512
9615,51.9430461041512
9615,51.9430461041512
9615,51.9430461041512
9616,35.97472335715993
9616,35.97472335715993
9616,35.97472335715993
9616,35.97472335715993
9616,35.97472335715993
9617,35.98496260086536
9617,35.98496260086536
9617,35.98496260086536
9617,35.98496260086536
9617,35.98496260086536
9618,35.96150600468248
9618,35.96150600468248
9618,35.96150600468248
9618,35.96150600468248
9618,35.96150600468248
9619,35.9962407331752
9619,35.9962407331752
9619,35.9962407331752
9619,35.9962407331752
9619,35.9962407331752
9620,35.99798823126783
9620,35.99798823126783
9620,35.99798823126783
9620,35.99798823126783
9620,35.99798823126783
9621,35.99596809727565
9621,35.99596809727565
9621,35.99596809727565
9621,35.99596809727565
9621,35.99596809727565
9622,52.05512644680518
9622,52.05512644680518
9622,52.05512644680518
9622,52.05512644680518
9622,52.05512644680518
9623,52.08342959514566
9623,52.08342959514566
9623,52.08342959514566
9623,52.08342959514566
9623,52.08342959514566
9624,52.17884200230075
9624,52.17884200230075
9624,52.17884200230075
9624,52.17884200230075
9624,52.17884200230075
9625,55.73481821046617
9625,55.73481821046617
9625,55.73481821046617
9625,55.73481821046617
9625,55.73481821046617
9626,52.14880523401123
9626,52.14880523401123
9626,52.14880523401123
9626,52.14880523401123
9626,52.14880523401123
9627,52.0156281696013
9627,52.0156281696013
9627,52.0156281696013
9627,52.0156281696013
9627,52.0156281696013
9628,52.05931225395668
9628,52.05931225395668
9628,52.05931225395668
9628,52.05931225395668
9628,52.05931225395668
9629,51.88571482264807
9629,51.88571482264807
9629,51.88571482264807
9629,51.88571482264807
9629,51.88571482264807
9630,48.20065092475386
9630,48.20065092475386
9630,48.20065092475386
9630,48.20065092475386
9630,48.20065092475386
9631,32.268846990647134
9631,32.268846990647134
9631,32.268846990647134
9631,32.268846990647134
9631,32.268846990647134
9632,16.333940743053283
9632,16.333940743053283
9632,16.333940743053283
9632,16.333940743053283
9632,16.333940743053283
9633,0.37188316918381076
9633,0.37188316918381076
9633,0.37188316918381076
9633,0.37188316918381076
9633,0.37188316918381076
9634,0.4203751615944632
9634,0.4203751615944632
9634,0.4203751615944632
9634,0.4203751615944632
9634,0.4203751615944632
9635,16.408315205742785
9635,16.408315205742785
9635,16.408315205742785
9635,16.408315205742785
9635,16.408315205742785
9636,19.987556128545638
9636,19.987556128545638
9636,19.987556128545638
9636,19.987556128545638
9636,19.987556128545638
9637,19.99091633185418
9637,19.99091633185418
9637,19.99091633185418
9637,19.99091633185418
9637,19.99091633185418
9638,20.002390768505208
9638,20.002390768505208
9638,20.002390768505208
9638,20.002390768505208
9638,20.002390768505208
9639,16.354290687697898
9639,16.354290687697898
9639,16.354290687697898
9639,16.354290687697898
9639,16.354290687697898
9640,19.982999255885574
9640,19.982999255885574
9640,19.982999255885574
9640,19.982999255885574
9640,19.982999255885574
9641,19.999054646584675
9641,19.999054646584675
9641,19.999054646584675
9641,19.999054646584675
9641,19.999054646584675
9642,20.06434419521218
9642,20.06434419521218
9642,20.06434419521218
9642,20.06434419521218
9642,20.06434419521218
9643,20.068402220809023
9643,20.068402220809023
9643,20.068402220809023
9643,20.068402220809023
9643,20.068402220809023
9644,20.19898268306455
9644,20.19898268306455
9644,20.19898268306455
9644,20.19898268306455
9644,20.19898268306455
9645,20.17068525826847
9645,20.17068525826847
9645,20.17068525826847
9645,20.17068525826847
9645,20.17068525826847
9646,20.10352136371832
9646,20.10352136371832
9646,20.10352136371832
9646,20.10352136371832
9646,20.10352136371832
9647,20.09931539777877
9647,20.09931539777877
9647,20.09931539777877
9647,20.09931539777877
9647,20.09931539777877
9648,36.063601699138545
9648,36.063601699138545
9648,36.063601699138545
9648,36.063601699138545
9648,36.063601699138545
9649,36.096855259769505
9649,36.096855259769505
9649,36.096855259769505
9649,36.096855259769505
9649,36.096855259769505
9650,36.11771246263659
9650,36.11771246263659
9650,36.11771246263659
9650,36.11771246263659
9650,36.11771246263659
9651,20.179783682285944
9651,20.179783682285944
9651,20.179783682285944
9651,20.179783682285944
9651,20.179783682285944
9652,20.032708821829537
9652,20.032708821829537
9652,20.032708821829537
9652,20.032708821829537
9652,20.032708821829537
9653,35.98876853087478
9653,35.98876853087478
9653,35.98876853087478
9653,35.98876853087478
9653,35.98876853087478
9654,35.96428362614105
9654,35.96428362614105
9654,35.96428362614105
9654,35.96428362614105
9654,35.96428362614105
9655,20.044200439366538
9655,20.044200439366538
9655,20.044200439366538
9655,20.044200439366538
9655,20.044200439366538
9656,16.391733071532876
9656,16.391733071532876
9656,16.391733071532876
9656,16.391733071532876
9656,16.391733071532876
9657,32.31937243965731
9657,32.31937243965731
9657,32.31937243965731
9657,32.31937243965731
9657,32.31937243965731
9658,16.390801302244824
9658,16.390801302244824
9658,16.390801302244824
9658,16.390801302244824
9658,16.390801302244824
9659,16.431236502624497
9659,16.431236502624497
9659,16.431236502624497
9659,16.431236502624497
9659,16.431236502624497
9660,32.385913295130045
9660,32.385913295130045
9660,32.385913295130045
9660,32.385913295130045
9660,32.385913295130045
9661,32.457415665042916
9661,32.457415665042916
9661,32.457415665042916
9661,32.457415665042916
9661,32.457415665042916
9662,32.462920626135386
9662,32.462920626135386
9662,32.462920626135386
9662,32.462920626135386
9662,32.462920626135386
9663,36.063469602289935
9663,36.063469602289935
9663,36.063469602289935
9663,36.063469602289935
9663,36.063469602289935
9664,36.075964771613116
9664,36.075964771613116
9664,36.075964771613116
9664,36.075964771613116
9664,36.075964771613116
9665,52.00010988621982
9665,52.00010988621982
9665,52.00010988621982
9665,52.00010988621982
9665,52.00010988621982
9666,52.045104907690394
9666,52.045104907690394
9666,52.045104907690394
9666,52.045104907690394
9666,52.045104907690394
9667,83.98395489353351
9667,83.98395489353351
9667,83.98395489353351
9667,83.98395489353351
9667,83.98395489353351
9668,68.07709850170868
9668,68.07709850170868
9668,68.07709850170868
9668,68.07709850170868
9668,68.07709850170868
9669,68.10015150975187
9669,68.10015150975187
9669,68.10015150975187
9669,68.10015150975187
9669,68.10015150975187
9670,68.14572292496783
9670,68.14572292496783
9670,68.14572292496783
9670,68.14572292496783
9670,68.14572292496783
9671,68.1397203625263
9671,68.1397203625263
9671,68.1397203625263
9671,68.1397203625263
9671,68.1397203625263
9672,68.23680779385249
9672,68.23680779385249
9672,68.23680779385249
9672,68.23680779385249
9672,68.23680779385249
9673,64.6470574402495
9673,64.6470574402495
9673,64.6470574402495
9673,64.6470574402495
9673,64.6470574402495
9674,64.62704469648136
9674,64.62704469648136
9674,64.62704469648136
9674,64.62704469648136
9674,64.62704469648136
9675,64.62207910904593
9675,64.62207910904593
9675,64.62207910904593
9675,64.62207910904593
9675,64.62207910904593
9676,64.48517427484529
9676,64.48517427484529
9676,64.48517427484529
9676,64.48517427484529
9676,64.48517427484529
9677,71.7900471465085
9677,71.7900471465085
9677,71.7900471465085
9677,71.7900471465085
9677,71.7900471465085
9678,68.12686069132744
9678,68.12686069132744
9678,68.12686069132744
9678,68.12686069132744
9678,68.12686069132744
9679,52.19052758673856
9679,52.19052758673856
9679,52.19052758673856
9679,52.19052758673856
9679,52.19052758673856
9680,52.17875677659096
9680,52.17875677659096
9680,52.17875677659096
9680,52.17875677659096
9680,52.17875677659096
9681,52.09246778672396
9681,52.09246778672396
9681,52.09246778672396
9681,52.09246778672396
9681,52.09246778672396
9682,51.99582938397856
9682,51.99582938397856
9682,51.99582938397856
9682,51.99582938397856
9682,51.99582938397856
9683,55.53198572571771
9683,55.53198572571771
9683,55.53198572571771
9683,55.53198572571771
9683,55.53198572571771
9684,32.48506034647964
9684,32.48506034647964
9684,32.48506034647964
9684,32.48506034647964
9684,32.48506034647964
9685,32.508249797105364
9685,32.508249797105364
9685,32.508249797105364
9685,32.508249797105364
9685,32.508249797105364
9686,32.5022485980402
9686,32.5022485980402
9686,32.5022485980402
9686,32.5022485980402
9686,32.5022485980402
9687,48.43963282105287
9687,48.43963282105287
9687,48.43963282105287
9687,48.43963282105287
9687,48.43963282105287
9688,35.95482467396449
9688,35.95482467396449
9688,35.95482467396449
9688,35.95482467396449
9688,35.95482467396449
9689,36.02621201991494
9689,36.02621201991494
9689,36.02621201991494
9689,36.02621201991494
9689,36.02621201991494
9690,35.92125635625759
9690,35.92125635625759
9690,35.92125635625759
9690,35.92125635625759
9690,35.92125635625759
9691,35.923423980777194
9691,35.923423980777194
9691,35.923423980777194
9691,35.923423980777194
9691,35.923423980777194
9692,35.91354832037337
9692,35.91354832037337
9692,35.91354832037337
9692,35.91354832037337
9692,35.91354832037337
9693,35.92174758321998
9693,35.92174758321998
9693,35.92174758321998
9693,35.92174758321998
9693,35.92174758321998
9694,35.91561648191142
9694,35.91561648191142
9694,35.91561648191142
9694,35.91561648191142
9694,35.91561648191142
9695,35.955877253081084
9695,35.955877253081084
9695,35.955877253081084
9695,35.955877253081084
9695,35.955877253081084
9696,35.91798507370663
9696,35.91798507370663
9696,35.91798507370663
9696,35.91798507370663
9696,35.91798507370663
9697,35.932869227418124
9697,35.932869227418124
9697,35.932869227418124
9697,35.932869227418124
9697,35.932869227418124
9698,35.951808970203764
9698,35.951808970203764
9698,35.951808970203764
9698,35.951808970203764
9698,35.951808970203764
9699,36.03053217198137
9699,36.03053217198137
9699,36.03053217198137
9699,36.03053217198137
9699,36.03053217198137
9700,36.02359191323461
9700,36.02359191323461
9700,36.02359191323461
9700,36.02359191323461
9700,36.02359191323461
9701,36.05816377086907
9701,36.05816377086907
9701,36.05816377086907
9701,36.05816377086907
9701,36.05816377086907
9702,36.040036850520856
9702,36.040036850520856
9702,36.040036850520856
9702,36.040036850520856
9702,36.040036850520856
9703,51.968779989544444
9703,51.968779989544444
9703,51.968779989544444
9703,51.968779989544444
9703,51.968779989544444
9704,55.47741232875477
9704,55.47741232875477
9704,55.47741232875477
9704,55.47741232875477
9704,55.47741232875477
9705,67.95213712685256
9705,67.95213712685256
9705,67.95213712685256
9705,67.95213712685256
9705,67.95213712685256
9706,51.92446152258109
9706,51.92446152258109
9706,51.92446152258109
9706,51.92446152258109
9706,51.92446152258109
9707,35.94671977894312
9707,35.94671977894312
9707,35.94671977894312
9707,35.94671977894312
9707,35.94671977894312
9708,51.87115824132692
9708,51.87115824132692
9708,51.87115824132692
9708,51.87115824132692
9708,51.87115824132692
9709,55.46382009573775
9709,55.46382009573775
9709,55.46382009573775
9709,55.46382009573775
9709,55.46382009573775
9710,55.48157284341251
9710,55.48157284341251
9710,55.48157284341251
9710,55.48157284341251
9710,55.48157284341251
9711,55.52096082339715
9711,55.52096082339715
9711,55.52096082339715
9711,55.52096082339715
9711,55.52096082339715
9712,55.49246027596583
9712,55.49246027596583
9712,55.49246027596583
9712,55.49246027596583
9712,55.49246027596583
9713,51.93540832843579
9713,51.93540832843579
9713,51.93540832843579
9713,51.93540832843579
9713,51.93540832843579
9714,51.91451769424966
9714,51.91451769424966
9714,51.91451769424966
9714,51.91451769424966
9714,51.91451769424966
9715,35.994377174143
9715,35.994377174143
9715,35.994377174143
9715,35.994377174143
9715,35.994377174143
9716,36.00277096575184
9716,36.00277096575184
9716,36.00277096575184
9716,36.00277096575184
9716,36.00277096575184
9717,35.98602626859786
9717,35.98602626859786
9717,35.98602626859786
9717,35.98602626859786
9717,35.98602626859786
9718,36.128137328389535
9718,36.128137328389535
9718,36.128137328389535
9718,36.128137328389535
9718,36.128137328389535
9719,32.54805901111267
9719,32.54805901111267
9719,32.54805901111267
9719,32.54805901111267
9719,32.54805901111267
9720,32.45600788980373
9720,32.45600788980373
9720,32.45600788980373
9720,32.45600788980373
9720,32.45600788980373
9721,32.43659746380128
9721,32.43659746380128
9721,32.43659746380128
9721,32.43659746380128
9721,32.43659746380128
9722,16.4954256788918
9722,16.4954256788918
9722,16.4954256788918
9722,16.4954256788918
9722,16.4954256788918
9723,32.55550372092783
9723,32.55550372092783
9723,32.55550372092783
9723,32.55550372092783
9723,32.55550372092783
9724,64.49105151501743
9724,64.49105151501743
9724,64.49105151501743
9724,64.49105151501743
9724,64.49105151501743
9725,64.45978609627198
9725,64.45978609627198
9725,64.45978609627198
9725,64.45978609627198
9725,64.45978609627198
9726,48.48837221003169
9726,48.48837221003169
9726,48.48837221003169
9726,48.48837221003169
9726,48.48837221003169
9727,48.43233929080482
9727,48.43233929080482
9727,48.43233929080482
9727,48.43233929080482
9727,48.43233929080482
9728,52.03344902631865
9728,52.03344902631865
9728,52.03344902631865
9728,52.03344902631865
9728,52.03344902631865
9729,52.127343459380995
9729,52.127343459380995
9729,52.127343459380995
9729,52.127343459380995
9729,52.127343459380995
9730,36.15647695784027
9730,36.15647695784027
9730,36.15647695784027
9730,36.15647695784027
9730,36.15647695784027
9731,20.095812048680934
9731,20.095812048680934
9731,20.095812048680934
9731,20.095812048680934
9731,20.095812048680934
9732,36.18876775080179
9732,36.18876775080179
9732,36.18876775080179
9732,36.18876775080179
9732,36.18876775080179
9733,36.190371727786044
9733,36.190371727786044
9733,36.190371727786044
9733,36.190371727786044
9733,36.190371727786044
9734,36.09959798618256
9734,36.09959798618256
9734,36.09959798618256
9734,36.09959798618256
9734,36.09959798618256
9735,36.05875811131309
9735,36.05875811131309
9735,36.05875811131309
9735,36.05875811131309
9735,36.05875811131309
9736,36.04517756356391
9736,36.04517756356391
9736,36.04517756356391
9736,36.04517756356391
9736,36.04517756356391
9737,51.956157838016324
9737,51.956157838016324
9737,51.956157838016324
9737,51.956157838016324
9737,51.956157838016324
9738,67.99808343583489
9738,67.99808343583489
9738,67.99808343583489
9738,67.99808343583489
9738,67.99808343583489
9739,71.57333086978345
9739,71.57333086978345
9739,71.57333086978345
9739,71.57333086978345
9739,71.57333086978345
9740,55.6064701854858
9740,55.6064701854858
9740,55.6064701854858
9740,55.6064701854858
9740,55.6064701854858
9741,71.50356462893878
9741,71.50356462893878
9741,71.50356462893878
9741,71.50356462893878
9741,71.50356462893878
9742,71.57814458683609
9742,71.57814458683609
9742,71.57814458683609
9742,71.57814458683609
9742,71.57814458683609
9743,71.49164824694543
9743,71.49164824694543
9743,71.49164824694543
9743,71.49164824694543
9743,71.49164824694543
9744,51.98130715589095
9744,51.98130715589095
9744,51.98130715589095
9744,51.98130715589095
9744,51.98130715589095
9745,71.59193327796461
9745,71.59193327796461
9745,71.59193327796461
9745,71.59193327796461
9745,71.59193327796461
9746,71.66476047910086
9746,71.66476047910086
9746,71.66476047910086
9746,71.66476047910086
9746,71.66476047910086
9747,71.67008357498793
9747,71.67008357498793
9747,71.67008357498793
9747,71.67008357498793
9747,71.67008357498793
9748,68.20662875842598
9748,68.20662875842598
9748,68.20662875842598
9748,68.20662875842598
9748,68.20662875842598
9749,71.84437294079561
9749,71.84437294079561
9749,71.84437294079561
9749,71.84437294079561
9749,71.84437294079561
9750,79.10193840939269
9750,79.10193840939269
9750,79.10193840939269
9750,79.10193840939269
9750,79.10193840939269
9751,79.14763516867944
9751,79.14763516867944
9751,79.14763516867944
9751,79.14763516867944
9751,79.14763516867944
9752,79.13917419167197
9752,79.13917419167197
9752,79.13917419167197
9752,79.13917419167197
9752,79.13917419167197
9753,79.06400515453171
9753,79.06400515453171
9753,79.06400515453171
9753,79.06400515453171
9753,79.06400515453171
9754,78.95598091302539
9754,78.95598091302539
9754,78.95598091302539
9754,78.95598091302539
9754,78.95598091302539
9755,75.31417446358103
9755,75.31417446358103
9755,75.31417446358103
9755,75.31417446358103
9755,75.31417446358103
9756,75.30848996257677
9756,75.30848996257677
9756,75.30848996257677
9756,75.30848996257677
9756,75.30848996257677
9757,75.30889247212573
9757,75.30889247212573
9757,75.30889247212573
9757,75.30889247212573
9757,75.30889247212573
9758,71.77360295888704
9758,71.77360295888704
9758,71.77360295888704
9758,71.77360295888704
9758,71.77360295888704
9759,71.72348860432712
9759,71.72348860432712
9759,71.72348860432712
9759,71.72348860432712
9759,71.72348860432712
9760,71.67652847762261
9760,71.67652847762261
9760,71.67652847762261
9760,71.67652847762261
9760,71.67652847762261
9761,71.54892355479642
9761,71.54892355479642
9761,71.54892355479642
9761,71.54892355479642
9761,71.54892355479642
9762,75.1787601766386
9762,75.1787601766386
9762,75.1787601766386
9762,75.1787601766386
9762,75.1787601766386
9763,78.83158532628144
9763,78.83158532628144
9763,78.83158532628144
9763,78.83158532628144
9763,78.83158532628144
9764,78.75642324521102
9764,78.75642324521102
9764,78.75642324521102
9764,78.75642324521102
9764,78.75642324521102
9765,75.08775301740283
9765,75.08775301740283
9765,75.08775301740283
9765,75.08775301740283
9765,75.08775301740283
9766,67.87121604713829
9766,67.87121604713829
9766,67.87121604713829
9766,67.87121604713829
9766,67.87121604713829
9767,55.73848817515538
9767,55.73848817515538
9767,55.73848817515538
9767,55.73848817515538
9767,55.73848817515538
9768,52.081429636648046
9768,52.081429636648046
9768,52.081429636648046
9768,52.081429636648046
9768,52.081429636648046
9769,52.0377053611118
9769,52.0377053611118
9769,52.0377053611118
9769,52.0377053611118
9769,52.0377053611118
9770,55.63106712720433
9770,55.63106712720433
9770,55.63106712720433
9770,55.63106712720433
9770,55.63106712720433
9771,39.68114814342414
9771,39.68114814342414
9771,39.68114814342414
9771,39.68114814342414
9771,39.68114814342414
9772,39.65631827243509
9772,39.65631827243509
9772,39.65631827243509
9772,39.65631827243509
9772,39.65631827243509
9773,39.71168571749187
9773,39.71168571749187
9773,39.71168571749187
9773,39.71168571749187
9773,39.71168571749187
9774,39.74083739206102
9774,39.74083739206102
9774,39.74083739206102
9774,39.74083739206102
9774,39.74083739206102
9775,39.75929838547813
9775,39.75929838547813
9775,39.75929838547813
9775,39.75929838547813
9775,39.75929838547813
9776,39.8000644073994
9776,39.8000644073994
9776,39.8000644073994
9776,39.8000644073994
9776,39.8000644073994
9777,39.78657149270833
9777,39.78657149270833
9777,39.78657149270833
9777,39.78657149270833
9777,39.78657149270833
9778,39.733706485387835
9778,39.733706485387835
9778,39.733706485387835
9778,39.733706485387835
9778,39.733706485387835
9779,55.63686756669101
9779,55.63686756669101
9779,55.63686756669101
9779,55.63686756669101
9779,55.63686756669101
9780,52.03006078301812
9780,52.03006078301812
9780,52.03006078301812
9780,52.03006078301812
9780,52.03006078301812
9781,67.91726904494985
9781,67.91726904494985
9781,67.91726904494985
9781,67.91726904494985
9781,67.91726904494985
9782,67.91865345424011
9782,67.91865345424011
9782,67.91865345424011
9782,67.91865345424011
9782,67.91865345424011
9783,67.95137509428007
9783,67.95137509428007
9783,67.95137509428007
9783,67.95137509428007
9783,67.95137509428007
9784,67.96840161759982
9784,67.96840161759982
9784,67.96840161759982
9784,67.96840161759982
9784,67.96840161759982
9785,52.050552043088075
9785,52.050552043088075
9785,52.050552043088075
9785,52.050552043088075
9785,52.050552043088075
9786,52.00230900202696
9786,52.00230900202696
9786,52.00230900202696
9786,52.00230900202696
9786,52.00230900202696
9787,52.025762300954895
9787,52.025762300954895
9787,52.025762300954895
9787,52.025762300954895
9787,52.025762300954895
9788,52.08438154280302
9788,52.08438154280302
9788,52.08438154280302
9788,52.08438154280302
9788,52.08438154280302
9789,71.65743257590778
9789,71.65743257590778
9789,71.65743257590778
9789,71.65743257590778
9789,71.65743257590778
9790,71.65857862465779
9790,71.65857862465779
9790,71.65857862465779
9790,71.65857862465779
9790,71.65857862465779
9791,55.705943278625526
9791,55.705943278625526
9791,55.705943278625526
9791,55.705943278625526
9791,55.705943278625526
9792,55.648765132171334
9792,55.648765132171334
9792,55.648765132171334
9792,55.648765132171334
9792,55.648765132171334
9793,55.67145447442372
9793,55.67145447442372
9793,55.67145447442372
9793,55.67145447442372
9793,55.67145447442372
9794,71.56965840352419
9794,71.56965840352419
9794,71.56965840352419
9794,71.56965840352419
9794,71.56965840352419
9795,71.57667356575885
9795,71.57667356575885
9795,71.57667356575885
9795,71.57667356575885
9795,71.57667356575885
9796,52.05312864950962
9796,52.05312864950962
9796,52.05312864950962
9796,52.05312864950962
9796,52.05312864950962
9797,52.061535436252086
9797,52.061535436252086
9797,52.061535436252086
9797,52.061535436252086
9797,52.061535436252086
9798,48.447590700334686
9798,48.447590700334686
9798,48.447590700334686
9798,48.447590700334686
9798,48.447590700334686
9799,32.52075993381665
9799,32.52075993381665
9799,32.52075993381665
9799,32.52075993381665
9799,32.52075993381665
9800,20.10467427344401
9800,20.10467427344401
9800,20.10467427344401
9800,20.10467427344401
9800,20.10467427344401
9801,20.119647759602536
9801,20.119647759602536
9801,20.119647759602536
9801,20.119647759602536
9801,20.119647759602536
9802,48.45688744113498
9802,48.45688744113498
9802,48.45688744113498
9802,48.45688744113498
9802,48.45688744113498
9803,48.44045798962
9803,48.44045798962
9803,48.44045798962
9803,48.44045798962
9803,48.44045798962
9804,48.43299813912131
9804,48.43299813912131
9804,48.43299813912131
9804,48.43299813912131
9804,48.43299813912131
9805,64.49754603034938
9805,64.49754603034938
9805,64.49754603034938
9805,64.49754603034938
9805,64.49754603034938
9806,71.58775030142293
9806,71.58775030142293
9806,71.58775030142293
9806,71.58775030142293
9806,71.58775030142293
9807,71.58588138211681
9807,71.58588138211681
9807,71.58588138211681
9807,71.58588138211681
9807,71.58588138211681
9808,71.59276316149244
9808,71.59276316149244
9808,71.59276316149244
9808,71.59276316149244
9808,71.59276316149244
9809,71.57734633559609
9809,71.57734633559609
9809,71.57734633559609
9809,71.57734633559609
9809,71.57734633559609
9810,67.97580811171215
9810,67.97580811171215
9810,67.97580811171215
9810,67.97580811171215
9810,67.97580811171215
9811,68.11198672310272
9811,68.11198672310272
9811,68.11198672310272
9811,68.11198672310272
9811,68.11198672310272
9812,84.16959529086228
9812,84.16959529086228
9812,84.16959529086228
9812,84.16959529086228
9812,84.16959529086228
9813,84.20304586901167
9813,84.20304586901167
9813,84.20304586901167
9813,84.20304586901167
9813,84.20304586901167
9814,84.1693041927695
9814,84.1693041927695
9814,84.1693041927695
9814,84.1693041927695
9814,84.1693041927695
9815,68.15428325773343
9815,68.15428325773343
9815,68.15428325773343
9815,68.15428325773343
9815,68.15428325773343
9816,67.98336350999243
9816,67.98336350999243
9816,67.98336350999243
9816,67.98336350999243
9816,67.98336350999243
9817,68.00049006033382
9817,68.00049006033382
9817,68.00049006033382
9817,68.00049006033382
9817,68.00049006033382
9818,48.40880095720446
9818,48.40880095720446
9818,48.40880095720446
9818,48.40880095720446
9818,48.40880095720446
9819,48.40862956177783
9819,48.40862956177783
9819,48.40862956177783
9819,48.40862956177783
9819,48.40862956177783
9820,52.08658307522312
9820,52.08658307522312
9820,52.08658307522312
9820,52.08658307522312
9820,52.08658307522312
9821,68.02937784303798
9821,68.02937784303798
9821,68.02937784303798
9821,68.02937784303798
9821,68.02937784303798
9822,52.06564105951777
9822,52.06564105951777
9822,52.06564105951777
9822,52.06564105951777
9822,52.06564105951777
9823,52.23550447050028
9823,52.23550447050028
9823,52.23550447050028
9823,52.23550447050028
9823,52.23550447050028
9824,48.58533476428048
9824,48.58533476428048
9824,48.58533476428048
9824,48.58533476428048
9824,48.58533476428048
9825,48.454189532799845
9825,48.454189532799845
9825,48.454189532799845
9825,48.454189532799845
9825,48.454189532799845
9826,48.47387305268987
9826,48.47387305268987
9826,48.47387305268987
9826,48.47387305268987
9826,48.47387305268987
9827,64.45911778670924
9827,64.45911778670924
9827,64.45911778670924
9827,64.45911778670924
9827,64.45911778670924
9828,64.32919796312584
9828,64.32919796312584
9828,64.32919796312584
9828,64.32919796312584
9828,64.32919796312584
9829,67.9558124838131
9829,67.9558124838131
9829,67.9558124838131
9829,67.9558124838131
9829,67.9558124838131
9830,83.88908185301868
9830,83.88908185301868
9830,83.88908185301868
9830,83.88908185301868
9830,83.88908185301868
9831,83.86780268488842
9831,83.86780268488842
9831,83.86780268488842
9831,83.86780268488842
9831,83.86780268488842
9832,83.87371736233392
9832,83.87371736233392
9832,83.87371736233392
9832,83.87371736233392
9832,83.87371736233392
9833,68.09625158949787
9833,68.09625158949787
9833,68.09625158949787
9833,68.09625158949787
9833,68.09625158949787
9834,68.03069065492629
9834,68.03069065492629
9834,68.03069065492629
9834,68.03069065492629
9834,68.03069065492629
9835,52.041453785494596
9835,52.041453785494596
9835,52.041453785494596
9835,52.041453785494596
9835,52.041453785494596
9836,52.08894551644496
9836,52.08894551644496
9836,52.08894551644496
9836,52.08894551644496
9836,52.08894551644496
9837,59.2896647790288
9837,59.2896647790288
9837,59.2896647790288
9837,59.2896647790288
9837,59.2896647790288
9838,55.75514163876994
9838,55.75514163876994
9838,55.75514163876994
9838,55.75514163876994
9838,55.75514163876994
9839,59.26274416207053
9839,59.26274416207053
9839,59.26274416207053
9839,59.26274416207053
9839,59.26274416207053
9840,59.263028693897226
9840,59.263028693897226
9840,59.263028693897226
9840,59.263028693897226
9840,59.263028693897226
9841,59.25823069153663
9841,59.25823069153663
9841,59.25823069153663
9841,59.25823069153663
9841,59.25823069153663
9842,75.28530078408644
9842,75.28530078408644
9842,75.28530078408644
9842,75.28530078408644
9842,75.28530078408644
9843,75.48403635451592
9843,75.48403635451592
9843,75.48403635451592
9843,75.48403635451592
9843,75.48403635451592
9844,59.41915588758424
9844,59.41915588758424
9844,59.41915588758424
9844,59.41915588758424
9844,59.41915588758424
9845,59.41634911886024
9845,59.41634911886024
9845,59.41634911886024
9845,59.41634911886024
9845,59.41634911886024
9846,71.6470596909937
9846,71.6470596909937
9846,71.6470596909937
9846,71.6470596909937
9846,71.6470596909937
9847,71.65494024205985
9847,71.65494024205985
9847,71.65494024205985
9847,71.65494024205985
9847,71.65494024205985
9848,55.64391275444531
9848,55.64391275444531
9848,55.64391275444531
9848,55.64391275444531
9848,55.64391275444531
9849,55.57312279874194
9849,55.57312279874194
9849,55.57312279874194
9849,55.57312279874194
9849,55.57312279874194
9850,55.51956600877354
9850,55.51956600877354
9850,55.51956600877354
9850,55.51956600877354
9850,55.51956600877354
9851,55.54965082051242
9851,55.54965082051242
9851,55.54965082051242
9851,55.54965082051242
9851,55.54965082051242
9852,39.70111359380034
9852,39.70111359380034
9852,39.70111359380034
9852,39.70111359380034
9852,39.70111359380034
9853,55.66633286014771
9853,55.66633286014771
9853,55.66633286014771
9853,55.66633286014771
9853,55.66633286014771
9854,55.553290311312956
9854,55.553290311312956
9854,55.553290311312956
9854,55.553290311312956
9854,55.553290311312956
9855,55.556608558249124
9855,55.556608558249124
9855,55.556608558249124
9855,55.556608558249124
9855,55.556608558249124
9856,59.19422739135522
9856,59.19422739135522
9856,59.19422739135522
9856,59.19422739135522
9856,59.19422739135522
9857,55.57521079878292
9857,55.57521079878292
9857,55.57521079878292
9857,55.57521079878292
9857,55.57521079878292
9858,55.56578521906853
9858,55.56578521906853
9858,55.56578521906853
9858,55.56578521906853
9858,55.56578521906853
9859,39.63980410762677
9859,39.63980410762677
9859,39.63980410762677
9859,39.63980410762677
9859,39.63980410762677
9860,36.07934614222146
9860,36.07934614222146
9860,36.07934614222146
9860,36.07934614222146
9860,36.07934614222146
9861,32.524589972455864
9861,32.524589972455864
9861,32.524589972455864
9861,32.524589972455864
9861,32.524589972455864
9862,36.11286849636773
9862,36.11286849636773
9862,36.11286849636773
9862,36.11286849636773
9862,36.11286849636773
9863,36.07923730660711
9863,36.07923730660711
9863,36.07923730660711
9863,36.07923730660711
9863,36.07923730660711
9864,36.15516977159193
9864,36.15516977159193
9864,36.15516977159193
9864,36.15516977159193
9864,36.15516977159193
9865,36.10103551326344
9865,36.10103551326344
9865,36.10103551326344
9865,36.10103551326344
9865,36.10103551326344
9866,36.03405504442058
9866,36.03405504442058
9866,36.03405504442058
9866,36.03405504442058
9866,36.03405504442058
9867,52.02722562369665
9867,52.02722562369665
9867,52.02722562369665
9867,52.02722562369665
9867,52.02722562369665
9868,52.09508627372594
9868,52.09508627372594
9868,52.09508627372594
9868,52.09508627372594
9868,52.09508627372594
9869,36.12296823405165
9869,36.12296823405165
9869,36.12296823405165
9869,36.12296823405165
9869,36.12296823405165
9870,36.09717306963215
9870,36.09717306963215
9870,36.09717306963215
9870,36.09717306963215
9870,36.09717306963215
9871,51.98466360542312
9871,51.98466360542312
9871,51.98466360542312
9871,51.98466360542312
9871,51.98466360542312
9872,52.01157874738336
9872,52.01157874738336
9872,52.01157874738336
9872,52.01157874738336
9872,52.01157874738336
9873,36.13072973423809
9873,36.13072973423809
9873,36.13072973423809
9873,36.13072973423809
9873,36.13072973423809
9874,52.012645108859964
9874,52.012645108859964
9874,52.012645108859964
9874,52.012645108859964
9874,52.012645108859964
9875,52.0621638597723
9875,52.0621638597723
9875,52.0621638597723
9875,52.0621638597723
9875,52.0621638597723
9876,52.02284717146553
9876,52.02284717146553
9876,52.02284717146553
9876,52.02284717146553
9876,52.02284717146553
9877,36.13343212242018
9877,36.13343212242018
9877,36.13343212242018
9877,36.13343212242018
9877,36.13343212242018
9878,39.58919016979628
9878,39.58919016979628
9878,39.58919016979628
9878,39.58919016979628
9878,39.58919016979628
9879,39.625567198328284
9879,39.625567198328284
9879,39.625567198328284
9879,39.625567198328284
9879,39.625567198328284
9880,39.635355362308
9880,39.635355362308
9880,39.635355362308
9880,39.635355362308
9880,39.635355362308
9881,39.60615199833147
9881,39.60615199833147
9881,39.60615199833147
9881,39.60615199833147
9881,39.60615199833147
9882,52.001613093201875
9882,52.001613093201875
9882,52.001613093201875
9882,52.001613093201875
9882,52.001613093201875
9883,52.03629251094053
9883,52.03629251094053
9883,52.03629251094053
9883,52.03629251094053
9883,52.03629251094053
9884,52.091733551560935
9884,52.091733551560935
9884,52.091733551560935
9884,52.091733551560935
9884,52.091733551560935
9885,52.132272268201596
9885,52.132272268201596
9885,52.132272268201596
9885,52.132272268201596
9885,52.132272268201596
9886,52.14105166555565
9886,52.14105166555565
9886,52.14105166555565
9886,52.14105166555565
9886,52.14105166555565
9887,52.21824658483273
9887,52.21824658483273
9887,52.21824658483273
9887,52.21824658483273
9887,52.21824658483273
9888,52.22397972075602
9888,52.22397972075602
9888,52.22397972075602
9888,52.22397972075602
9888,52.22397972075602
9889,52.192580229111094
9889,52.192580229111094
9889,52.192580229111094
9889,52.192580229111094
9889,52.192580229111094
9890,52.15790940987226
9890,52.15790940987226
9890,52.15790940987226
9890,52.15790940987226
9890,52.15790940987226
9891,52.11095475962854
9891,52.11095475962854
9891,52.11095475962854
9891,52.11095475962854
9891,52.11095475962854
9892,36.1754810856818
9892,36.1754810856818
9892,36.1754810856818
9892,36.1754810856818
9892,36.1754810856818
9893,36.16483521362328
9893,36.16483521362328
9893,36.16483521362328
9893,36.16483521362328
9893,36.16483521362328
9894,36.166255052072366
9894,36.166255052072366
9894,36.166255052072366
9894,36.166255052072366
9894,36.166255052072366
9895,52.08337769312074
9895,52.08337769312074
9895,52.08337769312074
9895,52.08337769312074
9895,52.08337769312074
9896,52.073892456455766
9896,52.073892456455766
9896,52.073892456455766
9896,52.073892456455766
9896,52.073892456455766
9897,36.22657919688443
9897,36.22657919688443
9897,36.22657919688443
9897,36.22657919688443
9897,36.22657919688443
9898,36.10152715135873
9898,36.10152715135873
9898,36.10152715135873
9898,36.10152715135873
9898,36.10152715135873
9899,36.0729673531619
9899,36.0729673531619
9899,36.0729673531619
9899,36.0729673531619
9899,36.0729673531619
9900,51.989013665154985
9900,51.989013665154985
9900,51.989013665154985
9900,51.989013665154985
9900,51.989013665154985
9901,36.024736234002766
9901,36.024736234002766
9901,36.024736234002766
9901,36.024736234002766
9901,36.024736234002766
9902,36.02351129053558
9902,36.02351129053558
9902,36.02351129053558
9902,36.02351129053558
9902,36.02351129053558
9903,35.992454164184934
9903,35.992454164184934
9903,35.992454164184934
9903,35.992454164184934
9903,35.992454164184934
9904,35.9941877809331
9904,35.9941877809331
9904,35.9941877809331
9904,35.9941877809331
9904,35.9941877809331
9905,39.659297284485255
9905,39.659297284485255
9905,39.659297284485255
9905,39.659297284485255
9905,39.659297284485255
9906,39.67215462218591
9906,39.67215462218591
9906,39.67215462218591
9906,39.67215462218591
9906,39.67215462218591
9907,39.6249502483825
9907,39.6249502483825
9907,39.6249502483825
9907,39.6249502483825
9907,39.6249502483825
9908,39.59232629407866
9908,39.59232629407866
9908,39.59232629407866
9908,39.59232629407866
9908,39.59232629407866
9909,39.57537960406647
9909,39.57537960406647
9909,39.57537960406647
9909,39.57537960406647
9909,39.57537960406647
9910,39.559455194035955
9910,39.559455194035955
9910,39.559455194035955
9910,39.559455194035955
9910,39.559455194035955
9911,39.4916817277291
9911,39.4916817277291
9911,39.4916817277291
9911,39.4916817277291
9911,39.4916817277291
9912,39.48377548717846
9912,39.48377548717846
9912,39.48377548717846
9912,39.48377548717846
9912,39.48377548717846
9913,35.871729646920535
9913,35.871729646920535
9913,35.871729646920535
9913,35.871729646920535
9913,35.871729646920535
9914,51.83590702478553
9914,51.83590702478553
9914,51.83590702478553
9914,51.83590702478553
9914,51.83590702478553
9915,51.95336684130724
9915,51.95336684130724
9915,51.95336684130724
9915,51.95336684130724
9915,51.95336684130724
9916,36.09396354997188
9916,36.09396354997188
9916,36.09396354997188
9916,36.09396354997188
9916,36.09396354997188
9917,52.00285857086163
9917,52.00285857086163
9917,52.00285857086163
9917,52.00285857086163
9917,52.00285857086163
9918,52.0153004066378
9918,52.0153004066378
9918,52.0153004066378
9918,52.0153004066378
9918,52.0153004066378
9919,52.01211816883993
9919,52.01211816883993
9919,52.01211816883993
9919,52.01211816883993
9919,52.01211816883993
9920,36.03539237877236
9920,36.03539237877236
9920,36.03539237877236
9920,36.03539237877236
9920,36.03539237877236
9921,52.06943338805199
9921,52.06943338805199
9921,52.06943338805199
9921,52.06943338805199
9921,52.06943338805199
9922,51.99793196967223
9922,51.99793196967223
9922,51.99793196967223
9922,51.99793196967223
9922,51.99793196967223
9923,52.01734216675159
9923,52.01734216675159
9923,52.01734216675159
9923,52.01734216675159
9923,52.01734216675159
9924,52.0834895586723
9924,52.0834895586723
9924,52.0834895586723
9924,52.0834895586723
9924,52.0834895586723
9925,55.60227344968265
9925,55.60227344968265
9925,55.60227344968265
9925,55.60227344968265
9925,55.60227344968265
9926,71.49344296756149
9926,71.49344296756149
9926,71.49344296756149
9926,71.49344296756149
9926,71.49344296756149
9927,71.45737834670095
9927,71.45737834670095
9927,71.45737834670095
9927,71.45737834670095
9927,71.45737834670095
9928,71.42903900288611
9928,71.42903900288611
9928,71.42903900288611
9928,71.42903900288611
9928,71.42903900288611
9929,71.57768787725159
9929,71.57768787725159
9929,71.57768787725159
9929,71.57768787725159
9929,71.57768787725159
9930,71.5533930961709
9930,71.5533930961709
9930,71.5533930961709
9930,71.5533930961709
9930,71.5533930961709
9931,55.57859215750634
9931,55.57859215750634
9931,55.57859215750634
9931,55.57859215750634
9931,55.57859215750634
9932,55.59802507132923
9932,55.59802507132923
9932,55.59802507132923
9932,55.59802507132923
9932,55.59802507132923
9933,55.56404927959382
9933,55.56404927959382
9933,55.56404927959382
9933,55.56404927959382
9933,55.56404927959382
9934,55.63247137922322
9934,55.63247137922322
9934,55.63247137922322
9934,55.63247137922322
9934,55.63247137922322
9935,52.01140852614357
9935,52.01140852614357
9935,52.01140852614357
9935,52.01140852614357
9935,52.01140852614357
9936,52.202726067410836
9936,52.202726067410836
9936,52.202726067410836
9936,52.202726067410836
9936,52.202726067410836
9937,52.153612014012154
9937,52.153612014012154
9937,52.153612014012154
9937,52.153612014012154
9937,52.153612014012154
9938,52.134403184015504
9938,52.134403184015504
9938,52.134403184015504
9938,52.134403184015504
9938,52.134403184015504
9939,52.13683239731834
9939,52.13683239731834
9939,52.13683239731834
9939,52.13683239731834
9939,52.13683239731834
9940,52.06947020223085
9940,52.06947020223085
9940,52.06947020223085
9940,52.06947020223085
9940,52.06947020223085
9941,55.63742821612931
9941,55.63742821612931
9941,55.63742821612931
9941,55.63742821612931
9941,55.63742821612931
9942,75.14036774267382
9942,75.14036774267382
9942,75.14036774267382
9942,75.14036774267382
9942,75.14036774267382
9943,75.21108340810763
9943,75.21108340810763
9943,75.21108340810763
9943,75.21108340810763
9943,75.21108340810763
9944,75.27998528462052
9944,75.27998528462052
9944,75.27998528462052
9944,75.27998528462052
9944,75.27998528462052
9945,75.28891879985295
9945,75.28891879985295
9945,75.28891879985295
9945,75.28891879985295
9945,75.28891879985295
9946,75.27881691168139
9946,75.27881691168139
9946,75.27881691168139
9946,75.27881691168139
9946,75.27881691168139
9947,75.20508954124082
9947,75.20508954124082
9947,75.20508954124082
9947,75.20508954124082
9947,75.20508954124082
9948,75.14893077849129
9948,75.14893077849129
9948,75.14893077849129
9948,75.14893077849129
9948,75.14893077849129
9949,78.73655285029177
9949,78.73655285029177
9949,78.73655285029177
9949,78.73655285029177
9949,78.73655285029177
9950,78.7474955904865
9950,78.7474955904865
9950,78.7474955904865
9950,78.7474955904865
9950,78.7474955904865
9951,67.91520340132863
9951,67.91520340132863
9951,67.91520340132863
9951,67.91520340132863
9951,67.91520340132863
9952,48.40934794281556
9952,48.40934794281556
9952,48.40934794281556
9952,48.40934794281556
9952,48.40934794281556
9953,51.98900666032009
9953,51.98900666032009
9953,51.98900666032009
9953,51.98900666032009
9953,51.98900666032009
9954,51.93518382950536
9954,51.93518382950536
9954,51.93518382950536
9954,51.93518382950536
9954,51.93518382950536
9955,51.9476398290083
9955,51.9476398290083
9955,51.9476398290083
9955,51.9476398290083
9955,51.9476398290083
9956,71.52804791669254
9956,71.52804791669254
9956,71.52804791669254
9956,71.52804791669254
9956,71.52804791669254
9957,52.03849416855737
9957,52.03849416855737
9957,52.03849416855737
9957,52.03849416855737
9957,52.03849416855737
9958,91.23615590872457
9958,91.23615590872457
9958,91.23615590872457
9958,91.23615590872457
9958,91.23615590872457
9959,91.3441363076951
9959,91.3441363076951
9959,91.3441363076951
9959,91.3441363076951
9959,91.3441363076951
9960,91.38279811457099
9960,91.38279811457099
9960,91.38279811457099
9960,91.38279811457099
9960,91.38279811457099
9961,87.78371489445904
9961,87.78371489445904
9961,87.78371489445904
9961,87.78371489445904
9961,87.78371489445904
9962,87.72935926388372
9962,87.72935926388372
9962,87.72935926388372
9962,87.72935926388372
9962,87.72935926388372
9963,87.71450243873922
9963,87.71450243873922
9963,87.71450243873922
9963,87.71450243873922
9963,87.71450243873922
9964,87.71908131817992
9964,87.71908131817992
9964,87.71908131817992
9964,87.71908131817992
9964,87.71908131817992
9965,84.10783333549094
9965,84.10783333549094
9965,84.10783333549094
9965,84.10783333549094
9965,84.10783333549094
9966,68.04159486066453
9966,68.04159486066453
9966,68.04159486066453
9966,68.04159486066453
9966,68.04159486066453
9967,52.07931721728147
9967,52.07931721728147
9967,52.07931721728147
9967,52.07931721728147
9967,52.07931721728147
9968,51.95002772237863
9968,51.95002772237863
9968,51.95002772237863
9968,51.95002772237863
9968,51.95002772237863
9969,36.04493877721657
9969,36.04493877721657
9969,36.04493877721657
9969,36.04493877721657
9969,36.04493877721657
9970,36.07952689988126
9970,36.07952689988126
9970,36.07952689988126
9970,36.07952689988126
9970,36.07952689988126
9971,36.082550168779726
9971,36.082550168779726
9971,36.082550168779726
9971,36.082550168779726
9971,36.082550168779726
9972,36.064592259077415
9972,36.064592259077415
9972,36.064592259077415
9972,36.064592259077415
9972,36.064592259077415
9973,52.11368958503704
9973,52.11368958503704
9973,52.11368958503704
9973,52.11368958503704
9973,52.11368958503704
9974,52.09814416474774
9974,52.09814416474774
9974,52.09814416474774
9974,52.09814416474774
9974,52.09814416474774
9975,52.04318216269634
9975,52.04318216269634
9975,52.04318216269634
9975,52.04318216269634
9975,52.04318216269634
9976,36.0858566671353
9976,36.0858566671353
9976,36.0858566671353
9976,36.0858566671353
9976,36.0858566671353
9977,36.123066706178136
9977,36.123066706178136
9977,36.123066706178136
9977,36.123066706178136
9977,36.123066706178136
9978,36.05379627442736
9978,36.05379627442736
9978,36.05379627442736
9978,36.05379627442736
9978,36.05379627442736
9979,39.66015839107068
9979,39.66015839107068
9979,39.66015839107068
9979,39.66015839107068
9979,39.66015839107068
9980,39.686831591160875
9980,39.686831591160875
9980,39.686831591160875
9980,39.686831591160875
9980,39.686831591160875
9981,39.693179744712424
9981,39.693179744712424
9981,39.693179744712424
9981,39.693179744712424
9981,39.693179744712424
9982,55.66310149807707
9982,55.66310149807707
9982,55.66310149807707
9982,55.66310149807707
9982,55.66310149807707
9983,71.70674099616524
9983,71.70674099616524
9983,71.70674099616524
9983,71.70674099616524
9983,71.70674099616524
9984,71.73128680521421
9984,71.73128680521421
9984,71.73128680521421
9984,71.73128680521421
9984,71.73128680521421
9985,71.7303738043811
9985,71.7303738043811
9985,71.7303738043811
9985,71.7303738043811
9985,71.7303738043811
9986,71.72514622447892
9986,71.72514622447892
9986,71.72514622447892
9986,71.72514622447892
9986,71.72514622447892
9987,71.66074081302774
9987,71.66074081302774
9987,71.66074081302774
9987,71.66074081302774
9987,71.66074081302774
9988,71.54736046055814
9988,71.54736046055814
9988,71.54736046055814
9988,71.54736046055814
9988,71.54736046055814
9989,71.47245474667395
9989,71.47245474667395
9989,71.47245474667395
9989,71.47245474667395
9989,71.47245474667395
9990,35.93052769891874
9990,35.93052769891874
9990,35.93052769891874
9990,35.93052769891874
9990,35.93052769891874
9991,32.3200757954035
9991,32.3200757954035
9991,32.3200757954035
9991,32.3200757954035
9991,32.3200757954035
9992,32.392652611729225
9992,32.392652611729225
9992,32.392652611729225
9992,32.392652611729225
9992,32.392652611729225
9993,32.285829190890134
9993,32.285829190890134
9993,32.285829190890134
9993,32.285829190890134
9993,32.285829190890134
9994,32.30219823074143
9994,32.30219823074143
9994,32.30219823074143
9994,32.30219823074143
9994,32.30219823074143
9995,35.915115540882496
9995,35.915115540882496
9995,35.915115540882496
9995,35.915115540882496
9995,35.915115540882496
9996,35.93273222654262
9996,35.93273222654262
9996,35.93273222654262
9996,35.93273222654262
9996,35.93273222654262
9997,39.71980719826395
9997,39.71980719826395
9997,39.71980719826395
9997,39.71980719826395
9997,39.71980719826395
9998,36.12893984666847
9998,36.12893984666847
9998,36.12893984666847
9998,36.12893984666847
9998,36.12893984666847
9999,36.06475402210101
9999,36.06475402210101
9999,36.06475402210101
9999,36.06475402210101
9999,36.06475402210101
